DEBUT ITERATION : 0
4.33507785875 3.03400267714 3.14958187109 4.087039706 -646.540816048 148 0.49983338887
5.51289290851 3.65357788144 3.74828063941 5.25659533302 -93.2123520844 191 0.491642084562
7.00113817841 4.43910783538 4.52606167811 6.71201697622 322.872205883 247 0.483714930668
8.96410554896 5.41345518278 5.47102008228 8.71307317392 672.414022446 315 0.476039352586
13.4779003589 7.68387502013 7.720970837 13.2359231496 929.018434749 477 0.468603561387
10.3194722923 6.08991894017 6.13745601406 10.081016631 791.163746694 363 0.461396493387
10.537091989 6.20183205981 6.24877245531 10.2965792059 810.824923051 371 0.454407755226
10.1813376555 6.02013661787 6.06814064982 9.94271404822 783.839708801 358 0.447627573859
13.9261304902 7.95244270244 7.99885487937 13.6363818022 940.515415247 497 0.441046750956
15.3799467919 8.68905626994 8.7342017138 15.0852510206 951.160523202 550 0.434656621269
13.705477834 7.83921541896 7.88709852289 13.4201555885 922.861323668 489 0.428449014567
10.9736090483 6.46564597314 6.52590167289 10.6792144263 816.038367352 391 0.422416220783
8.03052778836 4.93670737882 4.99888646818 7.78462663832 555.4377675 281 0.416550958067
12.1481823563 7.06711745567 7.12347793715 11.8391925302 877.564456457 434 0.410846343468
14.4258545761 8.21224418741 8.26142688901 14.1319114664 929.800464388 516 0.405295865982
8.20667178998 5.06024721591 5.13736706069 7.91238289958 552.41361333 291 0.39989336177
11.2189624301 6.60069306408 6.66390689488 10.9090897773 817.183749724 401 0.394632991318
10.8515688832 6.39839765716 6.45683498696 10.5624862813 816.281388767 386 0.389509218385
13.6386943083 7.81031766831 7.85954457592 13.3430728558 925.488279398 487 0.384516790567
14.7736280932 8.40396924476 8.45593087863 14.4540398327 935.389057417 530 0.379650721336
9.69015251554 5.81900420476 5.88722338078 9.38819740331 723.354838459 345 0.374906273432
10.650697234 6.30914750428 6.3732408444 10.3447899428 795.723627694 380 0.370278943471
15.4865444041 8.74471720668 8.78995501241 15.1896690151 953.799662161 554 0.365764447696
12.2249815425 7.10655023945 7.16433730926 11.9217951595 869.147941102 437 0.361358708745
9.7548821764 5.84798093311 5.91451879776 9.46082764717 723.516533084 347 0.357057843371
12.0054465782 6.98533593773 7.04005259465 11.7149884727 871.404912866 428 0.352858151023
15.1080095805 8.5505651513 8.59558924884 14.814973269 950.879005342 540 0.348756103232
11.8492319897 6.90185857593 6.95652168792 11.5656377858 864.579459225 422 0.344748333716
11.3340268998 6.64837074051 6.70669438633 11.0380603683 840.295859691 404 0.340831629175
12.8084530509 7.39111955893 7.44273388706 12.5122478101 898.878743957 457 0.337002920692
11.9744292545 6.96106658733 7.01259626886 11.6919952651 879.41784905 426 0.333259275717
10.0405882923 5.99094310864 6.05413203855 9.74659712021 760.195269132 357 0.329597890574
10.4645324853 6.20217167093 6.26245178468 10.1796408301 792.495901962 372 0.32601608346
10.4985370817 6.21635783082 6.27593783036 10.2178470105 786.704799268 373 0.322511287895
12.0191314067 6.98690590638 7.03993342469 11.7333456807 870.659297962 428 0.319081046586
9.13262363674 5.5270818266 5.59560408091 8.84639198504 671.866750141 324 0.315723005683
7.09979364373 4.48415294604 4.56732512376 6.82376571925 345.940175084 250 0.312434909394
10.0603258925 6.00253989885 6.06736169494 9.76695021589 750.33279589 358 0.309214594929
14.4795901464 8.24177248181 8.29015641532 14.1770217799 941.862237943 518 0.306059987758
11.0312360569 6.49467888629 6.55422708217 10.7371968029 832.582989208 393 0.302969097152
13.4865289865 7.73847406215 7.78977000503 13.1876136055 917.608684643 482 0.299940011998
10.9301162275 6.44020648631 6.49868928694 10.6367631135 824.695462358 389 0.296970896852
12.3376765722 7.1624108373 7.21930020456 12.0323529646 869.002302905 441 0.294059988238
8.94774156116 5.42946303521 5.49829010558 8.66634793115 648.992117509 317 0.291205591147
12.1137004421 7.04126738808 7.09556079771 11.8190438235 876.491987125 432 0.288406075755
10.2703110603 6.1037118894 6.16508588653 9.9848768067 775.718509857 365 0.28565987431
13.0260860047 7.51265994218 7.56728668274 12.7164763738 899.333250317 466 0.282965478212
12.6509540596 7.30857786456 7.35968707478 12.363726311 898.698952778 451 0.280321435246
14.6789902728 8.3403647549 8.3874777122 14.3737286768 947.0374335 525 0.277726346973
11.9373865074 6.95623962925 7.01245919762 11.637473885 871.478880791 426 0.275178866263
9.93990609623 5.94529437468 6.01170535144 9.6377479563 737.711825163 354 0.272677694965
11.1645271529 6.56427946193 6.62353241444 10.865207524 832.67871168 398 0.270221581697
11.2318647951 6.60324460475 6.66449828599 10.9273472229 826.424909781 401 0.267809319764
12.7113853084 7.34772065106 7.40127569643 12.4104656288 899.591451385 454 0.265439745178
11.7772652907 6.87269625278 6.92880375618 11.4793338313 859.156559326 420 0.263111734783
8.95657332598 5.44077398672 5.51203947299 8.66006394002 643.909356468 318 0.260824204486
8.65292349655 5.27604504974 5.34548033264 8.37759361393 615.783773128 306 0.258576107568
14.4876489009 8.23090533335 8.27583305824 14.203649009 936.452148911 517 0.256366433088
14.3356582872 8.1602375234 8.20685177013 14.0416111449 939.541409509 512 0.254194204372
18.2471326989 10.1484802371 10.192137917 17.9298806797 972.307360655 655 0.252058477567
13.3696251265 7.6833127765 7.73477100181 13.0611341798 919.869973727 478 0.249958340277
8.29673255411 5.10368039914 5.17895311653 8.00432659928 564.55393548 294 0.247892910263
11.7409479802 6.85738396121 6.91499680799 11.4411452973 858.730374015 419 0.245861334208
9.89755307287 5.91879797873 5.98411369862 9.60272252254 738.383976335 352 0.243862786539
10.4183752948 6.18507049161 6.2483326604 10.1233681637 783.946078778 371 0.241896468312
10.6948647511 6.33544057673 6.40074986439 10.3846146592 794.243200545 382 0.239961606143
15.1341290899 8.56482549516 8.60951377317 14.838083668 949.50301935 541 0.238057451198
11.0284462703 6.50310241858 6.56698180637 10.7256486286 808.043740499 394 0.236183278224
12.0799818277 7.02597233289 7.08140181694 11.7810234257 867.984046533 431 0.234338384627
14.1344852575 8.07312108543 8.12358416082 13.8222136902 934.563805525 506 0.232522089599
12.6702617562 7.3314665633 7.38677292716 12.3657973783 889.007023705 453 0.230733733272
10.9805297963 6.47678196119 6.53947630562 10.6738925474 811.411036549 392 0.228972675927
9.54727351373 5.73783054347 5.80388701947 9.25901164035 711.038945305 339 0.227238297228
13.9492114566 7.97460522695 8.02592009465 13.6501554104 926.155475468 499 0.225529995489
16.0639666072 9.03766199993 9.08171916013 15.7654797379 958.865055863 575 0.223847186987
11.0066110282 6.48151834633 6.54035122539 10.7094655195 828.418125103 392 0.222189305288
8.61903666034 5.26137526095 5.33172571723 8.33955957408 611.357478921 305 0.220555800618
12.1734081933 7.06976788327 7.12353766559 11.8836962183 881.251757343 434 0.21894613925
14.1374292341 8.07287058569 8.12343131939 13.8292401308 934.190108446 506 0.217359802927
15.150997389 8.58841161379 8.63705574114 14.832556604 948.493591615 543 0.215796288304
14.0695368127 8.03290772857 8.08168905408 13.7648889989 931.217049182 503 0.214255106413
11.3055148477 6.62318518918 6.67888368653 11.028190267 839.759627814 402 0.212735782159
13.9631066065 7.97666037957 8.02606002523 13.6661820326 928.747246795 499 0.211237853823
13.6550412905 7.82275920129 7.87329447951 13.3568065062 921.660696519 488 0.209760872605
10.6300572814 6.29548616838 6.35894394382 10.3279063287 788.740549791 379 0.208304402166
11.3211681025 6.63627267478 6.69300596625 11.0352822848 845.291508503 403 0.206868018204
11.3069212416 6.63405380692 6.69260098338 11.0102252043 834.103523082 403 0.20545130804
11.4491294659 6.70390929157 6.76178032828 11.1622680869 840.726184071 408 0.204053870222
7.70365585797 4.79421985815 4.87253672589 7.42475143058 456.358736285 272 0.202675314147
10.2624607419 6.11186499507 6.17843369603 9.95650980078 762.489767104 366 0.201315259697
10.9167444151 6.43835448925 6.49852441765 10.6175344042 819.240525145 389 0.199973336888
10.8713075959 6.41128479975 6.47071761478 10.5795133468 816.920957398 387 0.198649185538
9.83539795099 5.88011974428 5.94292829909 9.55290817418 743.553583346 349 0.19734245494
16.6163190907 9.30564226087 9.34580047634 16.3250981039 969.650241906 594 0.196052803555
10.8915784125 6.43327998497 6.49724203489 10.5830836957 797.212119608 389 0.194779898714
12.4618322821 7.23049953884 7.28908285583 12.1479815505 875.134612595 446 0.193523416333
12.7250314761 7.34834466328 7.40078212992 12.4329116882 892.371949951 454 0.192283040636
11.8222466087 6.88837633372 6.94268626079 11.5355443988 860.825643396 421 0.19105846389
13.7032232907 7.85108388128 7.90141205064 13.3978634795 928.637669073 490 0.189849386154
11.3821086845 6.6745849151 6.73362076656 11.0857948297 830.192566279 406 0.18865551503
11.3116619397 6.62496472515 6.67922373642 11.0350584372 845.505637873 402 0.187476565429
6.39537079562 4.10118638941 4.17933196299 6.15459559432 200.881473193 222 0.186312259347
10.8280473863 6.39483921842 6.45646095776 10.5292370484 806.199441457 386 0.185162325639
7.73582386031 4.81865961026 4.90046473488 7.44098599329 457.159838589 274 0.184026499816
11.1486423998 6.55110619217 6.60935831532 10.8615895056 827.896907596 397 0.182904523839
10.2763135335 6.11425136377 6.17872575659 9.98144313621 770.590769645 366 0.181796145922
11.1637692762 6.563551985 6.62322430568 10.8682973214 829.61431442 398 0.180701120347
13.9290811664 7.96254753987 8.0120066861 13.6281500268 927.098431402 498 0.179619207281
8.52528795852 5.21722355148 5.28977444169 8.24048608751 594.079361159 302 0.178550172598
12.3453005997 7.16478082969 7.22034136326 12.0399170991 879.323262054 441 0.177493787717
7.73935607287 4.81042204835 4.88696607695 7.46333512801 474.949921709 273 0.176449829432
9.34177341429 5.63736747192 5.70629224401 9.04780866224 685.290156135 332 0.175418079757
11.6150838219 6.78877970601 6.84524771662 11.3221122507 849.679979634 414 0.174398325776
11.4382301565 6.69337724114 6.74857605971 11.1528535207 850.362291135 407 0.173390359496
14.6698089992 8.33722420311 8.38653894554 14.3724575764 936.264900089 525 0.172393977704
10.1615525118 6.04681301134 6.10908782928 9.88015337337 760.428318618 361 0.171408981831
11.1917559935 6.56821553332 6.62371505573 10.9034416594 839.740095178 398 0.170435177821
12.502143483 7.23697118631 7.2900999469 12.2074086703 890.083997852 446 0.169472376003
11.8021441854 6.88563103345 6.9424742714 11.5072363286 857.412157375 421 0.168520390967
7.95317574698 4.89527100455 4.957218114 7.7113739086 545.243256278 278 0.167579041448
12.5338409615 7.25119248034 7.30383502277 12.2426964007 891.357231264 447 0.166648150206
13.808799048 7.90459253366 7.95641294885 13.5052207237 919.481301764 494 0.165727543918
11.4061052274 6.678052438 6.73454635239 11.1232784349 846.332072592 406 0.164817053071
12.4575456354 7.21075241037 7.26237027589 12.1649888667 890.326563706 444 0.163916511857
14.6541005402 8.32729049544 8.37381460921 14.348366769 950.123379049 524 0.16302575807
12.9729243479 7.48582105966 7.53997355489 12.6638992847 904.057872132 464 0.162144633013
13.8275016971 7.90732694997 7.95665894702 13.5355786109 928.043111355 494 0.1612729814
12.4248749537 7.20518847551 7.26154702728 12.1265385081 875.283730735 444 0.160410651267
12.6203464429 7.29352481581 7.34561101196 12.3332334934 895.314163733 450 0.159557493884
8.42976068434 5.17283457559 5.24816098691 8.13394744918 577.152964872 299 0.158713363665
12.4403861327 7.20778071273 7.26184438837 12.1456787065 884.041047491 444 0.157878118093
10.4604710032 6.21187100582 6.27622119341 10.1542045263 786.223874015 373 0.157051617632
12.9607842957 7.47323355623 7.5259471961 12.661156732 901.008840076 463 0.156233725654
8.50447546732 5.20437121754 5.27628223797 8.22255096727 598.793666547 301 0.155424308362
12.4981146678 7.23642140704 7.29005867473 12.2016621639 889.726956502 446 0.154623234718
14.1740591083 8.07666055583 8.12331954677 13.8869726079 933.466603611 506 0.153830376372
12.0377732629 7.01040026223 7.06773501068 11.7330740603 870.964607792 430 0.153045607591
9.18396921493 5.55441560218 5.62323000828 8.89562086017 674.018674423 326 0.152268805197
13.1289972122 7.55745115787 7.60944928137 12.8299369997 907.156915022 469 0.1514998485
9.12907840476 5.51673891067 5.58180751936 8.85554150863 677.329198313 323 0.150738619234
14.2918523861 8.1443743098 8.19275767037 13.996504711 935.009077736 511 0.1499850015
11.0325015927 6.50434309406 6.56706843521 10.7233871812 813.0149174 394 0.149238881703
11.6348368221 6.8017596997 6.85937520142 11.3356333487 853.106075813 415 0.1485001485
9.86097980422 5.90399552637 5.97056623288 9.56135251132 738.041230814 351 0.14776869274
14.8589360074 8.4250508454 8.47075130316 14.5653003893 948.894748368 531 0.147044407411
14.8411745489 8.42310015441 8.47058072704 14.5349471443 946.152465991 531 0.146327187591
16.5373216354 9.27415843323 9.31763504932 16.2417955086 964.154841763 592 0.145616930395
14.3335046084 8.15845374892 8.20586176921 14.0445133083 928.777738675 512 0.144913534924
10.7067646247 6.32692207923 6.38717400928 10.4174648177 801.75007958 381 0.144216902221
11.6729468215 6.81698674583 6.87334162624 11.3792101569 855.191723841 416 0.143526935222
10.9934535554 6.47892189194 6.53984833841 10.6943091347 817.607925357 392 0.142843538711
15.5711966404 8.78757979193 8.83187416235 15.2698110381 959.044658216 557 0.142166619278
13.6704029057 7.83513855778 7.88704630132 13.3664332116 920.980064716 489 0.141496085275
12.5869740411 7.28984972149 7.34575821559 12.2817617036 895.577764609 450 0.140831846775
9.95203715756 5.94704876399 6.01190707003 9.65874955485 741.447268748 354 0.140173815531
5.97964527014 3.88754787108 3.97092756889 5.74017619404 74.0614311418 207 0.139521904939
9.7362821862 5.83588961864 5.90124983247 9.44115522578 730.375669679 346 0.138876029997
10.9195803522 6.43751545956 6.49784401942 10.6264692856 808.766621212 389 0.138236107271
10.3541115738 6.1448615241 6.20638512413 10.0730456809 775.989357575 368 0.137602054857
10.9396174998 6.45199320998 6.51258953127 10.6363852849 822.633351526 390 0.136973792348
13.4819755814 7.73922658697 7.79010753201 13.1740332685 918.730452727 482 0.136351240796
11.2855086949 6.62164928173 6.67913228259 10.9944181772 842.957199693 402 0.135734322686
11.8287346994 6.89943147747 6.95641985066 11.5327565599 859.609321781 422 0.135122961895
12.1943038753 7.07195870357 7.12356854288 11.9160078796 883.042390724 434 0.13451708367
14.8687755729 8.43593490763 8.48399996482 14.5722370807 941.985774268 532 0.133916614588
11.3114310628 6.64458798928 6.70596304126 11.0073189277 827.153330068 404 0.133321482535
7.77240670322 4.83478363586 4.91469067117 7.48158739189 472.221957114 275 0.132731616671
12.4486633924 7.21944338331 7.27570072944 12.1445476579 881.970147023 445 0.132146947406
14.4007030712 8.20925310859 8.26067044541 14.0876649454 921.673722235 516 0.131567406368
13.3245813037 7.65510538488 7.70661672784 13.0292419921 913.34081996 476 0.130992926382
13.5748134599 7.77129809945 7.81797590899 13.2914036594 924.304245686 484 0.13042344144
12.2820201164 7.13552312529 7.1922924988 11.9714960939 874.075678933 439 0.129858886676
10.2650010368 6.10247537309 6.16500711645 9.97844650762 774.626477814 365 0.129299198345
12.1531194943 7.05709887097 7.10992245068 11.8624217942 887.002575258 433 0.128744313793
11.3065164896 6.62434136856 6.67930428637 11.0231518119 848.692100831 402 0.128194171438
6.87262318743 4.36903033862 4.45568765136 6.59119206287 279.943352981 242 0.127648710748
11.4679526872 6.71651115678 6.77509396235 11.1729803809 834.634760589 409 0.127107872214
13.483230414 7.73832088224 7.7897046324 13.1796249254 912.779876494 482 0.126571597334
13.1919592965 7.59601325988 7.6503928456 12.8882107305 902.505276212 472 0.126039828586
17.351727412 9.69042615111 9.73383755239 17.0476444963 967.784141471 622 0.125512509413
6.62944948658 4.21742652853 4.29050987937 6.39424429177 268.916853966 230 0.124989584201
11.2785259523 6.6204940315 6.67913005043 10.9793354316 840.423649952 402 0.124470998257
12.4505185041 7.20956916871 7.26241274215 12.1576364424 890.276393801 444 0.123956697794
12.8115385134 7.39088320003 7.44251105656 12.5226660322 897.206785795 457 0.123446629907
15.0812406205 8.53633717279 8.58146127641 14.7889478917 949.959576801 539 0.122940742562
12.1563550607 7.05668003133 7.10936833764 11.8692070325 876.394594751 433 0.122438984573
16.3917363891 9.20456423911 9.24836051548 16.085439685 965.68470246 587 0.121941305585
10.6325017917 6.28656280701 6.34587384306 10.3441985909 805.548797916 378 0.12144765606
13.0458611111 7.5151242148 7.56748893584 12.7478576569 903.812782708 466 0.120957987259
14.3079847622 8.15640330553 8.20637225152 14.0019244082 931.43790746 512 0.120472251225
12.2427861318 7.09863565189 7.15102631033 11.9629366526 882.326660909 436 0.119990400768
14.0589463736 8.02162773828 8.0681243057 13.7606261389 937.333813331 502 0.119512389451
11.8847779601 6.91774148155 6.97062889406 11.5996346441 865.946083716 423 0.119038171574
16.0839900037 9.04982940127 9.0952473843 15.7830902063 960.651104932 576 0.118567702158
11.536162955 6.74790459157 6.80409739307 11.2413216766 854.018593466 411 0.118100936934
9.69194882775 5.81780090583 5.88616922828 9.3958515676 709.102662711 345 0.117637832327
12.4699763966 7.22284113141 7.27618321821 12.1739409462 890.193772631 445 0.117178345442
10.1260218758 6.03251857968 6.09574902215 9.83841121645 767.636156736 360 0.116722434052
11.2029514339 6.57881069915 6.63733828877 10.9140509969 834.472317063 399 0.116270056585
9.03598138152 5.48201723712 5.55351296056 8.74433923068 649.764042336 321 0.11582117211
12.7286140274 7.36009677451 7.41478858415 12.4219121877 893.190550041 455 0.115375740328
15.4571856549 8.7307061057 8.77607426746 15.1595064583 954.278880375 553 0.114933721554
14.9262798433 8.46611974852 8.51258879539 14.6204435326 951.149596151 534 0.114495076712
13.2726859292 7.6380265798 7.69216018607 12.9635544808 904.176545612 475 0.114059767318
10.6046602488 6.28174681329 6.3450254534 10.304663324 787.114537274 378 0.113627755473
11.0267045949 6.48299162262 6.5397221147 10.7464482886 821.454630942 392 0.113199003849
12.6445987569 7.31940486333 7.37372092328 12.3334844242 900.952294767 452 0.112773475679
7.5121838303 4.70530572008 4.78944193155 7.21779384723 418.591740011 266 0.112351134746
11.0327337741 6.49492877743 6.55424403136 10.7372391582 829.487945626 393 0.111931945377
13.8555764161 7.93281827984 7.98474762853 13.5427162005 930.620332347 496 0.111515872426
14.0032737501 8.00386742111 8.05382428592 13.692419773 928.178757821 501 0.111102881268
8.87931113545 5.39868791731 5.46976730186 8.58994645124 626.694328215 315 0.110692937791
11.5995233084 6.78582649904 6.84498992518 11.3040439707 845.246127392 414 0.110286008382
14.0599065333 8.03097572486 8.08134456949 13.7549851041 927.929101149 503 0.109882059922
10.4291496755 6.18629430057 6.24787528151 10.1419198502 776.300026184 371 0.109481059777
12.2096755289 7.08485289988 7.13751845523 11.9251857279 884.077438098 435 0.109082975784
12.0442580796 7.00128546096 7.05414211678 11.7528099085 876.750371856 429 0.108687776248
10.2966877967 6.12776028526 6.19289982543 9.9913946225 774.33832196 367 0.108295429933
13.4386969437 7.71252505479 7.76237747104 13.1398362981 919.696834606 480 0.10790590605
9.45204984982 5.70343554698 5.77584011992 9.14306282814 693.591348029 337 0.107519174253
12.4965404715 7.23614634447 7.28984655723 12.2004873567 886.403298047 446 0.107135204628
8.33221471032 5.11866968438 5.19250661268 8.0445900347 566.048040527 295 0.106753967689
13.9234481697 7.96088060734 8.01178910127 13.622164581 922.421124894 498 0.106375434366
13.373778881 7.68251384973 7.7344287961 13.0724280362 915.397505305 478 0.105999576002
13.0118045441 7.49013503153 7.54014283429 12.7230488028 908.695349515 464 0.105626364341
10.1710961933 6.04946043307 6.10973950689 9.88715504087 773.454991533 361 0.105255771525
12.1167870884 7.04132855249 7.09583378065 11.8253229138 879.029736996 432 0.104887770086
12.286018426 7.12607586212 7.17898077626 11.9909942923 883.637851899 438 0.104522332938
10.3881964376 6.16966450049 6.23385884068 10.0960362811 773.046364547 370 0.104159433373
13.4658771601 7.73659005031 7.78994062951 13.1524463377 916.89712306 482 0.103799045049
11.9828204232 6.97192831271 7.02617387008 11.6931379115 871.07638331 427 0.10344114199
9.63620144933 5.78105343106 5.84575842846 9.35303013558 727.524352975 342 0.103085698577
12.7782517148 7.36676771851 7.41536846159 12.4958954738 906.33319738 455 0.102732689542
11.4481935497 6.71364966027 6.77485659025 11.1432836647 827.386537193 409 0.10238208996
12.4889431434 7.22564970129 7.27659982636 12.1983823402 899.073115368 445 0.102033875247
10.9478049459 6.45144999512 6.51185057583 10.6555407299 811.819887737 390 0.101688021151
10.4064137554 6.18316823765 6.24789221724 10.1054052136 772.146133165 371 0.10134450375
9.715379222 5.82274816845 5.88741103973 9.42835985019 733.690871645 345 0.101003299441
7.99363682096 4.94766740586 5.0257970725 7.70846018469 512.517193925 283 0.100664384941
14.2640250159 8.12055396676 8.16550462599 13.9742220523 944.949896371 509 0.100327737275
9.90510918118 5.91987865187 5.98424233253 9.61872760264 741.294367135 352 0.0999933337777
11.0528605062 6.50776097994 6.56775818233 10.7564491553 823.429726757 394 0.0996611520829
10.6207615761 6.27448405443 6.33182256287 10.3446076784 804.499081049 377 0.0993311701212
10.8464317996 6.40713297117 6.47027398939 10.5416228052 804.462056562 387 0.0990033661144
9.89072965647 5.90831093695 5.97055576726 9.60491973837 742.08098476 351 0.0986777185711
13.3954053268 7.68501872731 7.73440680235 13.1057695244 915.460754029 478 0.0983542062816
14.2604997071 8.11915542907 8.16513408588 13.97492848 936.41804888 509 0.0980328083132
14.335584612 8.16070061942 8.20689562041 14.043262119 940.785428891 512 0.0977135040063
13.426446682 7.71097485067 7.76223433212 13.1186364559 916.245882931 480 0.0973962729693
11.7635652042 6.8603158311 6.9150613499 11.4762529987 862.220228446 419 0.0970810950748
11.5969210268 6.78649380347 6.84517896245 11.2906415185 845.865467103 414 0.0967679504548
11.9630855399 6.97014828223 7.02619457587 11.6579701105 868.733950082 427 0.0964568194971
13.9260273761 7.96183336174 8.01228211226 13.6245182668 930.574517122 498 0.0961476828408
11.4972174561 6.73205709641 6.78993382073 11.1995831471 846.14977107 410 0.0958405213724
12.4142689801 7.19450049677 7.24828448758 12.1159156537 886.457919273 443 0.0955353162219
11.8590159129 6.91389957144 6.97028284266 11.5634148508 857.559726254 423 0.0952320487588
11.1492262543 6.56135367302 6.62301422406 10.8452943504 820.846090917 398 0.0949307005886
14.8560701832 8.42515958545 8.47079433163 14.5621212527 949.018452891 531 0.0946312535487
13.1373913959 7.55897990476 7.60963570152 12.8387532404 912.01952714 469 0.094333689705
12.8401579561 7.40519759178 7.45671463993 12.5539588897 903.173530668 458 0.0940379913485
10.5049596327 6.22775939671 6.28995248102 10.2096405266 786.533887842 374 0.0937441409912
16.3327838976 9.16505969042 9.20671041392 16.0421649114 963.356670726 584 0.0934521213632
9.50229674333 5.71165062781 5.77629173317 9.21675531591 712.760763869 337 0.093161915409
13.402513393 7.68606775449 7.73452747005 13.1163189493 916.741215834 478 0.0928735062844
10.8018512083 6.38179509395 6.44304755853 10.4996814003 814.119715959 385 0.0925868773532
8.36574580909 5.13388099749 5.2067274034 8.08670815759 578.986036529 296 0.0923020121839
13.4949431185 7.72935318822 7.77603112519 13.213683257 919.578466341 481 0.0920188945463
12.4764012467 7.23350767591 7.28959428122 12.1732639336 882.401007409 446 0.0917375084093
11.2320068658 6.60323445832 6.66438773748 10.9262142422 825.534132285 401 0.0914578379367
7.97583713636 4.93513171042 5.01167567621 7.69654079385 508.041919278 282 0.0911798674853
14.680622607 8.3400680343 8.38712124679 14.3834863094 940.686474639 525 0.0909035816011
10.1575114772 6.0462992299 6.10896469221 9.87284384201 755.053006214 361 0.0906289650172
10.125829845 6.03193540921 6.09511397838 9.84045479975 755.943577683 360 0.0903560026504
11.4331854427 6.69256645116 6.74843212819 11.1459941986 847.29217019 407 0.0900846795988
12.5344247511 7.25247370773 7.30431112264 12.23729575 899.37340336 447 0.0898149811389
12.407145371 7.2026878878 7.26108972678 12.0977821562 870.392360246 444 0.0895468927228
16.4085009426 9.22546054151 9.27388438758 16.0906583171 949.154712575 589 0.0892803999762
9.35172877329 5.64949941879 5.72056571643 9.04465606807 688.929857069 333 0.089015488695
8.41773746886 5.17106563777 5.24813297256 8.11695281172 573.146716098 299 0.0887521448435
15.2992328365 8.65842119116 8.70618956104 14.9942468835 946.199890088 548 0.0884903545514
11.8536219325 6.9136147603 6.97046834764 11.5559520034 864.456183313 423 0.0882301041115
15.9093524234 8.96494273534 9.01168723481 15.6033895368 956.209680121 570 0.0879713799777
13.9946493485 7.98103693728 8.02638298834 13.7105860245 933.970406669 499 0.0877141687621
11.1209504323 6.53727184548 6.59560644689 10.8293158114 828.947918168 396 0.0874584572328
9.89979252384 5.91888193492 5.98416817992 9.60922273179 736.126136461 352 0.0872042323121
10.6935105471 6.31410007645 6.37299542388 10.4163387593 798.936514283 380 0.0869514810736
9.90638565614 5.91923184197 5.98383103971 9.62322542042 734.258125734 352 0.0867001907404
8.92108111846 5.41554139677 5.48453769787 8.64349502751 649.536858407 316 0.0864503486831
7.20941370892 4.54044290465 4.62260895991 6.92967092419 358.331603541 254 0.0862019424171
10.5868729973 6.25925796301 6.31777934757 10.3092770791 797.140516697 376 0.0859549596012
12.6686205053 7.32050413873 7.37302222026 12.3760433873 889.072939355 452 0.085709388035
10.7700495885 6.35536355966 6.41457640413 10.4895543763 800.676009013 383 0.0854652156572
8.60719471883 5.25897702229 5.33140142323 8.32249573473 602.901273858 305 0.0852224305437
12.7930966642 7.37813836722 7.42867858663 12.508465565 896.766734121 456 0.0849810209053
10.5424032611 6.24351325233 6.30413212712 10.2519865785 797.94441727 375 0.0847409750862
13.6991879664 7.83829595101 7.88693373753 13.4110063322 919.390188129 489 0.0845022815616
16.9920727891 9.50999089773 9.5533646116 16.6848091469 965.493991638 609 0.0842649289366
13.0974941093 7.54226691192 7.59488376292 12.7974743139 899.916043681 468 0.0840289059436
8.40105144078 5.15856011759 5.2342315306 8.10712640506 573.887983355 298 0.0837942014413
9.98719359246 5.97150418606 6.0391454721 9.68425692932 735.206781422 356 0.083560804412
11.0718883045 6.51005242481 6.56788400956 10.7857026027 827.70415605 394 0.0833287039609
10.9506908423 6.44230569032 6.49861351449 10.6739738771 826.366361745 389 0.0830978893136
7.93436774146 4.91882368224 4.99785932418 7.64177668119 496.371542599 281 0.0828683498149
13.5686888364 7.77002716112 7.81801256458 13.2805859224 923.822837178 484 0.082640074927
11.3134998718 6.63525429279 6.69257688173 11.0202308942 833.978144699 403 0.0824130542278
12.2057310947 7.09467708307 7.15107788644 11.903262841 876.923996016 436 0.0821872774095
12.2199245739 7.10689836604 7.164743415 11.9088917701 874.201263748 437 0.0819627342768
10.7731945485 6.36692577325 6.42866403235 10.4733534394 801.633359036 384 0.0817394147458
12.2889710534 7.12602675137 7.1787616024 12.0010919517 880.328010505 438 0.0815173088419
13.0072196459 7.48992084051 7.54018992947 12.7159925905 909.598974419 464 0.0812964066988
15.543914904 8.78325414961 8.83100745814 15.2324354051 949.551978329 557 0.0810766985568
11.8985423989 6.92942509823 6.98437954133 11.6129937118 864.491470803 424 0.0808581747615
12.8775335635 7.43089860571 7.48415655267 12.5776887909 898.439511455 460 0.0806408257621
11.3093169037 6.63431721341 6.69280471167 11.0185830632 838.752826079 403 0.0804246421103
11.7566966601 6.87000171792 6.92900018232 11.4453150925 860.23597883 420 0.0802096144591
12.523824996 7.26060442012 7.31739941382 12.2114662174 885.684886951 448 0.0799957335609
8.90119807798 5.41219745323 5.48407346569 8.60968603297 635.905942963 316 0.0797829902665
9.68620533623 5.80921989368 5.87375546799 9.39289878692 734.641939636 344 0.0795713755238
11.205824655 6.57970356589 6.63719568319 10.9130383375 832.051175655 399 0.0793608803767
10.8020912764 6.38066104809 6.44249708966 10.5033832243 804.4178605 385 0.0791514959633
9.4713868383 5.706480051 5.77580944183 9.17116065835 697.118498732 337 0.0789432135151
14.4734774151 8.2403180094 8.28967640645 14.1702118237 936.832663206 518 0.0787360243557
13.821618346 7.90705344917 7.95685551644 13.5236215741 928.46871012 494 0.0785299198995
11.4921892143 6.73172626312 6.79002057077 11.1888757373 844.806153727 410 0.0783248916506
10.9254616121 6.43904897733 6.49842847473 10.6346244427 817.165313212 389 0.0781209312015
16.0777127838 9.05021876998 9.09545441129 15.7714764692 960.284760495 576 0.0779180302322
11.2523887467 6.60615696028 6.66473712677 10.9567689593 831.337641351 401 0.0777161805088
13.2649722745 7.62730427511 7.67892912435 12.9658879712 911.884944352 474 0.0775153738825
11.0762114603 6.51941379983 6.58096093033 10.784298243 814.93891109 395 0.0773156022885
13.2975417249 7.64212379066 7.6929405024 12.9966097267 914.007956714 475 0.0771168577451
8.29702358814 5.1120912019 5.19209528249 7.99284820474 545.733797928 295 0.0769191323522
7.52619776152 4.70810201242 4.789551021 7.24042517213 427.112156246 266 0.0767224182906
8.3677512953 5.134596486 5.20698632192 8.08603984479 584.677296025 296 0.076526707821
15.66885864 8.84243947635 8.88753026708 15.3596839161 961.315688884 561 0.0763319932828
12.8686594829 7.4201303581 7.47092484338 12.5754756719 906.640754467 459 0.076138267093
14.7519139717 8.37972774383 8.42845103274 14.44882769 939.412252618 528 0.0759455217457
14.1749515946 8.08818654878 8.13731390141 13.8724259743 934.772773908 507 0.0757537498106
15.7991104202 8.91004950525 8.95645069536 15.4912967079 956.050870122 566 0.0755629439323
8.20162845668 5.04897273148 5.12294352721 7.92245786934 545.073323298 290 0.0753730968293
14.2630056459 8.13007704993 8.17887593201 13.9671201709 934.904322355 510 0.0751842012932
13.9547354228 7.97550129339 8.02582207119 13.6587602966 924.641937708 499 0.0749962501875
14.7662339095 8.38235750445 8.42900182895 14.4694092577 947.032254135 528 0.0748092364471
11.3886470961 6.67553340319 6.73402826036 11.0975083947 836.234583107 406 0.074623153077
9.47000747864 5.6964325374 5.76223106958 9.18888787175 705.975623597 336 0.0744379931517
15.8877019501 8.9426951539 8.98477908668 15.591635061 964.426454184 568 0.0742537498144
13.5482215541 7.77740168138 7.83104819789 13.2404262706 912.941389672 485 0.0740704162757
11.44778728 6.70495283234 6.76225492613 11.156149079 846.211657756 408 0.0738879858135
14.8070569193 8.39837169579 8.44309352414 14.5118667683 950.180501985 529 0.0737064517714
8.89681639992 5.41196473236 5.48428122009 8.6008823938 637.103770054 316 0.0735258075585
13.708956501 7.85099857162 7.90127637509 13.4061925688 926.655909826 490 0.0733460466481
15.358266539 8.67652472562 8.72086197701 15.0681506651 957.474802159 549 0.0731671625774
11.4421081932 6.6940298214 6.74877954473 11.1588610599 854.397411395 407 0.0729891489465
11.5680544316 6.77138188843 6.83101488992 11.2694860126 840.77091115 413 0.0728119994175
10.8291231601 6.38441234846 6.4427830009 10.5476094467 811.717185627 385 0.0726357077139
13.6191315709 7.80622955769 7.85836839847 13.3227657745 908.559735304 487 0.0724602676199
12.68535365 7.32281183015 7.37336514777 12.4028760167 895.266540472 452 0.0722856729796
10.001549339 5.96416683053 6.02623904825 9.7216819234 757.416920837 355 0.0721119176963
14.5804648451 8.28441108522 8.33144143158 14.2931763518 940.197691662 521 0.0719389957316
13.6960328076 7.84861723294 7.90083157302 13.3905605084 919.576590012 490 0.0717669011052
8.0760947649 4.9813315651 5.05412655806 7.80031833858 539.4150501 285 0.0715956278937
14.3710924511 8.18494645807 8.23392160583 14.0711334717 932.044481234 514 0.07142517023
10.5746295609 6.25790641659 6.31778061088 10.2880124086 793.836568095 376 0.071255522303
10.6735130688 6.31283610058 6.37350213745 10.3780137405 804.501720647 380 0.0710866783565
11.3612875559 6.67206600589 6.73409684138 11.0539694192 832.663523796 406 0.0709186326888
11.7908694766 6.88481363606 6.94266077986 11.4875348531 858.022472023 421 0.0707513796519
6.3730939324 4.11193681157 4.20493507243 6.09481375986 142.213224931 224 0.0705849136511
11.7633090464 6.86034957452 6.91523036485 11.476991406 864.636178296 419 0.0704192291442
11.9805013591 6.97153533311 7.0259958079 11.6938922986 868.584507462 427 0.0702543206407
10.558680445 6.25579651797 6.31775308828 10.2604528919 791.118210928 376 0.0700901827017
13.6758707044 7.82562216206 7.87359586189 13.3877835266 927.588182806 488 0.0699268099389
13.2295884038 7.60111843595 7.65111139148 12.9414852391 913.229875045 472 0.0697641970141
9.66086536532 5.79414574598 5.85918936359 9.37551936893 719.831903108 343 0.0696023386386
11.82692267 6.90005696689 6.95685924176 11.5254282822 865.840699481 422 0.0694412295727
8.27297772844 5.05236294538 5.10999808766 8.03991498781 599.063438572 289 0.0692808646252
10.0647282756 6.00327062035 6.06766102849 9.77133398748 754.37656086 358 0.0691212386526
9.23466250635 5.58234882216 5.65106614159 8.94065733075 679.609460485 328 0.0689623465588
6.71284146621 4.28553226375 4.37288131824 6.43786717664 252.870026691 236 0.0688041832943
10.632219138 6.29636225356 6.3592470895 10.3351606645 796.059296616 379 0.0686467438561
10.6826141976 6.32356907621 6.38675069895 10.3795829406 791.373515666 381 0.0684900232866
12.9592641145 7.47260399343 7.5258230933 12.6591377568 898.581776318 463 0.0683340166735
14.2289196575 8.11487480077 8.16446464967 13.9306653943 929.306494368 509 0.0681787191491
12.1388278421 7.0545218484 7.10927807302 11.8423656968 872.376475575 433 0.06802412589
11.3595081135 6.66105609336 6.71961453277 11.0664201681 828.059577206 405 0.0678702321162
11.2368857892 6.60451384725 6.66484997543 10.9295208696 829.817515082 401 0.0677170330911
14.0087532644 8.00382735156 8.05376145986 13.7063447494 929.922032763 501 0.0675645241205
13.3262290198 7.65502982041 7.70620535875 13.0303850007 909.220909613 476 0.0674127005528
12.7443085658 7.36064639901 7.41435598616 12.4528951121 888.07243853 455 0.0672615577777
12.811980519 7.39166910776 7.44295349909 12.5209951693 902.167740181 457 0.0671110912263
13.0748132807 7.53005786811 7.58172815629 12.7740060013 909.202112269 467 0.0669612963707
9.91245477525 5.9401404731 6.01104400129 9.59869785102 721.719258986 354 0.066812168723
6.71013277721 4.29299957654 4.38597658527 6.41853398344 234.664993321 237 0.0666637038354
13.849281938 7.92190206125 7.97077459693 13.5439474545 930.561441218 495 0.0665158972995
12.7227167136 7.34853719621 7.40084864707 12.431121089 893.564577884 454 0.0663687447458
12.7934184295 7.39939613483 7.45610720609 12.4801098675 890.525803342 458 0.0662222418436
10.5050380851 6.2179196796 6.27633672161 10.2276662024 796.169870876 373 0.0660763843003
7.59858675858 4.74852609523 4.83126925701 7.30626964265 438.450197835 269 0.0659311678608
15.1555288545 8.57877278449 8.62361883706 14.8534815751 954.415121157 542 0.0657865883075
9.61308809909 5.77652442453 5.84446721948 9.31666703604 700.464481153 342 0.0656426414599
11.3025057655 6.6229658405 6.67870499177 11.0224098234 836.368005376 402 0.0654993231737
11.174841379 6.56527581893 6.62331963566 10.8823040634 831.229218188 398 0.0653566293408
DEBUT ITERATION : 1
4.17482103083 2.94771761686 3.06603524565 3.93496691345 -723.414476554 142 0.49983338887
38.6168794814 20.2385636182 20.2486967919 38.4195352989 995.834423192 1379 0.491642084562
14.4704807994 8.16305471744 8.19332276951 14.2548846823 952.861904388 511 0.483714930668
38.7001593429 20.2802342041 20.2903926947 38.5027051589 998.210024631 1382 0.476039352586
6.23947273569 4.01726521814 4.09565538635 6.00478902977 143.056630044 216 0.468603561387
27.865289791 14.9221072868 14.9433155814 27.6006316824 997.159016505 997 0.461396493387
5.22404454859 3.499158144 3.59571050008 4.97877313286 -210.478852748 180 0.454407755226
5.31277169607 3.53520254281 3.62355601789 5.08826149094 -154.867224208 182 0.447627573859
5.51697704431 3.65460477921 3.74799585872 5.26065144584 -99.7362830911 191 0.441046750956
5.92446242409 3.85041820036 3.92932443365 5.69916682009 67.6246059148 204 0.434656621269
9.42847756793 5.64169988894 5.69327062006 9.18858311095 729.703480739 331 0.428449014567
5.50012100292 3.63472927505 3.72103967778 5.2692081436 -69.5252043255 189 0.422416220783
4.75649074544 3.25398693293 3.35886635485 4.51235175951 -435.476013403 163 0.416550958067
4.76432616269 3.25622005031 3.35912890358 4.52401938637 -424.800584442 163 0.410846343468
10.4078590547 6.14461023588 6.19330314494 10.1528864979 806.488646861 367 0.405295865982
15.0338397554 8.46660177782 8.49885915119 14.7891120309 963.848948122 533 0.39989336177
4.59329213796 3.16036181573 3.26173095793 4.36945871829 -483.661581785 156 0.394632991318
10.530013423 6.17970064122 6.22110399778 10.3149099137 811.055603705 369 0.389509218385
4.91546220902 3.33103253326 3.42833644166 4.68634591506 -340.58273279 168 0.384516790567
6.56287146018 4.19645792961 4.27656508571 6.30243543633 248.49033087 229 0.379650721336
5.05028929484 3.40269722153 3.49825083394 4.8174118434 -276.710852199 173 0.374906273432
5.11148825356 3.43289165055 3.52611349637 4.88147813404 -249.234230892 175 0.370278943471
8.004552013 4.92336633929 4.98496017627 7.7591116935 565.38507928 280 0.365764447696
7.43409935097 4.63802796241 4.7069751861 7.18005107799 446.877259286 260 0.361358708745
8.11794280039 4.97912623252 5.04040215868 7.87720174233 564.75977175 284 0.357057843371
5.35706990689 3.56139937246 3.6512458052 5.12464828359 -148.181008724 184 0.352858151023
9.62427361017 5.74037530147 5.79051508832 9.3824669711 747.935047133 338 0.348756103232
9.2600798059 5.56781329461 5.62387739999 8.99983975521 711.735348799 326 0.344748333716
9.27056062284 5.5689153657 5.62373867668 9.01662755166 709.204122222 326 0.340831629175
7.85319503458 4.85062427233 4.9155223785 7.59828316801 526.421376984 275 0.337002920692
5.37286091403 3.5730957035 3.6650866161 5.13225230109 -155.323212168 185 0.333259275717
10.5613000652 6.21581769445 6.26269431668 10.3154669225 813.103438829 372 0.329597890574
12.865997441 7.365823559 7.40165770774 12.6370556922 919.085864106 454 0.32601608346
5.63690651118 3.70511475075 3.79024335777 5.40689494092 -36.0302716752 194 0.322511287895
5.53361891206 3.64977529203 3.73484468678 5.30776297889 -61.3908210574 190 0.319081046586
6.2305201495 4.00740639595 4.08212297175 6.00341322892 157.564881196 215 0.315723005683
4.79834748706 3.27207342933 3.37298036243 4.56232481466 -405.585428425 164 0.312434909394
6.46292006453 4.12287991883 4.1933007147 6.24358942203 234.367784249 223 0.309214594929
9.64239597798 5.75328330261 5.80443353145 9.39373074455 751.590378418 339 0.306059987758
8.09193516511 4.96596240723 5.02655542873 7.84777316745 564.975278545 283 0.302969097152
5.50143770072 3.63447126364 3.72082227026 5.27101954127 -93.8051640424 189 0.299940011998
5.1284244144 3.44459392942 3.53988839148 4.89209123143 -246.818824649 176 0.296970896852
5.61550843716 3.70140391172 3.79045350669 5.37065998413 -48.0039180992 194 0.294059988238
5.85501638361 3.82801031992 3.91536935723 5.60121582136 37.752657876 203 0.291205591147
6.12954192495 3.96136740185 4.0404681975 5.89240795046 119.556082519 212 0.288406075755
5.30667253534 3.54195640041 3.63722396494 5.06029590785 -185.187607246 183 0.28565987431
9.53032153979 5.67513820133 5.72108938703 9.31780594774 732.275433535 333 0.282965478212
7.94534947887 4.89452741687 4.95716728229 7.69627826459 546.319600888 278 0.280321435246
5.07051299124 3.40755240293 3.49856116708 4.84977678034 -246.522398103 173 0.277726346973
4.83093686815 3.28776272057 3.38696271451 4.5993601631 -377.976910191 165 0.275178866263
5.84794550796 3.81794782561 3.90163175331 5.60847127165 40.9486919054 202 0.272677694965
6.75382051672 4.28633398459 4.35987855973 6.50597687537 307.609640921 235 0.270221581697
8.75332820379 5.30346504978 5.35990814856 8.50575180644 654.726736658 307 0.267809319764
12.1856232564 7.01785460092 7.05443653876 11.9644181699 894.779522648 429 0.265439745178
10.9634943644 6.41389814232 6.45720812362 10.7261689102 848.933779134 386 0.263111734783
5.82004863276 3.80266147897 3.88720186346 5.5821863656 6.80423091112 201 0.260824204486
5.97076199256 3.86858987507 3.94298891225 5.75503517394 110.117795458 205 0.258576107568
7.98695670962 4.9106437556 4.97110559931 7.7480363676 559.243876307 279 0.256366433088
6.99844440567 4.41297333778 4.48497243775 6.74923059561 362.716419231 244 0.254194204372
10.3287698759 6.09175244076 6.13762866932 10.0946681214 798.404309023 363 0.252058477567
6.13394414666 3.95374844761 4.02660893024 5.91577789466 163.791451142 211 0.249958340277
9.18215990444 5.5159341785 5.56831176015 8.94229698076 710.414351352 322 0.247892910263
