DEBUT ITERATION : 0
3.4788887634 2.57030056914 2.70284711507 3.24530567116 -1194.8806387 116 0.49983338887
4.73335642653 3.22576790937 3.31785354151 4.52241416548 -396.309833396 160 0.491642084562
4.17217043722 2.93416968853 3.03974632081 3.95440925225 -694.307670699 140 0.483714930668
4.09573745631 2.89193714566 2.99781886703 3.88201155786 -738.755302939 137 0.476039352586
3.94725703163 2.80910292245 2.91451085176 3.74250181335 -832.165153163 131 0.468603561387
7.72624207479 4.81012328294 4.88772961337 7.43664086162 492.296075049 273 0.461396493387
3.97686526038 2.82410216267 2.92829820248 3.7743945059 -806.212002144 132 0.454407755226
5.84927469738 3.84113375308 3.94092040722 5.57118201902 -12.7566608911 205 0.447627573859
4.79566158909 3.27183944739 3.37316179215 4.55613127399 -394.537253815 164 0.441046750956
7.01383399435 4.44034865882 4.52407607828 6.73730779942 300.163975002 247 0.434656621269
7.99536566919 4.9478284535 5.02520347715 7.70429502006 507.24128182 283 0.428449014567
5.37340903842 3.58108872854 3.67870194355 5.11836662032 -168.406432964 186 0.422416220783
5.87254931411 3.83071150169 3.91501326854 5.63448123692 23.8225552996 203 0.416550958067
4.82091928809 3.29236023949 3.39998281078 4.56812097326 -414.628368078 166 0.410846343468
4.95031070037 3.36215322509 3.46920168189 4.69358934265 -361.719289888 171 0.405295865982
5.10807154402 3.44751437907 3.55331642181 4.84797362884 -264.029930256 177 0.39989336177
5.24166961329 3.51878211515 3.62301134539 4.97558006665 -219.11524396 182 0.394632991318
4.72422524521 3.25283251115 3.37216415813 4.44699218181 -471.605610728 164 0.389509218385
10.1413069487 6.03550177371 6.09541940022 9.85392073264 761.595503836 360 0.384516790567
4.92959594976 3.35762871245 3.46973118132 4.66080094245 -359.902638114 171 0.379650721336
4.49750644155 3.1277246153 3.247019467 4.23334098594 -575.374669636 155 0.374906273432
5.78482520529 3.79551562555 3.88717153338 5.53068531267 0.970336337992 201 0.370278943471
5.03167320813 3.41325228968 3.52517446785 4.75814902607 -317.345782234 175 0.365764447696
5.09823670362 3.43740384415 3.53943008395 4.84813153654 -266.480031145 176 0.361358708745
4.89609353209 3.34159671041 3.45575740214 4.62341562821 -379.765462154 170 0.357057843371
4.742155425 3.25766996054 3.37239039312 4.47653511302 -446.50764134 164 0.352858151023
5.08903498814 3.43506358691 3.53938661303 4.83423434012 -276.27787028 176 0.348756103232
4.86392884569 3.31820690972 3.42781691523 4.60604291622 -380.669509866 168 0.344748333716
4.65605986047 3.21310793608 3.33039120142 4.38904527559 -493.337905736 161 0.340831629175
4.83799578535 3.30456750383 3.414329091 4.5812983839 -385.823755401 167 0.337002920692
4.91689102641 3.35428252297 3.46959836286 4.63957269899 -375.87161237 171 0.333259275717
4.77094503911 3.27231912844 3.38608927122 4.50678937301 -435.182199825 165 0.329597890574
4.82041218386 3.29256688728 3.40029954777 4.56899773662 -397.280453098 166 0.32601608346
5.18357371925 3.48144226331 3.58140707576 4.9339780264 -225.962254795 179 0.322511287895
4.77382449448 3.2725601716 3.38565834375 4.51225929797 -434.839639796 165 0.319081046586
5.73543349035 3.77642930821 3.87309823924 5.46581852111 -37.5845752887 200 0.315723005683
5.4297111442 3.61810436717 3.72024531299 5.16036031464 -153.009433977 189 0.312434909394
4.81250506017 3.2902814627 3.40005867259 4.55589938574 -412.06577237 166 0.309214594929
4.7827268231 3.28277462664 3.40000111169 4.50747677646 -438.908989366 166 0.306059987758
5.53919643667 3.67560996095 3.77599303633 5.2688102539 -103.670895465 193 0.302969097152
5.1625636323 3.47628750055 3.58118972245 4.89975823243 -251.620955403 179 0.299940011998
5.56886173048 3.68243721941 3.7762617719 5.31672639932 -71.5584521144 193 0.296970896852
4.53835358618 3.14583544856 3.26110869576 4.28354996501 -537.289570557 156 0.294059988238
4.83332281356 3.30361723928 3.41442877913 4.56999101923 -404.045124944 167 0.291205591147
4.83891162798 3.30464864236 3.4141838128 4.58370436424 -384.372625981 167 0.288406075755
4.65505548697 3.21276434361 3.33029169143 4.38811984873 -492.119723587 161 0.28565987431
4.95854519227 3.35710268909 3.45633020698 4.72191539976 -327.260735404 170 0.282965478212
5.36726886623 3.57885506134 3.67785971076 5.11069851258 -184.501405079 186 0.280321435246
5.13281772627 3.45246094961 3.55269258591 4.88771185389 -269.871120774 177 0.277726346973
4.96768207964 3.36668595091 3.46968279865 4.72104514349 -341.143400425 171 0.275178866263
4.62937443182 3.18413209403 3.28919055312 4.39408953456 -486.493457171 158 0.272677694965
4.48025337389 3.10849657924 3.21918806012 4.23814907119 -579.371554453 153 0.270221581697
4.95573556618 3.36348829116 3.46921730233 4.70152024178 -359.971227434 171 0.267809319764
5.06980854496 3.42221041442 3.52509619371 4.81847936255 -303.549468714 175 0.265439745178
4.75786684546 3.25404307692 3.35870142017 4.51736854223 -430.922538308 163 0.263111734783
4.77882598527 3.26695348783 3.37259135081 4.53303153838 -429.561820105 164 0.260824204486
5.06683490488 3.41368248217 3.51143683332 4.8306710311 -284.329484853 174 0.258576107568
6.09088280909 3.9521517482 4.03957316521 5.83745123811 79.9356750263 212 0.256366433088
4.82893148229 3.28689382064 3.38667576121 4.59867028119 -378.842789081 165 0.254194204372
5.0840692075 3.42557984523 3.52521327863 4.84115342015 -287.200688558 175 0.252058477567
5.66666334389 3.72741537178 3.81726750304 5.42410910483 -51.4535394434 196 0.249958340277
4.82952161204 3.29435162294 3.40003206282 4.58423636923 -403.988425991 166 0.247892910263
4.7022476825 3.22492249961 3.33074582927 4.46138838515 -460.385245395 161 0.245861334208
4.91400369854 3.3383442111 3.44192406589 4.66667620543 -368.26774467 169 0.243862786539
4.5609735822 3.15163771576 3.26108019503 4.31832288911 -535.793746068 156 0.241896468312
5.68959824838 3.74060881208 3.83105705114 5.44559647903 -45.7997635096 197 0.239961606143
8.0371735277 4.92684325447 4.9846075541 7.81566200042 535.150212742 280 0.238057451198
4.85172421787 3.30781087376 3.41419893765 4.60102909836 -395.765840586 167 0.236183278224
4.96650775284 3.36620216912 3.46941545066 4.72150457179 -337.404967997 171 0.234338384627
5.01016776386 3.38509597789 3.48404340685 4.77153383487 -302.290800698 172 0.232522089599
6.33182036955 4.061532867 4.13717462166 6.10467778676 169.488143184 219 0.230733733272
9.67701322613 5.75707323775 5.80441217976 9.45246679517 742.50475273 339 0.228972675927
5.8251596277 3.81220887057 3.90082755813 5.57417753554 -10.3624271445 202 0.227238297228
8.30467025691 5.06660602691 5.12374108187 8.07600250954 577.198400034 290 0.225529995489
5.63557004952 3.71308672418 3.80363977187 5.388060607 -72.3545632958 195 0.223847186987
8.83065058245 5.3235938572 5.37382495522 8.61498172104 655.066815174 308 0.222189305288
5.24751161381 3.50358405931 3.59513439933 5.01988628592 -202.564209164 180 0.220555800618
7.03578004701 4.41821690026 4.48475874713 6.81347447832 351.004495931 244 0.21894613925
7.79384086036 4.80097113853 4.85965390665 7.57524835729 496.268072935 271 0.217359802927
4.75232427402 3.252841326 3.35869118766 4.50843200032 -433.162933643 163 0.215796288304
4.56746347057 3.15343783252 3.26121200473 4.32905235297 -521.876054675 156 0.214255106413
4.8837497567 3.32342853262 3.42824394744 4.63433759411 -382.818052428 168 0.212735782159
4.79348544946 3.27064560866 3.37271094174 4.55815414948 -401.17796141 164 0.211237853823
7.11261016252 4.46918278704 4.54005501916 6.86781209172 349.090609011 248 0.209760872605
4.6225397041 3.18242132544 3.28902086299 4.38321253662 -495.325273045 158 0.208304402166
5.0874955754 3.42726245879 3.52592445407 4.84411699804 -272.474872469 175 0.206868018204
5.07808884618 3.42492009122 3.52579974663 4.83076475442 -281.933982918 175 0.20545130804
5.3465512056 3.55861025875 3.65080777588 5.1102138164 -165.682273448 184 0.204053870222
5.10943645035 3.43993623024 3.53934869823 4.86310894055 -282.188433155 176 0.202675314147
9.43023130592 5.63107385242 5.67939385453 9.2089596864 717.332861017 330 0.201315259697
9.45873527692 5.64505365136 5.69328051726 9.2385431503 718.924324192 331 0.199973336888
5.94924736154 3.87215852613 3.95657824373 5.70732087212 41.6759841774 206 0.198649185538
7.95190836839 4.90484543721 4.97101416185 7.69686393488 544.47467257 279 0.19734245494
4.74715999847 3.25874805563 3.37218612525 4.48505198728 -440.33993298 164 0.196052803555
4.60261143749 3.18442845888 3.3025737678 4.33691795606 -515.859058614 159 0.194779898714
4.99898352433 3.39065769964 3.49825219773 4.73628169649 -310.488729644 173 0.193523416333
4.64508894589 3.20295494254 3.31666229463 4.38759029661 -486.5831433 160 0.192283040636
4.35124028214 3.05177382191 3.17637006098 4.08445711376 -663.143156211 150 0.19105846389
4.80694863743 3.29609431095 3.41361925137 4.53114472207 -426.114138026 167 0.189849386154
4.41754099524 3.09090826744 3.21807308867 4.14061421211 -639.365016627 153 0.18865551503
5.84468372111 3.83335995919 3.92806171638 5.57519993519 1.61601664076 204 0.187476565429
4.19802075175 2.96751689733 3.09298447635 3.93826393569 -735.211446876 144 0.186312259347
4.56350273652 3.16671212516 3.28837096352 4.28884251851 -548.7704798 158 0.185162325639
6.18556350026 3.98968659907 4.06824515977 5.95106379508 144.877397732 214 0.184026499816
6.6088108759 4.2042754072 4.2766224603 6.37935217892 266.662460681 229 0.182904523839
8.90924999023 5.37563939108 5.42925866411 8.67684718875 682.451204491 312 0.181796145922
6.62631597123 4.21641179779 4.29036493027 6.39115575371 265.248471184 230 0.180701120347
5.911590082 3.85623811839 3.94302432678 5.66374238678 46.3394339311 205 0.179619207281
6.03013346731 3.91478173835 3.9986021636 5.78692261671 81.9376154445 209 0.178550172598
5.77458575405 3.77662605939 3.85979847843 5.54486792159 14.2442223758 199 0.177493787717
8.74126428027 5.30065173921 5.35995211109 8.49262370562 649.295381989 307 0.176449829432
10.19630071 6.02258798747 6.068330034 9.96575119364 789.953503127 358 0.175418079757
5.51697933665 3.64595515417 3.7346100523 5.28251677194 -86.1420214414 190 0.174398325776
11.7198151995 6.78084616495 6.81832883916 11.503756153 874.860259671 412 0.173390359496
11.069349448 6.46852532656 6.51268305545 10.833119812 843.98687671 390 0.172393977704
5.73157809773 3.75907457818 3.84579256519 5.49146112889 -14.2161763477 198 0.171408981831
6.34975281721 4.07463984814 4.15159779344 6.1149575736 193.323591849 220 0.170435177821
6.50412810241 4.15776862145 4.23488622107 6.26084117471 232.716484097 226 0.169472376003
5.65629558745 3.71749618309 3.80392506373 5.42279464702 -38.932207845 195 0.168520390967
6.02401822227 3.91363393253 3.99857410264 5.77743240708 82.4764579132 209 0.167579041448
7.68234928563 4.75467561038 4.81831399168 7.44746972628 499.767254063 268 0.166648150206
10.9402262972 6.38890133583 6.42944008182 10.7251954419 836.808966353 384 0.165727543918
6.20194170075 4.00163573378 4.08202559869 5.96040172239 138.546609606 215 0.164817053071
11.2721457704 6.55676041834 6.59610271083 11.0534820606 852.723655817 396 0.163916511857
5.26194947981 3.51548836156 3.60946718348 5.0233660481 -193.067161943 181 0.16302575807
5.99074386438 3.88942880489 3.97084771471 5.75796020192 78.9790718932 207 0.162144633013
6.74054397278 4.27431974066 4.34608829023 6.50371081922 298.01812467 234 0.1612729814
7.67342875914 4.76284913335 4.83214597138 7.41656104842 486.329982895 269 0.160410651267
10.4700511069 6.15127312826 6.19332754655 10.2541192911 809.545819205 367 0.159557493884
6.097294445 3.94588159793 4.0264947072 5.86080591261 114.249695008 211 0.158713363665
10.6243479008 6.23402329496 6.27665996412 10.4014203376 816.484975823 373 0.157878118093
6.15786620565 3.98406843209 4.06803219484 5.90794584451 124.600107479 214 0.157051617632
5.99215150008 3.89886423063 3.98479943937 5.74159279439 70.1922168383 208 0.156233725654
5.66916780399 3.72904160857 3.81801122171 5.42489847718 -39.0831445013 196 0.155424308362
8.95738026214 5.39212593094 5.44332903516 8.73780281479 677.325606259 313 0.154623234718
12.5671513032 7.22334961525 7.26194616453 12.3296147287 906.648223188 444 0.153830376372
9.86103244664 5.8640425413 5.91532356383 9.61572485708 756.639033132 347 0.153045607591
5.64894520401 3.71619930978 3.80407189345 5.41029511558 -36.486807826 195 0.152268805197
7.85388198765 4.84974687686 4.91547299986 7.60669915386 520.278288067 275 0.1514998485
8.65131917863 5.247271164 5.3042253676 8.41573190334 635.199662284 303 0.150738619234
6.79872809637 4.30259651335 4.37370012207 6.56690460212 306.126844927 236 0.1499850015
6.07847496038 3.94196376907 4.02630973944 5.83171854772 99.7080654728 211 0.149238881703
10.6285904538 6.24500986904 6.29037125613 10.392375304 810.300247435 374 0.1485001485
12.1300595577 6.98997972772 7.0266651093 11.9091686346 890.647953899 427 0.14776869274
5.08953226949 3.42755515694 3.52573221556 4.84756225166 -274.92095834 175 0.147044407411
6.29292406026 4.055056992 4.13771192267 6.03933893335 172.911921219 219 0.146327187591
4.89661850675 3.32674210967 3.42835825184 4.65616888869 -354.754567157 168 0.145616930395
5.83600193714 3.82342277927 3.91529239843 5.5755005844 14.5725853351 203 0.144913534924
5.31836593278 3.55218212281 3.65061324044 5.06633001219 -185.679647379 184 0.144216902221
5.82246784395 3.80380001067 3.88762857859 5.58733947672 29.3429508578 201 0.143526935222
5.25549405925 3.51417346899 3.6094413954 5.01289145029 -197.824350128 181 0.142843538711
4.96665185335 3.36667463763 3.46976530865 4.72013007835 -331.079885468 171 0.142166619278
7.53742077918 4.68356034614 4.74887740331 7.29708415955 467.698977456 263 0.141496085275
6.03103991204 3.91535658432 3.99878710085 5.78920875552 104.120112484 209 0.140831846775
5.48930318939 3.63165058542 3.72073025433 5.25552973287 -93.18805935 189 0.140173815531
5.78926662546 3.79685110066 3.88757898569 5.53280826736 2.71921974337 201 0.139521904939
5.65066159483 3.71655341301 3.80411193553 5.41402967657 -32.2271698386 195 0.138876029997
4.93528220427 3.35112071573 3.45564504893 4.68785486728 -348.400900961 170 0.138236107271
5.72958997371 3.75872361409 3.84579580279 5.48926741437 -12.0786533522 198 0.137602054857
5.36123736245 3.57071014599 3.6650491823 5.11571234551 -156.018956418 185 0.136973792348
9.52791502681 5.68547079538 5.73487423872 9.29942712246 729.748192348 334 0.136351240796
7.07892971831 4.46369304944 4.5401887061 6.81806350274 360.734474998 248 0.135734322686
5.84948638333 3.82537400375 3.9148048081 5.60259371506 20.8974944276 203 0.135122961895
11.6116955027 6.72521329067 6.76277414178 11.3966981697 869.740648044 408 0.13451708367
10.537926619 6.19143738536 6.2349582335 10.314997783 810.611433128 370 0.133916614588
6.31430701149 4.06704083862 4.15124804412 6.06307418383 167.531573873 220 0.133321482535
7.02331447413 4.42585585452 4.49865451381 6.7779717494 356.906976823 245 0.132731616671
12.9778269823 7.4101140136 7.44332361465 12.7679677225 920.897500808 457 0.132146947406
6.33578224578 4.08014686069 4.16519757072 6.07641852227 168.270061935 221 0.131567406368
10.298429023 6.06662580261 6.10998474695 10.0801353416 793.183723737 361 0.130992926382
6.40783550935 4.11179155978 4.1930705396 6.16174760699 198.866844593 223 0.13042344144
7.21013350139 4.52298970108 4.59593902936 6.96290269715 395.368578573 252 0.129858886676
8.78754504951 5.33791602137 5.40166406546 8.51937348271 657.561323964 310 0.129299198345
11.1103126764 6.47335308627 6.51277514261 10.8934096058 847.076302785 390 0.128744313793
10.0379576729 5.92842974294 5.97110664652 9.83031460632 779.418932693 351 0.128194171438
11.0938882777 6.46035648388 6.49887556382 10.8857849924 842.06649933 389 0.127648710748
6.73944732703 4.2908744731 4.37331761428 6.47913167145 269.501598856 236 0.127107872214
10.6500640587 6.24776822224 6.29055253452 10.4241505947 819.150350336 374 0.126571597334
11.1504982199 6.48839730108 6.52666072354 10.9437057508 849.091232405 391 0.126039828586
10.41583471 6.1233157369 6.16553804056 10.199564578 801.417973842 365 0.125512509413
6.01555033113 3.911169466 3.99835352065 5.76647964049 75.8506264114 209 0.124989584201
5.13297132551 3.45350699606 3.55343482227 4.88381364121 -266.626040233 177 0.124470998257
10.050262705 5.95140574617 5.99887321485 9.81698854212 770.530449771 353 0.123956697794
6.41097908656 4.10418198224 4.17934023888 6.18047930789 210.855118292 222 0.123446629907
9.29750846283 5.5715115166 5.62343938641 9.06608709206 697.297090494 326 0.122940742562
11.1607256371 6.50074828258 6.54054072667 10.9439431009 845.422425568 392 0.122438984573
6.05783610961 3.92964481825 4.0126674569 5.81199506803 95.8585986392 210 0.121941305585
11.0263507156 6.43124469115 6.4711077217 10.8126240758 842.622468915 387 0.12144765606
10.0958784833 5.9675990601 6.01276454279 9.87357050586 777.781938255 354 0.120957987259
9.77148675752 5.81105496307 5.85995582986 9.53961677796 754.293582482 343 0.120472251225
10.6105984829 6.23233588943 6.27665236394 10.3813237995 812.490009656 373 0.119990400768
5.1368790883 3.45468494831 3.55368645245 4.88882885474 -260.198250221 177 0.119512389451
10.4500298901 6.14915287403 6.1933266249 10.2217439802 803.763330253 367 0.119038171574
5.10672300246 3.43925692938 3.53943559757 4.85992861965 -275.746731726 176 0.118567702158
10.0698516386 5.95384989413 5.99888523636 9.84912235985 780.41384158 353 0.118100936934
9.91411434445 5.87115139799 5.91554994886 9.69817613207 768.397060387 347 0.117637832327
6.17782547496 3.98806358332 4.06811791415 5.93980481858 134.318658887 214 0.117178345442
9.57495537575 5.7124339158 5.7622162764 9.34293269029 745.720413728 336 0.116722434052
10.4718840946 6.1514759339 6.19333145008 10.2589435611 810.955544851 367 0.116270056585
10.3760500349 6.10797802729 6.15165389006 10.1564400096 800.273060945 364 0.11582117211
5.13726469847 3.45474365782 3.55364764555 4.88959651664 -259.940149625 177 0.115375740328
12.1012712846 6.98617997532 7.02623300757 11.8681903805 880.952368287 427 0.114933721554
10.4624695043 6.15051547495 6.19332382768 10.2426669145 806.577752586 367 0.114495076712
7.26889919276 4.55241897592 4.62351151089 7.01957406396 393.508529576 254 0.114059767318
10.8417208283 6.33428691562 6.37388338399 10.6335968507 832.956437516 380 0.113627755473
4.93469467738 3.34345628616 3.44223571878 4.7016767379 -335.201648229 169 0.113199003849
5.3784356873 3.57408758154 3.66491058684 5.14485913328 -142.962217264 185 0.112773475679
5.77321517637 3.78486650743 3.87352840938 5.52448117828 -10.2439494637 200 0.112351134746
10.1816886985 6.01009134497 6.05444048317 9.96021183971 789.237838507 357 0.111931945377
7.15085311873 4.48555349477 4.55439131198 6.91351889171 387.748641428 249 0.111515872426
5.31706497108 3.54401050994 3.63708946163 5.0792644015 -172.914017403 183 0.111102881268
6.01353188005 3.90310119063 3.98485711874 5.77650533476 89.7531892795 208 0.110692937791
11.062227515 6.44609355852 6.48499823026 10.8529271251 846.262776248 388 0.110286008382
10.413473513 6.12315807408 6.1655532462 10.1989099908 807.207010594 365 0.109882059922
5.98259910543 3.88784232302 3.97077628171 5.74502868689 71.5104849503 207 0.109481059777
5.42588126103 3.60106322253 3.69274264714 5.18690557221 -130.259249065 187 0.109082975784
5.66185073316 3.72736594932 3.8178932436 5.41333469218 -44.3570280923 196 0.108687776248
10.4234879167 6.12414449273 6.16553944937 10.2130791822 804.18492375 365 0.108295429933
5.3731073486 3.57300061717 3.66499967153 5.13492559899 -150.36877666 185 0.10790590605
6.84652135248 4.3297845399 4.40160551084 6.60899088259 317.012085979 238 0.107519174253
11.0872793817 6.45983459313 6.49888235708 10.8736781688 844.321630037 389 0.107135204628
4.99843861488 3.37427118978 3.47004664219 4.769407025 -303.449713325 171 0.106753967689
5.47657313916 3.62860934995 3.7204705295 5.23435492052 -117.382263709 189 0.106375434366
9.6037582179 5.71620753741 5.76276918046 9.38583044461 741.831447654 336 0.105999576002
5.64248394971 3.71491542515 3.80401298915 5.39690837044 -57.1318412916 195 0.105626364341
10.1285300283 5.98229127681 6.02666288306 9.90726496022 786.069624664 355 0.105255771525
6.03774775641 3.90778217313 3.98488873488 5.81403022456 107.739619066 208 0.104887770086
5.77011376109 3.77574327711 3.85981348942 5.53567919521 9.43973479213 199 0.104522332938
5.35348195891 3.56059653062 3.65123006339 5.12081978977 -145.976539419 184 0.104159433373
6.24092298661 4.01804593608 4.09595062586 6.00693739973 159.15053268 216 0.103799045049
10.3035386402 6.06725869911 6.10999785835 10.0884614542 799.197561014 361 0.10344114199
5.46757208542 3.62672436741 3.72036556245 5.21937943479 -128.002002515 189 0.103085698577
10.2846963959 6.06521898711 6.10997757301 10.0574225494 788.539171136 361 0.102732689542
10.1466191104 5.99522249283 6.04054578111 9.92064731678 784.815819646 356 0.10238208996
9.93717604883 5.88431016222 5.92942734705 9.71949565591 766.627231805 348 0.102033875247
9.518362617 5.67380312219 5.72109839338 9.29829510122 731.866279333 333 0.101688021151
10.8340827791 6.33353251396 6.37388379989 10.6190874716 830.30936122 380 0.10134450375
6.18538258945 3.98935516098 4.06810083495 5.95123793662 137.730303428 214 0.101003299441
9.87618350555 5.85557430439 5.9015771767 9.6568298387 761.295295558 346 0.100664384941
5.13295406904 3.45357813683 3.55362756913 4.88247666934 -267.670219188 177 0.100327737275
5.58427227187 3.67736414844 3.76246293172 5.35281201661 -62.4661924701 192 0.0999933337777
6.79293779825 4.31097591701 4.38763892874 6.53974402348 297.174787996 237 0.0996611520829
6.13256289971 3.96179456284 4.04046339909 5.89969908691 133.679148859 212 0.0993311701212
12.4999811402 7.18380921672 7.2211105528 12.269025544 905.675694409 441 0.0990033661144
9.2987739362 5.58262668403 5.6376410461 9.0500732029 707.062263238 327 0.0986777185711
10.7714820185 6.30490601673 6.34610525998 10.5527656498 826.222238842 378 0.0983542062816
10.800950841 6.31894921343 6.35999725107 10.5821695385 827.53091294 379 0.0980328083132
10.8317637595 6.33334018723 6.37388240835 10.614296108 828.5988751 380 0.0977135040063
9.06451658641 5.44811283727 5.49888251537 8.83810268349 686.348347276 317 0.0973962729693
10.6486987776 6.23637813144 6.27666122458 10.4404087349 819.350790723 373 0.0970810950748
10.3394294398 6.08188628528 6.12388373124 10.1299876971 799.575945441 362 0.0967679504548
9.75195182134 5.78736320132 5.83221673054 9.53813212416 754.83666658 341 0.0964568194971
8.66356555151 5.23909518144 5.29054872619 8.44889952022 643.277968412 302 0.0961476828408
9.61242157636 5.71702489934 5.76276653821 9.39957143106 740.898484546 336 0.0958405213724
5.91321563733 3.85668119892 3.94305697363 5.66442829953 40.6087016731 205 0.0955353162219
5.0797366632 3.42509698613 3.52556178571 4.83065669138 -292.210480992 175 0.0952320487588
5.49326845771 3.63261654469 3.72070509569 5.26014075985 -93.0720269393 189 0.0949307005886
19.2693035141 10.5716955903 10.5943624303 19.0530198264 973.2748383 684 0.0946312535487
16.2724553413 9.05708595479 9.0822212303 16.0687919455 966.365750217 575 0.094333689705
16.7823641349 9.30834508599 9.33222029546 16.586692567 970.219611745 593 0.0940379913485
28.8752854098 15.3598738968 15.3735222687 28.6855002168 995.100679389 1028 0.0937441409912
28.6663943302 15.4548298481 15.5123479507 28.3097224932 991.998323228 1038 0.0934521213632
28.1409289069 15.0616683833 15.0817376806 27.8699433948 990.118097113 1007 0.093161915409
37.0916698255 19.4955066886 19.5063671313 36.8731002929 981.112033996 1326 0.0928735062844
35.4247294158 18.6337748393 18.6637010484 35.2728120405 990.211085041 1265 0.0925868773532
13.446094427 7.69978943448 7.74848646835 13.1736360723 916.941091218 479 0.0923020121839
15.7574351957 8.84716580595 8.88558491039 15.5018839532 955.131001377 561 0.0920188945463
13.4652395493 7.69450450751 7.73499923402 13.2023657737 937.725567847 478 0.0917375084093
8.83060051222 5.36196156005 5.42798834597 8.56057996272 631.841685301 312 0.0914578379367
18.7465560843 10.3082917262 10.3320250994 18.5335794765 986.09538952 665 0.0911798674853
11.5465628903 6.71733180671 6.76270971093 11.3034706886 872.729298702 408 0.0909035816011
22.2704765304 12.0861878737 12.1090988262 22.0432180911 993.170454944 793 0.0906289650172
19.3723031301 10.6263856546 10.6507721141 19.1554471563 982.563930762 688 0.0903560026504
18.2339400788 10.0815085715 10.1099662418 17.9797836545 987.685786367 649 0.0900846795988
22.1997798968 12.0224459146 12.0404397326 22.0033044739 995.480922031 788 0.0898149811389
14.2125221418 8.0699096022 8.10995202541 13.9551524983 947.850377712 505 0.0895468927228
25.4599325257 13.685434436 13.7037297911 25.2314798289 992.183232491 908 0.0892803999762
19.892866549 10.8790660497 10.9012262916 19.6853835076 986.010949783 706 0.089015488695
15.7480723684 8.83518947563 8.87183068749 15.5013892245 952.12955554 560 0.0887521448435
26.3510888289 14.156023816 14.1792709093 26.1017968851 999.573975479 942 0.0884903545514
12.1211456389 7.03264707316 7.08219883589 11.8382787177 895.101788784 431 0.0882301041115
17.9047822437 9.90079544422 9.92858964122 17.6749540032 977.34173998 636 0.0879713799777
19.78402956 10.8119728484 10.8321320877 19.5888085346 989.117882314 701 0.0877141687621
22.7078734634 12.307897314 12.329923728 22.476931412 985.567789235 809 0.0874584572328
24.2280775333 13.1106427082 13.136157552 23.9470777466 995.260021937 867 0.0872042323121
19.3079082432 10.6195012742 10.6495808931 19.0610006088 980.888926613 688 0.0869514810736
22.0681425967 11.9767367093 11.9983443783 21.8510403907 995.354935161 785 0.0867001907404
26.4502914769 14.160417729 14.1774319943 26.2463455806 993.054467499 942 0.0864503486831
17.3784240222 9.6016397965 9.62388707918 17.1882700198 974.854326544 614 0.0862019424171
11.2286289198 6.57343385694 6.62387657781 10.9616508202 859.297623236 398 0.0859549596012
13.35428476 7.65007287536 7.69325983955 13.0732183786 934.931395281 475 0.085709388035
16.2785754153 9.12433315905 9.16521089689 16.0048748874 969.772846699 581 0.0854652156572
25.0582067974 13.4793765273 13.4988372438 24.8364971281 1000.40102842 893 0.0852224305437
11.4700388153 6.70831930027 6.76271410438 11.1840721978 862.871299906 408 0.0849810209053
25.8617726068 13.8705419285 13.8875192339 25.6479797971 993.374596109 921 0.0847409750862
20.2165228212 11.0341889063 11.0544212566 20.0144054704 990.710710439 717 0.0845022815616
22.5787125219 12.2915712827 12.329086662 22.3132436832 987.854725743 809 0.0842649289366
27.4273381697 14.6838613472 14.7060927631 27.1889327904 998.818987504 980 0.0840289059436
26.8462624867 14.3940393191 14.415262026 26.6020965733 1000.05705751 959 0.0837942014413
9.3065269968 5.60329163905 5.66552285751 9.03370664704 709.134483609 329 0.083560804412
26.7898364648 14.4160617368 14.4432598028 26.4932400825 1000.37491662 961 0.0833287039609
19.7964955491 10.858194576 10.8866632144 19.5603944882 987.599114104 705 0.0830978893136
16.2515129154 9.08967428275 9.1238797523 16.0008630489 976.817947253 578 0.0828683498149
16.2341913896 9.08592820381 9.12253575817 15.9754012061 963.055516469 578 0.082640074927
22.4841168512 12.2335212476 12.2625112533 22.2156561075 994.633683432 804 0.0824130542278
26.5694736983 14.2312793969 14.2487920476 26.3522294724 1000.39405466 947 0.0821872774095
16.9023595554 9.43591762829 9.47110795957 16.6219767559 982.979001794 603 0.0819627342768
22.151719017 12.0074366387 12.0263955013 21.9450594031 993.394962281 787 0.0817394147458
18.6533897888 10.2903067678 10.3179431504 18.40176283 990.563496919 664 0.0815173088419
21.163528697 11.5661002916 11.5958740614 20.8978342539 995.801778679 756 0.0812964066988
12.17156373 7.04785137112 7.0959933186 11.9057308543 890.23769033 432 0.0810766985568
20.8750194963 11.3899565361 11.4145260249 20.64580615 990.176106252 743 0.0808581747615
16.6501258668 9.28347200729 9.31747882477 16.409032149 969.373197813 592 0.0806408257621
23.288582948 12.5893871055 12.609380682 23.067100188 995.217184308 829 0.0804246421103
16.1242987749 9.03314041629 9.06830542738 15.8609567765 975.563573375 574 0.0802096144591
25.6569307358 13.8274571446 13.8540487993 25.3827474363 990.889112631 919 0.0799957335609
19.6746842877 10.7563557979 10.7765849779 19.4798285794 989.758026291 697 0.0797829902665
17.9185512721 9.89069607905 9.91519815859 17.7071764104 978.949536358 635 0.0795713755238
8.30194820595 5.10355581863 5.1784508331 8.01674948171 559.067368248 294 0.0793608803767
12.8676197595 7.38640524719 7.42933943779 12.6209730485 913.518654072 456 0.0791514959633
10.7643629701 6.3252090566 6.37387783504 10.5143529903 829.132948414 380 0.0789432135151
18.4603783245 10.2045503498 10.2348738639 18.1957264329 988.486288665 658 0.0787360243557
15.5425882699 8.75243510195 8.79054317807 15.2605930803 970.849318625 554 0.0785299198995
21.2169014769 11.5822520386 11.6098335738 20.9616202104 995.939807631 757 0.0783248916506
19.2008783673 10.5664298112 10.5960085118 18.9546726531 990.512284538 684 0.0781209312015
16.4918300503 9.19995148443 9.23334827495 16.2562684184 963.441901854 586 0.0779180302322
24.7944256262 13.3909576678 13.414687108 24.5188976977 994.770626643 887 0.0777161805088
21.9257119333 11.9444142631 11.9710448168 21.6640448545 998.042649874 783 0.0775153738825
11.7825406255 6.83997272577 6.88705869704 11.5360619117 866.060656498 417 0.0773156022885
19.9648146439 10.9530036612 10.9842445045 19.7216102837 989.934093819 712 0.0771168577451
23.6506186448 12.7822113807 12.8041910165 23.4196759794 998.027931545 843 0.0769191323522
23.0348504134 12.4869242981 12.5125959209 22.7902775363 997.79372276 822 0.0767224182906
15.5323234063 8.72817727333 8.76274976854 15.2776953613 969.940324319 552 0.076526707821
17.3490195905 9.63327520529 9.66488959927 17.1052585379 978.486411286 617 0.0763319932828
8.92177363195 5.38704313386 5.44329779663 8.6834445369 680.371225736 313 0.076138267093
22.5281766789 12.2465581535 12.2759601797 22.2733853824 994.933173833 805 0.0759455217457
17.9075513889 9.88974279686 9.91520533205 17.6899137952 980.374611001 635 0.0757537498106
21.5183559991 11.6871231628 11.7069901712 21.3172277463 994.597998965 764 0.0755629439323
19.1168671812 10.5495367279 10.582002483 18.8417899133 992.258917097 683 0.0753730968293
24.4786892576 13.2340783207 13.2624955719 24.2127043331 998.987464856 876 0.0751842012932
16.0488955388 9.00109266517 9.04030214635 15.7813957374 966.915090135 572 0.0749962501875
21.8511961775 11.8547255245 11.8737194473 21.6474714104 994.706802081 776 0.0748092364471
17.2847322874 9.60693503597 9.63768796329 17.0291224618 984.41790113 615 0.074623153077
18.5745412247 10.2346633318 10.262343669 18.3495751518 984.070215545 660 0.0744379931517
19.9335898797 11.0128315273 11.0640812087 19.616554567 982.376410782 718 0.0742537498144
10.3688948585 6.12744198933 6.17942913033 10.1148721073 797.67838028 366 0.0740704162757
17.5355033326 9.71780490771 9.74838767474 17.3074882315 979.237872961 623 0.0738879858135
14.9709405476 8.45945716668 8.49885570375 14.7026672925 959.979885765 533 0.0737064517714
17.5183569353 9.71891738657 9.74886999176 17.2734674062 987.157458717 623 0.0735258075585
15.1741892031 8.55428126145 8.59503101211 14.9195728309 951.377587553 540 0.0733460466481
18.6472820789 10.2763434076 10.3038645796 18.4127218856 985.59182455 663 0.0731671625774
17.2977393247 9.60540124172 9.63714096597 17.0584087142 977.841868961 615 0.0729891489465
17.4957025416 9.71417345525 9.74840589454 17.2486538489 980.219880882 623 0.0728119994175
21.3685856516 11.7206030747 11.7627073575 21.0622385538 995.34061262 768 0.0726357077139
23.8974544542 12.8709782235 12.8877142286 23.7041782113 999.140066971 849 0.0724602676199
17.2793568697 9.60233752902 9.63657563215 17.0361158385 974.23807527 615 0.0722856729796
16.1975739407 9.04747519034 9.08035844038 15.9664722193 958.830523451 575 0.0721119176963
23.8726706711 12.8694417495 12.8875862724 23.6656483203 998.490215087 849 0.0719389957316
29.5636237541 15.7435549571 15.7616768074 29.3338288658 998.373904134 1056 0.0717669011052
29.3217835985 15.5822997668 15.5956775388 29.1330219162 998.441010382 1044 0.0715956278937
17.5514247146 9.73128282879 9.76218728579 17.3155406685 980.813043749 624 0.07142517023
12.5163157057 7.20725568903 7.24883182493 12.266339761 911.388129121 443 0.071255522303
19.8414876276 10.8890555659 10.9154443334 19.5881684361 993.7204369 707 0.0710866783565
18.1664484632 10.0257922386 10.0538375056 17.9478535423 981.372368333 645 0.0709186326888
18.7783832225 10.3449524863 10.3735561699 18.5447777455 988.021847311 668 0.0707513796519
20.2574105495 11.0606868363 11.0820550559 20.04894178 993.781574977 719 0.0705849136511
17.1759351534 9.54843260975 9.58207022912 16.9342172766 978.132550503 611 0.0704192291442
24.7843065112 13.3518686591 13.3737988987 24.552694777 999.856533922 884 0.0702543206407
23.3145016982 12.6026965616 12.6234318941 23.0931603932 995.138357775 830 0.0700901827017
11.6168372044 6.74728532998 6.79051177827 11.3787190839 876.67350674 410 0.0699268099389
14.5461028771 8.22746530063 8.26265810257 14.2960231169 958.553745641 516 0.0697641970141
23.4846704396 12.733467131 12.7623528444 23.2210476837 997.96558102 840 0.0696023386386
20.1838641059 11.0305462377 11.0538762056 19.9690815959 990.595285686 717 0.0694412295727
19.1245893061 10.5243563889 10.5540700627 18.8823930199 989.54531005 681 0.0692808646252
24.9546203231 13.4470595964 13.4708128897 24.7137961367 997.604256114 891 0.0691212386526
15.6676395992 8.8044973791 8.84401867547 15.4073166159 951.252713052 558 0.0689623465588
24.7461871649 13.3255057283 13.345969345 24.5224210863 997.949511995 882 0.0688041832943
21.4804501127 11.6834599221 11.706669837 21.2643742169 994.900599986 764 0.0686467438561
16.8708639935 9.36253512342 9.38774055875 16.661037292 975.63996384 597 0.0684900232866
23.7434622764 12.8580401497 12.8874276269 23.4859606916 996.572402919 849 0.0683340166735
18.6512793983 10.2995070034 10.3321547378 18.3960152513 988.736901661 665 0.0681787191491
14.2265445437 8.06933086679 8.10916509909 13.9805560726 937.871237407 505 0.06802412589
10.1161712817 6.01219866185 6.0683183439 9.84868639649 789.038823934 358 0.0678702321162
17.6771400864 9.81350402144 9.84578435464 17.4138884489 982.945168385 630 0.0677170330911
15.5199200196 8.72428844236 8.76121601997 15.2649634189 952.380080752 552 0.0675645241205
26.9324977986 14.4106957024 14.4283752821 26.7176944057 998.400052698 960 0.0674127005528
30.6181310044 16.2597027693 16.2758265253 30.3970840365 999.53993067 1093 0.0672615577777
22.5596645334 12.2145151437 12.2338837693 22.351650198 990.330401187 802 0.0671110912263
20.8019980963 11.3754082966 11.4013930935 20.5422954975 995.463627076 742 0.0669612963707
10.4768435839 6.20463348992 6.26277614862 10.1896968629 804.784375492 372 0.066812168723
19.2136390938 10.5778770851 10.6091259217 18.9634560879 986.632742875 685 0.0666637038354
20.2212708567 11.0791734957 11.1084866524 19.9766028603 986.834219081 721 0.0665158972995
30.047387121 16.0185519533 16.0395592921 29.7796570547 996.797024581 1076 0.0663687447458
13.1872950952 7.56625936496 7.60997758037 12.9072975382 930.554250244 469 0.0662222418436
15.7599013841 8.83761400071 8.87309925742 15.5174795925 962.053961933 560 0.0660763843003
18.3392872188 10.1445818024 10.1788559078 18.0839201829 984.373538356 654 0.0659311678608
22.2990495994 12.1127482329 12.1372773545 22.0594311535 996.832099025 795 0.0657865883075
21.8894096542 11.9157951422 11.9432498368 21.6459151393 995.132200054 781 0.0656426414599
17.7920300729 9.82255474646 9.84610450576 17.5843931179 978.467174715 630 0.0654993231737
26.1896794857 14.0371023009 14.0541482757 25.9738590173 999.676951558 933 0.0653566293408
DEBUT ITERATION : 1
4.24101451876 2.97336000439 3.08065041041 4.01705288499 -688.675952305 143 0.49983338887
6.67810115287 4.27912592547 4.37313036867 6.38033565118 238.802086058 236 0.491642084562
5.13258497675 3.46155967978 3.56720168896 4.86312056275 -266.58115421 178 0.483714930668
3.73621713661 2.70709039862 2.82949355092 3.5085955018 -982.642461011 125 0.476039352586
4.36120786102 3.04154859449 3.15042754183 4.12735188666 -619.890785057 148 0.468603561387
3.98684380978 2.84650192248 2.96820461872 3.74555219835 -849.505667007 135 0.461396493387
5.29826018637 3.53990376101 3.63678107053 5.04659861819 -178.236972753 183 0.454407755226
6.8791587344 4.35417654672 4.42942196827 6.62943875777 336.049907731 240 0.447627573859
4.24646080848 2.9888259928 3.1082133113 3.99312888308 -700.642747906 145 0.441046750956
5.39063329181 3.58500950648 3.678777974 5.14484642213 -155.195447986 186 0.434656621269
8.51827331162 5.20702752967 5.27558899056 8.23788448856 592.673317284 301 0.428449014567
5.01616399773 3.39452226231 3.49802576213 4.76164601672 -309.471930086 173 0.422416220783
6.65729924579 4.24752161135 4.33089697896 6.39800201734 238.064150725 233 0.416550958067
7.00446134041 4.42153961851 4.49806522877 6.74899847723 335.709318548 245 0.410846343468
4.57868609234 3.17047753323 3.28817686529 4.31449229473 -535.716117934 158 0.405295865982
6.08285309933 3.94225380163 4.02620589363 5.83948517131 102.423781128 211 0.39989336177
6.08095337016 3.94937733477 4.03858661021 5.8244813211 71.4470227344 212 0.394632991318
4.84746481253 3.32042479985 3.44015091401 4.56333477644 -428.617208456 169 0.389509218385
5.13087701792 3.46749424756 3.57997185771 4.85179311288 -287.299206961 179 0.384516790567
4.89141739659 3.33964772625 3.45486022003 4.61727452134 -390.42925602 170 0.379650721336
4.39863486495 3.07228006573 3.19108521567 4.14051767003 -623.358905118 151 0.374906273432
4.30298969719 3.02469962971 3.14896087895 4.03816860766 -692.299436887 148 0.370278943471
4.56372172968 3.15927813362 3.27430806661 4.30904476976 -528.880196999 157 0.365764447696
4.60336512851 3.18428458094 3.30211911535 4.33699200469 -526.190568908 159 0.361358708745
4.48402572349 3.12283852702 3.24525872507 4.21568792588 -596.597535825 155 0.357057843371
4.57347098388 3.16935219725 3.28847238537 4.30548423221 -541.193291924 158 0.352858151023
4.66289507667 3.2211467931 3.34299285232 4.38402983189 -513.141352535 162 0.348756103232
4.54282943228 3.15364168598 3.2741191529 4.27375619624 -563.399347753 157 0.344748333716
4.39803592302 3.07181311466 3.19069643207 4.14175626274 -624.925250363 151 0.340831629175
4.61467016201 3.19378461548 3.31497058207 4.3412316785 -532.72915442 160 0.337002920692
4.40099253234 3.07284974945 3.19106842914 4.1452301257 -621.064251338 151 0.333259275717
4.90716734956 3.35072318634 3.46825328067 4.62664684187 -395.378495952 171 0.329597890574
4.42001812027 3.08450639078 3.20400425389 4.16295352 -611.948125574 152 0.32601608346
4.71382163527 3.24884342279 3.37039441059 4.43179710501 -496.126036172 164 0.322511287895
4.58242616621 3.17784592356 3.30085028003 4.30576053604 -556.79930521 159 0.319081046586
4.46114452563 3.10975804968 3.23163558472 4.19519581535 -603.558112353 154 0.315723005683
4.21178294345 2.97140551814 3.09313549856 3.95961576407 -726.661384024 144 0.312434909394
4.83918221322 3.31129788577 3.42688107108 4.56789620611 -413.267921446 168 0.309214594929
4.76903202953 3.277828544 3.39819758138 4.49037974529 -461.370096571 166 0.306059987758
4.41035448452 3.08222147284 3.20445775579 4.14322953744 -636.995457048 152 0.302969097152
4.60356766025 3.1907607131 3.3149931711 4.32187098474 -551.108317213 160 0.299940011998
4.17528508165 2.95400502518 3.07881443099 3.91829069091 -757.606582318 143 0.296970896852
4.49401415369 3.12629451432 3.24636347998 4.22874329448 -582.510771912 155 0.294059988238
4.57117033025 3.16142465347 3.27461417789 4.3204400676 -519.007411669 157 0.291205591147
4.55093014119 3.15607121631 3.2744921862 4.28605318554 -550.437476092 157 0.288406075755
4.64189558269 3.20817477562 3.32877765838 4.36803620006 -519.323337484 161 0.28565987431
4.3427253165 3.04238945237 3.16245571319 4.08865765039 -652.541396992 149 0.282965478212
4.61972799934 3.19520111783 3.31503168613 4.34910177777 -526.386325901 160 0.280321435246
4.33036227008 3.03922496782 3.16283970238 4.06486794266 -678.825082597 149 0.277726346973
4.35633876612 3.05319989455 3.17649465227 4.09217719061 -659.671742395 150 0.275178866263
4.26913659101 3.00134978394 3.12108214766 4.01899814892 -689.771889377 146 0.272677694965
4.41421327152 3.08358249006 3.20494273198 4.14871588755 -628.46926559 152 0.270221581697
4.27251714198 3.00226352166 3.12105208388 4.02548332051 -682.144862264 146 0.267809319764
4.16856537503 2.95213573833 3.07884397872 3.90625676557 -772.306186221 143 0.265439745178
4.57253005538 3.16896668582 3.2882694156 4.3040197932 -544.550994639 158 0.263111734783
4.86605181511 3.33251744811 3.45402647424 4.57647123003 -426.482725145 170 0.260824204486
4.96735062642 3.38121181895 3.49632416168 4.68831859212 -364.303741237 173 0.258576107568
4.54780931073 3.16130881688 3.2869237013 4.26518016692 -584.773210163 158 0.256366433088
4.76199984507 3.26257879147 3.37233924554 4.50858466772 -423.737754251 164 0.254194204372
5.02677568091 3.41140630228 3.52442146598 4.74980238267 -331.595435772 175 0.252058477567
4.70939559279 3.24155872261 3.35809435863 4.43898333399 -474.475533055 163 0.249958340277
5.09893624099 3.45194260633 3.56604439613 4.81596540005 -305.525525407 178 0.247892910263
4.47067025127 3.11266643186 3.23220002709 4.2090289164 -591.663551216 154 0.245861334208
4.46603794173 3.11205413544 3.23302980359 4.19897475314 -594.888701185 154 0.243862786539
4.72960355914 3.24672138186 3.35816271494 4.47402095276 -440.153675093 163 0.241896468312
4.89039533215 3.33928114595 3.45456713914 4.61593481031 -390.323361331 170 0.239961606143
4.84145168702 3.31153699703 3.42647388262 4.5736993618 -408.436964528 168 0.238057451198
4.73785610697 3.26247858351 3.38435807601 4.45466146653 -483.420887288 165 0.236183278224
4.82993947359 3.30868757063 3.42644316358 4.55340489209 -425.258954592 168 0.234338384627
4.34586515589 3.04342639929 3.16274200429 4.09270256032 -647.262737942 149 0.232522089599
4.20187554105 2.96853763795 3.09296098617 3.9433840507 -741.662154701 144 0.230733733272
4.52414399843 3.14179593094 3.26064459893 4.2604687832 -560.513442904 156 0.228972675927
5.7079077627 3.76172410221 3.85902864154 5.44228301401 -33.2959062877 199 0.227238297228
4.69978487675 3.23177705949 3.34431106499 4.44129689487 -461.672177162 162 0.225529995489
7.50016849698 4.69483354162 4.77611475582 7.21214496644 432.217986935 265 0.223847186987
5.83617383167 3.83119710469 3.92841407688 5.56322785876 0.187997426757 204 0.222189305288
4.35549566356 3.0529049611 3.17635276072 4.09043256895 -661.855686437 150 0.220555800618
4.30038453413 3.02382306165 3.14878099378 4.03437670103 -697.209095905 148 0.21894613925
6.53188870513 4.19800060656 4.28988547795 6.24142968198 206.02199041 230 0.217359802927
4.36412967532 3.05552332326 3.17680505452 4.10403143397 -647.865686734 150 0.215796288304
6.45546418968 4.15551185179 4.24748501052 6.17348534143 181.847725296 227 0.214255106413
4.4018919336 3.07263906026 3.19034958452 4.14835408449 -628.077492609 151 0.212735782159
4.41519509086 3.08313349657 3.2039471744 4.15228654128 -639.036034393 152 0.211237853823
4.453170456 3.1012122538 3.21891449969 4.19406291086 -603.660309278 153 0.209760872605
4.58482079199 3.16498903312 3.27470253163 4.34133187351 -514.420129964 157 0.208304402166
4.76592800006 3.26349608452 3.3722508261 4.51394856995 -433.054201474 164 0.206868018204
4.92187450697 3.34780868108 3.45570304907 4.66302137454 -367.282645847 170 0.20545130804
4.95350472135 3.36350715021 3.4698344999 4.69524311919 -349.38507283 171 0.204053870222
4.97549945054 3.37643565986 3.48357541003 4.71475853862 -343.133670159 172 0.202675314147
4.52764819218 3.14216518897 3.25997138908 4.26551438864 -574.309203225 156 0.201315259697
4.75231851623 3.25252471025 3.35839888183 4.50981192355 -426.414864018 163 0.199973336888
4.50989549392 3.13049855583 3.24649233329 4.2532473262 -572.736973926 155 0.198649185538
5.04487976424 3.40914543338 3.51183686169 4.79197405104 -296.671003502 174 0.19734245494
4.54081277757 3.14592772237 3.26042554097 4.28777441664 -548.614498666 156 0.196052803555
4.6730523394 3.21676946994 3.32963637521 4.41772213796 -486.267723087 161 0.194779898714
4.64128345965 3.19438463698 3.30271218657 4.39724014271 -487.352645382 159 0.193523416333
8.22044407981 5.04338551331 5.10975919207 7.96354458646 569.185993373 289 0.192283040636
6.38753670762 4.10709044724 4.19205495505 6.13137328217 171.745436547 223 0.19105846389
4.91580284402 3.33858363696 3.44172654661 4.67069502995 -360.423947687 169 0.189849386154
5.24760235525 3.51219646651 3.60932101109 4.99878734388 -215.004434973 181 0.18865551503
5.56723488349 3.67341829771 3.76230769454 5.32842890423 -75.2405294557 192 0.187476565429
5.27903986763 3.52753707212 3.62325885576 5.0324801031 -200.008512553 182 0.186312259347
4.85992873107 3.30976873356 3.41412096376 4.61263352052 -394.287271172 167 0.185162325639
5.26408710379 3.515756139 3.60927773334 5.02731215077 -188.245310987 181 0.184026499816
6.21692929905 4.00450109823 4.08207669345 5.98429598348 151.64264111 215 0.182904523839
6.07484982048 3.93258583741 4.01258134744 5.84055962629 107.014048864 210 0.181796145922
5.48397462622 3.63839804373 3.73415020011 5.22797701959 -124.713922332 190 0.180701120347
4.75020373397 3.25221565657 3.35855943874 4.50214697168 -449.006933548 163 0.179619207281
4.87045778358 3.31218872654 3.41406814665 4.63163824517 -371.341388751 167 0.178550172598
4.78440329289 3.26799207507 3.3722753413 4.54316397729 -418.771831582 164 0.177493787717
5.38180037542 3.58305662271 3.67878839828 5.13067599343 -162.793363137 186 0.176449829432
5.19347303044 3.48378579267 3.58149081626 4.94476565537 -238.835078413 179 0.175418079757
5.41011932765 3.58947732975 3.67904942577 5.17744846539 -123.389280612 186 0.174398325776
5.27529161964 3.51831298756 3.6093142968 5.04457486054 -183.349848719 181 0.173390359496
5.17927622692 3.47197177809 3.5673490989 4.94253277302 -227.801684117 178 0.172393977704
4.90999754934 3.33734859665 3.44190138472 4.66068161714 -365.865957583 169 0.171408981831
4.96335538232 3.35814547931 3.4561107285 4.7290222259 -324.818369003 170 0.170435177821
5.55224034437 3.67045482322 3.76236677106 5.30466868834 -88.7122447331 192 0.169472376003
4.47276232762 3.10621845743 3.21868910787 4.22678146372 -591.425729445 153 0.168520390967
4.85784800946 3.30885853627 3.41369697032 4.6141155942 -387.528776939 167 0.167579041448
5.74787291249 3.76234217706 3.84578566647 5.51701520009 0.171001556051 198 0.166648150206
4.75979706088 3.25384093714 3.35794509212 4.52231271279 -431.769605728 163 0.165727543918
5.15009402749 3.46532387231 3.56734304402 4.89394523826 -264.268035526 178 0.164817053071
5.52120889987 3.64717836135 3.73474291834 5.28561849589 -92.2208636197 190 0.163916511857
6.62591294896 4.20766342714 4.27665097448 6.40365233175 272.498957253 229 0.16302575807
4.7982588004 3.27904190945 3.38603942385 4.54814700386 -425.695844251 165 0.162144633013
5.40069668924 3.5792552377 3.66525511783 5.17849294945 -122.368196819 185 0.1612729814
5.63572179065 3.70510342949 3.79031982404 5.40348280388 -45.8212852791 194 0.160410651267
5.33847279053 3.55634656535 3.65055243927 5.09934457112 -170.740195472 184 0.159557493884
6.57461239539 4.17975724521 4.24885976211 6.35587376876 263.999151728 227 0.158713363665
5.31434160543 3.54341783308 3.63712834368 5.07353881144 -180.539103969 183 0.157878118093
6.1924207686 3.99084579172 4.06818033114 5.96135980637 144.194372126 214 0.157051617632
6.65699881596 4.22216954124 4.2905373777 6.43695633716 282.425366487 230 0.156233725654
5.95707322437 3.87413022759 3.95701099952 5.71840976508 64.3914668069 206 0.155424308362
6.70244602729 4.2489392313 4.31832090202 6.47551287676 287.613651975 232 0.154623234718
6.53546777038 4.16371831552 4.23498154146 6.30865395372 246.398587903 226 0.153830376372
5.904083238 3.83762648239 3.91547744448 5.68173076883 62.4908111823 203 0.153045607591
4.80266502066 3.27262886688 3.3726055268 4.57205315345 -400.537794046 164 0.152268805197
5.57039011252 3.66569608357 3.74863877863 5.35006274125 -57.0538037132 191 0.1514998485
6.19143006887 3.99084287472 4.06824719626 5.95841388234 138.532862828 214 0.150738619234
6.56385974742 4.17775264719 4.24883002726 6.34043584124 259.400536221 227 0.1499850015
5.81215458796 3.79262045274 3.87363360253 5.58847462892 27.7367367937 200 0.149238881703
5.03843010617 3.39202576349 3.48448414012 4.8144384975 -277.622540542 172 0.1485001485
6.23527332376 4.00816391064 4.08215845554 6.0124684412 162.646573084 215 0.14776869274
5.69027278339 3.73362292533 3.81813510593 5.45620141567 -28.5941459551 196 0.147044407411
6.38045113677 4.08038545251 4.15163600901 6.16279691411 211.653288015 220 0.146327187591
6.07699247479 3.93329391437 4.01267368836 5.84142032411 106.52693106 210 0.145616930395
5.4897177973 3.63194538011 3.72084506745 5.2518815795 -105.103580785 189 0.144913534924
5.40814266414 3.58870625097 3.67876773442 5.17499901851 -133.375670452 186 0.144216902221
7.46359621184 4.64255142067 4.70720880515 7.22838903616 455.401625564 260 0.143526935222
5.86799482052 3.8215431254 3.90152956318 5.64301317943 44.3577247632 202 0.142843538711
7.00928739478 4.41441815743 4.48497171684 6.76837606879 354.659595638 244 0.142166619278
5.13621311132 3.44637626915 3.53988212464 4.90572322895 -239.923862354 176 0.141496085275
7.22585578476 4.5175040656 4.5822162055 6.99613231826 407.376936558 251 0.140831846775
10.6154634964 6.22179964421 6.26275930077 10.4047173081 818.643957153 372 0.140173815531
5.42956798159 3.61041515204 3.70686616541 5.17312048119 -133.478543075 188 0.139521904939
6.55724676623 4.19324605238 4.27567610182 6.30341152501 220.769048019 229 0.138876029997
6.9179719262 4.37749145863 4.4560175369 6.66532588975 302.914286796 242 0.138236107271
7.82558638432 4.85162399972 4.92696224396 7.55474701931 464.728357978 276 0.137602054857
9.97381199522 5.89920371745 5.94326272471 9.76172784444 762.346952213 349 0.136973792348
12.1431194587 6.99110435788 7.02665959321 11.9308563067 892.434039634 427 0.136351240796
15.613361714 8.74612642665 8.77626859252 15.388707671 957.158864643 553 0.135734322686
6.62369884359 4.21625292005 4.2904932599 6.38284665726 259.765824273 230 0.135122961895
4.77517031264 3.25840593023 3.35879706216 4.54398599321 -409.251302885 163 0.13451708367
6.40608947526 4.10322115039 4.17929517076 6.16956609586 200.213624007 222 0.133916614588
4.73966426934 3.24211347021 3.34490914768 4.50241192599 -434.996283713 162 0.133321482535
12.3038270386 7.09626877687 7.1377613911 12.059204306 893.050262436 435 0.132731616671
15.4044978818 8.63616647459 8.66542913655 15.1844586445 957.005999327 545 0.132146947406
8.44289130912 5.1463980838 5.2069825934 8.19873110514 599.989708625 296 0.131567406368
10.1230148971 6.00087718522 6.05371028684 9.87679031564 768.806379724 357 0.130992926382
4.91530498946 3.33105902542 3.42839225662 4.68566675488 -340.237283128 168 0.13042344144
5.00049655552 3.37499045143 3.47025202692 4.7712455995 -299.238091541 171 0.129858886676
5.47818107371 3.6291655189 3.72064143163 5.23730711551 -111.153714851 189 0.129299198345
4.81557613092 3.28376055577 3.38656284556 4.57539519034 -401.47156375 165 0.128744313793
6.88344038944 4.3625892171 4.44235207307 6.62550540156 302.888403896 241 0.128194171438
7.02483416614 4.44301776887 4.52534879539 6.74991080768 315.251625075 247 0.127648710748
6.22325733809 4.00616453832 4.08214834509 5.99375647045 153.2187573 215 0.127107872214
4.80481395512 3.27367561294 3.37299108222 4.575781805 -392.167715261 164 0.126571597334
6.45300667334 4.1212114872 4.19330591056 6.23016124708 230.658947049 223 0.126039828586
5.92839152226 3.86007137669 3.94319949092 5.68877470924 50.2443564705 205 0.125512509413
11.4359420524 6.6401258705 6.67930200223 11.2192970464 851.337882066 402 0.124989584201
14.0198847772 7.93914978308 7.97096477615 13.8040216899 932.846870769 495 0.124470998257
15.4724802083 8.67698507838 8.70711111929 15.2424943711 958.290295706 548 0.123956697794
16.8303405451 9.38081931844 9.41404954005 16.5762560679 960.762968932 599 0.123446629907
6.55349228019 4.18449325279 4.26226246169 6.30833682948 220.567085363 228 0.122940742562
9.65509244494 5.74339670417 5.79043571171 9.43723966645 736.491788262 338 0.122438984573
14.2980952 8.0788706418 8.10994328047 14.0822383565 943.744445043 505 0.121941305585
6.45359566774 4.12123983079 4.19327611992 6.23103078856 225.328118978 223 0.12144765606
5.93749173619 3.86167231233 3.94315152683 5.70549704228 58.7493209552 205 0.120957987259
7.59899420501 4.7128253063 4.7766564653 7.36203439882 478.325032826 265 0.120472251225
14.6444143506 8.28176670667 8.31814979333 14.3892793767 945.949327373 520 0.119990400768
5.84069186791 3.80747364694 3.88763788104 5.61315593197 34.2123044244 201 0.119512389451
5.44555056552 3.60571504437 3.69298569343 5.21705141946 -107.73369998 187 0.119038171574
6.80254621229 4.30387841814 4.37387721392 6.56914327158 310.873861348 236 0.118567702158
13.7061356543 7.85532612955 7.91137682609 13.4030811281 900.436436603 491 0.118100936934
7.64202535896 4.75567583524 4.83076242988 7.37643588304 449.501942368 269 0.117637832327
13.1922635107 7.56430944391 7.60920527958 12.9239798188 908.083718294 469 0.117178345442
5.35211453976 3.56801047656 3.66461011938 5.10499917874 -161.1213434 185 0.116722434052
5.04470983454 3.40909298438 3.51183245547 4.79197252287 -295.113718814 174 0.116270056585
5.54901143412 3.6697593839 3.76245711613 5.30112538447 -77.7890543344 192 0.11582117211
5.41648482012 3.61433755237 3.71937241296 5.14135362783 -161.405782456 189 0.115375740328
15.8750835602 8.90358005597 8.94039993704 15.6201283841 941.469190715 565 0.114933721554
9.73137520194 5.78506681857 5.8322177515 9.50484064957 751.176477219 341 0.114495076712
8.3849473338 5.11849801752 5.17937336598 8.13742775505 601.188384528 294 0.114059767318
10.2735035634 6.08295099153 6.13656713189 10.015780269 769.167852983 363 0.113627755473
5.73742991856 3.75972243296 3.84553217527 5.5002653432 -18.5997440087 198 0.113199003849
15.9291588362 8.91039936 8.94203396307 15.699018562 952.05161111 565 0.112773475679
6.99045992274 4.41852222435 4.49786950433 6.72998132113 325.049265264 245 0.112351134746
10.0705290502 5.97437117922 6.02631439169 9.82011663852 769.117335933 355 0.111931945377
10.0829011473 5.98516162305 6.03902025529 9.82455231907 747.638164961 356 0.111515872426
8.76621942565 5.30405385287 5.35991703478 8.53046975584 653.643594227 307 0.111102881268
10.4476107391 6.17841153357 6.23422772396 10.1780105175 785.329180904 370 0.110692937791
12.922563655 7.39312755539 7.42912622051 12.6974197661 907.482060511 456 0.110286008382
14.3391819669 8.11554003773 8.15082844085 14.1007894308 935.54024355 508 0.109882059922
17.3517581953 9.62269502655 9.65100622901 17.1220045111 971.410557304 616 0.109481059777
9.61646667555 5.74705140313 5.80362397966 9.36542517505 720.324886149 339 0.109082975784
11.1314019407 6.48654766133 6.52664968316 10.9118403798 847.378841992 391 0.108687776248
11.2284904261 6.56118589799 6.60968638939 10.9762970756 837.80312776 397 0.108295429933
10.5652208672 6.22529295227 6.27616102143 10.3137801646 799.411173484 373 0.10790590605
10.4514833315 6.16905822409 6.22021997284 10.1972150328 785.328772181 369 0.107519174253
11.9468904252 6.89286570487 6.92937014599 11.7344692565 881.168284456 420 0.107135204628
11.4961992102 6.66872318858 6.70720134492 11.2792543772 864.415468832 404 0.106753967689
11.1648885163 6.5011199971 6.54053303828 10.9489140065 848.591584712 392 0.106375434366
9.82918180394 5.84802982222 5.90033096795 9.58679982165 732.694559111 346 0.105999576002
7.16932058101 4.50578996413 4.58125134257 6.91333546144 369.037226954 251 0.105626364341
8.9200277902 5.38670449757 5.4430233812 8.67588194634 657.072537889 313 0.105255771525
12.1034549893 6.97592882956 7.01277234691 11.8839726346 890.701436611 426 0.104887770086
12.8313688276 7.35008221644 7.38725905463 12.6050665623 903.434653625 453 0.104522332938
9.51875064943 5.69285425059 5.74750418787 9.27325065021 704.969022318 335 0.104159433373
10.6597776106 6.2488412897 6.29054606136 10.4400453452 820.352184422 374 0.103799045049
9.27721366992 5.5690872272 5.6235029758 9.03215363729 693.133569318 326 0.10344114199
8.54587346618 5.21031507782 5.2753333801 8.28467884634 595.256802335 301 0.103085698577
10.7117221501 6.28674301084 6.33197290751 10.4760575912 814.053280855 377 0.102732689542
12.4407689685 7.14406261851 7.17943605288 12.2229219229 901.924260852 438 0.10238208996
8.25935366429 5.0678045839 5.13605104177 7.99259162716 543.075434379 291 0.102033875247
6.94150250398 4.39132652993 4.46975163588 6.68514235352 308.986259506 243 0.101688021151
15.5904839878 8.73265482917 8.76241699064 15.3685342734 956.869336607 552 0.10134450375
9.75344915751 5.8084715449 5.85970359526 9.5105874088 742.873609063 343 0.101003299441
10.0821951675 5.97567604942 6.02602242462 9.83922969442 765.053294752 355 0.100664384941
9.80388607765 5.84483958854 5.90093993571 9.55028858433 741.986592612 346 0.100327737275
10.2476248275 6.06954575064 6.12280122361 9.98932462045 768.821881289 362 0.0999933337777
9.71712817067 5.78301193232 5.83205986405 9.48373136482 740.368812409 341 0.0996611520829
10.2246045368 6.055888449 6.1089923946 9.97323994426 771.169679256 361 0.0993311701212
4.34870260951 3.0169945458 3.10970065743 4.15231191794 -564.453832615 145 0.0990033661144
10.6778669865 6.26185556301 6.30442740969 10.4537430849 821.112547819 375 0.0986777185711
11.3679021018 6.61089311012 6.65161117001 11.143491777 857.3266101 400 0.0983542062816
14.1853130516 8.03350469001 8.0677271509 13.9550665354 931.707416867 502 0.0980328083132
12.0821057896 6.9828126414 7.02531874722 11.8453615247 866.487128719 427 0.0977135040063
12.4893993464 7.17105664673 7.20713445182 12.2713592184 900.727516323 440 0.0973962729693
9.30311785572 5.59085199065 5.65001814336 9.04996520645 680.707923023 328 0.0970810950748
9.93238739069 5.9036310975 5.95640003048 9.68420761337 751.924573058 350 0.0967679504548
8.93480313116 5.39833220078 5.45636420449 8.68772495164 647.926614573 314 0.0964568194971
16.8930023628 9.39899792296 9.42897235961 16.6525814382 967.883862479 600 0.0961476828408
13.3993142504 7.65299802737 7.69243495293 13.1484170975 912.41367577 475 0.0958405213724
10.2765355463 6.05323718264 6.09608374931 10.0611262696 793.653117315 360 0.0955353162219
10.6630481517 6.24900120809 6.29054645857 10.4461046228 821.631966739 374 0.0952320487588
16.7158872694 9.30275339395 9.33159010177 16.4866432039 963.647505127 593 0.0949307005886
10.2506952586 6.05971691034 6.10950569551 10.0107712034 779.458676399 361 0.0946312535487
9.34508052495 5.60736235561 5.66403691559 9.09859421942 687.94933009 329 0.094333689705
9.99155683126 5.91221639056 5.95721473505 9.77298192774 772.399495036 350 0.0940379913485
9.60163975822 5.73576876943 5.78977406494 9.3543510165 719.804695486 338 0.0937441409912
10.3596486649 6.12568033016 6.17842058543 10.1039821754 780.951380419 366 0.0934521213632
10.0649761932 5.96246853691 6.01201428545 9.83152335205 759.056157217 354 0.093161915409
9.50167205336 5.70072279479 5.76175523545 9.23201362856 705.253692065 336 0.0928735062844
10.3854508951 6.11985324174 6.16551737504 10.1522075893 798.909785931 365 0.0925868773532
11.755136026 6.79541287755 6.83221835855 11.5454175812 878.958004818 413 0.0923020121839
11.1488015119 6.49953496578 6.54054522132 10.9226543911 846.634042031 392 0.0920188945463
11.0393070485 6.44309545473 6.48466128151 10.8179120508 830.012048467 388 0.0917375084093
8.13222368238 4.99886231305 5.06656508162 7.87489961087 528.619997246 286 0.0914578379367
11.7067698711 6.81071721996 6.8596904551 11.4446551367 863.37170938 415 0.0911798674853
13.5976188703 7.72972617126 7.76277169703 13.3739718671 933.338741714 480 0.0909035816011
10.1718388586 6.00894756097 6.05443825827 9.94271519502 786.288663515 357 0.0906289650172
8.95079423062 5.41044454537 5.47030080219 8.69665994597 654.186298584 315 0.0903560026504
10.3380913093 6.08188362988 6.12388279507 10.1265099837 801.401633905 362 0.0900846795988
12.6225743851 7.25096594782 7.29000860318 12.3854517837 893.530758256 446 0.0898149811389
10.2162713735 6.05541923785 6.10978338679 9.95436098642 778.557264444 361 0.0895468927228
11.2073560837 6.52778992098 6.56832780344 10.983907193 850.360194462 394 0.0892803999762
13.9235613032 7.89604409024 7.92922588371 13.6970638089 931.903974059 492 0.089015488695
18.1167176836 10.000901458 10.0265780531 17.8909922992 982.719576261 643 0.0887521448435
17.5840071491 9.73482030588 9.76208546914 17.3598764389 973.237155382 624 0.0884903545514
7.71807701306 4.78819923841 4.85944003386 7.46099986374 480.411522996 271 0.0882301041115
13.6867264004 7.79438692175 7.83189525159 13.4373391167 929.091686724 485 0.0879713799777
11.5793605094 6.72144060449 6.76253023468 11.3489605605 857.054658471 408 0.0877141687621
10.0387160837 5.96964557543 6.02589004998 9.77131548955 756.287630308 355 0.0874584572328
10.5184144332 6.20975252225 6.26266355923 10.2541884319 798.991112848 372 0.0872042323121
17.9623205899 9.92979645581 9.9567824012 17.7278618694 975.731928743 638 0.0869514810736
9.28388562617 5.5884646337 5.65025251803 9.01890796394 680.012056325 328 0.0867001907404
6.91855399765 4.38534381883 4.46882562848 6.65393261494 288.321021981 243 0.0864503486831
13.4574738686 7.68203621839 7.72107716074 13.205186901 925.140785251 477 0.0862019424171
10.760115437 6.31302337932 6.35920723522 10.5264167198 806.207093454 379 0.0859549596012
10.0793436914 5.98341968239 6.03837382939 9.82675715315 744.284894442 356 0.085709388035
11.8439837531 6.84920231082 6.88774295681 11.6200615466 879.485216376 417 0.0854652156572
7.55451911944 4.70318223312 4.77536413767 7.30053712684 440.63211739 265 0.0852224305437
9.40183759006 5.63637385265 5.69258043762 9.15537496599 703.815970556 331 0.0849810209053
13.2011056606 7.54343136646 7.58140178995 12.9651570319 909.216773289 467 0.0847409750862
12.1012548072 6.97563639861 7.01272657186 11.8824654691 885.092480813 426 0.0845022815616
15.0455565627 8.4874285618 8.52580544659 14.7922251981 944.880119197 535 0.0842649289366
19.8746947921 10.9253795723 10.962986389 19.6174407343 957.788315318 711 0.0840289059436
7.32375081773 4.59637775643 4.67737573259 7.05382536125 377.207467059 258 0.0837942014413
6.47668019605 4.15286177327 4.23496715358 6.2163778377 227.83691015 226 0.083560804412
20.988599146 11.4342517895 11.4566660974 20.7716364266 985.448007801 746 0.0833287039609
20.6321155627 11.3144185204 11.3536609615 20.3655059515 972.162555627 739 0.0830978893136
27.2640885373 14.6470362044 14.6847375054 26.9980246156 984.012382049 979 0.0828683498149
15.4145791639 8.65762144124 8.69176169627 15.1773160735 944.586383375 547 0.082640074927
22.193391728 12.1029192473 12.1419792647 21.9193258633 966.085488782 796 0.0824130542278
23.5741607309 12.7878124367 12.8243331919 23.3131391872 977.087398148 845 0.0821872774095
24.122547909 13.0484632088 13.0793695747 23.869340941 988.3116991 863 0.0819627342768
20.2922351612 11.0752272964 11.0960468814 20.0850600611 985.632315151 720 0.0817394147458
14.7586686421 8.33337131486 8.37097337987 14.5170992199 922.62027115 524 0.0815173088419
18.3531598419 10.1329053769 10.1632637985 18.1190776417 967.68127683 653 0.0812964066988
13.0566322968 7.46313584378 7.4988249853 12.8274891174 923.400809488 461 0.0810766985568
15.3774243784 8.6524930745 8.69066368453 15.123150591 940.298265615 547 0.0808581747615
17.1889249586 9.53989986305 9.56801132123 16.9582758413 971.535835885 610 0.0806408257621
20.8521514072 11.4249270266 11.4630272669 20.5783069141 962.480222266 747 0.0804246421103
26.1464391775 14.0588352436 14.0882834246 25.8985050313 974.517299354 936 0.0802096144591
24.8226821569 13.4048399027 13.4373007331 24.5655772056 982.411382372 889 0.0799957335609
17.3032365107 9.63126889673 9.67140419966 17.0463082696 937.158023109 618 0.0797829902665
17.9143844888 9.92240059517 9.95486504749 17.6641109074 965.958330645 638 0.0795713755238
26.5542653629 14.2980100883 14.3374316173 26.2747181816 982.283214429 954 0.0793608803767
17.6712711911 9.79821192937 9.8311058624 17.4288406172 972.882298283 629 0.0791514959633
22.5040003337 12.2366563429 12.269339801 22.2485123996 969.150371648 805 0.0789432135151
29.2372580498 15.6338384329 15.6691787451 28.9677661047 982.629841615 1050 0.0787360243557
17.6709133664 9.83485667978 9.8803002867 17.3902197132 951.33830021 633 0.0785299198995
26.0678550189 14.0275400828 14.0600686298 25.8159424714 979.280688316 934 0.0783248916506
18.6791891816 10.2890840687 10.3167685916 18.4509256941 972.544349217 664 0.0781209312015
16.2134098011 9.06077593072 9.09450261799 15.9772596851 955.343247904 576 0.0779180302322
24.0853122022 13.0509745338 13.0879136429 23.808043778 977.256371377 864 0.0777161805088
24.5049190856 13.2514223381 13.2843155734 24.2361237171 980.429462048 878 0.0775153738825
29.0727476362 15.5605206525 15.5980904438 28.7948601624 980.360082491 1045 0.0773156022885
9.36522574791 5.60211830373 5.6515965082 9.13871011615 733.578958323 328 0.0771168577451
20.2309969501 11.0960885378 11.1313205855 19.9809779401 965.732880225 723 0.0769191323522
20.6851326921 11.3437714332 11.3837124007 20.4141590486 980.610084987 741 0.0767224182906
16.3728464759 9.13349020632 9.16447395649 16.1416261842 957.889074575 581 0.076526707821
18.8988266001 10.3905826104 10.4153226032 18.6778857968 982.226524462 671 0.0763319932828
17.7614803732 9.82893739426 9.85801835123 17.5344123703 961.616643329 631 0.076138267093
12.5305877968 7.21667983969 7.26099949123 12.2834869149 881.106521044 444 0.0759455217457
22.7819219757 12.3880739265 12.4238891409 22.5187918902 983.30641303 816 0.0757537498106
15.0450244009 8.50379415805 8.54923537513 14.7741575103 924.55736512 537 0.0755629439323
22.2383503738 12.1311230434 12.170947784 21.9560946074 972.888021536 798 0.0753730968293
34.1496282036 18.0737872524 18.1017551604 33.8986465155 986.974737292 1225 0.0751842012932
15.468986895 8.7234463147 8.77087917511 15.196591186 930.781685982 553 0.0749962501875
23.4382926494 12.7189808276 12.7552003944 23.1735395377 977.63434397 840 0.0748092364471
25.4648677639 13.7434515873 13.7794955114 25.1893062816 972.651054634 914 0.074623153077
17.9667985623 9.94058820985 9.97025249292 17.7255804464 974.102566663 639 0.0744379931517
18.5266538939 10.2574414986 10.297958576 18.2543724075 957.823678753 663 0.0742537498144
12.5955560661 7.26443628005 7.31401740824 12.3296170523 864.336648219 448 0.0740704162757
18.6354571329 10.2738030211 10.3029455602 18.3977651684 973.181933945 663 0.0738879858135
21.6974989174 11.8315226831 11.8661862799 21.4478673874 967.741070747 776 0.0737064517714
16.8845662991 9.43548893374 9.47998152602 16.6067842369 952.784218928 604 0.0735258075585
18.4302540887 10.2032218969 10.2426509734 18.1641518557 958.520536245 659 0.0733460466481
24.3442038991 13.1743370523 13.2097154371 24.0808613434 963.873333884 873 0.0731671625774
19.4485179247 10.7168609959 10.7556659211 19.1781384623 961.837253915 696 0.0729891489465
21.5129374339 11.7198780492 11.7466230884 21.2718664232 979.048949128 767 0.0728119994175
17.5493847568 9.76727243021 9.81018251372 17.2783029441 942.658244758 628 0.0726357077139
14.8789508571 8.41172119773 8.45444292736 14.6159389971 930.809912558 530 0.0724602676199
16.4979532566 9.21082876285 9.24622450146 16.2538992056 952.325633644 587 0.0722856729796
16.2913756819 9.13260852048 9.17520795905 16.0151088189 945.951627726 582 0.0721119176963
17.6787691748 9.83525538093 9.87938956531 17.4054369887 945.71667162 633 0.0719389957316
25.8660450881 13.9226051132 13.9521880475 25.6104329966 982.553239099 926 0.0717669011052
29.7459133021 15.8846954264 15.919007372 29.4796406287 981.816642708 1068 0.0715956278937
22.3126070247 12.1495670912 12.1853692737 22.0538673417 970.662137067 799 0.07142517023
18.1132325506 9.99915614306 10.0259111655 17.8911164378 973.726013505 643 0.071255522303
20.154782258 11.0555400433 11.0904469817 19.9065201188 968.84747465 720 0.0710866783565
16.8558768606 9.410165053 9.45177908512 16.5954194713 948.341820129 602 0.0709186326888
13.8561300916 7.8760459821 7.91473839227 13.6186411547 925.072400663 491 0.0707513796519
17.5978793198 9.74603806359 9.77542523067 17.3715113074 969.427930597 625 0.0705849136511
20.1074720222 11.0494404 11.0892072238 19.8404462309 969.794725481 720 0.0704192291442
24.2462511233 13.1133703973 13.1460323095 23.9925307281 980.23028003 868 0.0702543206407
18.0025994358 9.99100435532 10.0321347765 17.73227764 944.766769284 644 0.0700901827017
15.4671173887 8.71318968448 8.75744319519 15.2026632388 929.915194673 552 0.0699268099389
14.6211997851 8.2848092064 8.3283208319 14.3524562163 917.43712195 521 0.0697641970141
21.2371575188 11.6181489562 11.6560520295 20.9664370051 960.456142374 761 0.0696023386386
17.9828569267 9.94212059446 9.9702041102 17.747340649 970.696216146 639 0.0694412295727
14.1651483034 8.040192737 8.08007843684 13.9165380139 920.13708052 503 0.0692808646252
21.5835890577 11.7783695812 11.8117538233 21.3259952434 969.512674069 772 0.0691212386526
19.5521341691 10.7626593314 10.8010915055 19.296092013 973.946879277 699 0.0689623465588
29.599803219 15.8008260468 15.8288159158 29.3334082156 990.882876286 1061 0.0688041832943
27.2627847454 14.6422663702 14.6764294546 26.9924626236 989.967431897 978 0.0686467438561
17.8976971506 9.90962801975 9.94116045473 17.655076918 966.530476334 637 0.0684900232866
22.4100866657 12.2029856149 12.2411950079 22.150223985 975.09320234 803 0.0683340166735
15.1376389371 8.5370301577 8.57761974877 14.8800221442 919.051676948 539 0.0681787191491
17.2563586237 9.57865772835 9.60876381035 17.024034161 964.358487942 613 0.06802412589
23.1564718084 12.5798223836 12.6147861562 22.8828770779 967.652956863 830 0.0678702321162
27.2380221131 14.594321523 14.6194254562 26.9946710917 985.477188937 974 0.0677170330911
22.6467977717 12.3250543839 12.3640497375 22.3838584824 971.253177631 812 0.0675645241205
13.9779599933 7.94273102112 7.98268978384 13.7353741349 914.607764493 496 0.0674127005528
18.6667435372 10.3276997854 10.368607019 18.3928728159 961.321261873 668 0.0672615577777
23.8547538347 12.9358218101 12.9734722823 23.5793574699 965.996526096 856 0.0671110912263
13.231513042 7.57663890932 7.62129856722 12.9758389541 896.768622016 470 0.0669612963707
20.5586585619 11.2627658215 11.2978878876 20.3034147424 967.033349047 735 0.066812168723
16.6890987534 9.30896176815 9.3442787402 16.4410475978 961.638015277 594 0.0666637038354
16.5291974422 9.22602347798 9.26042954527 16.2820411854 952.897239185 588 0.0665158972995
19.1104655886 10.5389598444 10.5750552675 18.849312816 950.353701163 683 0.0663687447458
15.0356677105 8.47208914701 8.50960976904 14.7967899447 929.503844408 534 0.0662222418436
17.0474971831 9.5062269737 9.54747781611 16.7860298146 941.786167402 609 0.0660763843003
18.115973321 10.0110285454 10.0395016549 17.8790522564 972.585820669 644 0.0659311678608
24.9440458688 13.4836799836 13.5200341649 24.6660930296 978.679278491 895 0.0657865883075
10.5686108951 6.24319695345 6.30154662752 10.3028213517 775.502237626 375 0.0656426414599
26.5869437535 14.2818001387 14.3114715191 26.3349654246 980.32984936 952 0.0654993231737
19.5500895835 10.7315858304 10.7599326919 19.3175746738 968.493027143 696 0.0653566293408
