DEBUT ITERATION : 0
4.20513171054 2.9637045491 3.08071952205 3.96000495807 -25038.7468081 143 0.49983338887
4.71150457909 3.22048044068 3.31759580636 4.48787743691 -26010.3276819 160 0.491642084562
6.50063328772 4.17196211536 4.26033048245 6.23156623782 -29160.6914108 228 0.483714930668
5.17842082976 3.48014408183 3.58080912931 4.91921076054 -27320.0094233 179 0.476039352586
9.69938270611 5.78079807132 5.83157764905 9.45787973361 -31444.5569426 341 0.468603561387
11.2385305192 6.51988461031 6.55443905242 11.0457977752 -31864.5104599 393 0.461396493387
4.66001569941 3.21361578743 3.32982984137 4.39525028288 -26382.6948191 161 0.454407755226
17.2557976116 9.55752861522 9.58222218524 17.0435596129 -32433.9972872 611 0.447627573859
3.8925144083 2.78676947656 2.90025237595 3.67378059062 -23739.4797688 130 0.441046750956
9.41606973743 5.63727475231 5.6915608332 9.17552269718 -31244.3262519 331 0.434656621269
4.24858177006 2.99548617314 3.12085326947 3.98514763636 -25434.5479206 146 0.428449014567
5.83643407117 3.83076530168 3.9282201765 5.56345938821 -28488.4917125 204 0.422416220783
4.90760551794 3.33651721482 3.44153021121 4.65617390929 -26720.1979719 169 0.416550958067
4.72251675993 3.23759349377 3.34453079769 4.47841349148 -26254.4469773 162 0.410846343468
8.41123936071 5.1484614447 5.21783316302 8.1412799868 -30713.9223396 297 0.405295865982
6.04769629801 3.92744218703 4.01264833367 5.79550796775 -28697.8976206 210 0.39989336177
12.8568196012 7.36472197724 7.40165836104 12.6259397722 -32162.7682412 454 0.394632991318
5.73558779943 3.76830322757 3.8596434887 5.48230022774 -28246.2735504 199 0.389509218385
13.4180344891 7.67786369596 7.72090000078 13.1462595274 -32225.9121501 477 0.384516790567
4.41507587581 3.08338099251 3.20428843545 4.15355613403 -25784.6386618 152 0.379650721336
4.28384438497 3.01200682012 3.13431594445 4.02740800234 -25364.1434851 147 0.374906273432
4.25338943255 2.99709910843 3.12119133577 3.99131290528 -25412.8383678 146 0.370278943471
4.7599448445 3.26923555726 3.38574554697 4.48740564194 -26686.3699748 165 0.365764447696
4.3062367424 3.02555194256 3.14887106844 4.04456960157 -25538.3233005 148 0.361358708745
4.330227263 3.03886546703 3.16228524031 4.06632275542 -25599.5715698 149 0.357057843371
4.27328076506 3.00901726153 3.13421775357 4.00859907667 -25479.0802961 147 0.352858151023
4.39591104577 3.071488419 3.19098626611 4.13699647737 -25705.1241687 151 0.348756103232
4.39065452378 3.06964826716 3.19034522135 4.13144789019 -25669.6874295 151 0.344748333716
4.40893040615 3.08150612872 3.2039720744 4.14478628992 -25801.1924847 152 0.340831629175
4.5115507246 3.13815047597 3.26028943284 4.23889886178 -26167.441625 156 0.337002920692
4.49368570686 3.12641430504 3.24663439238 4.22786610092 -26049.116471 155 0.333259275717
4.69623560768 3.2307947201 3.34426920636 4.43647692146 -26384.6964377 162 0.329597890574
4.43328841968 3.09566426171 3.21861622728 4.16382972717 -25957.5025123 153 0.32601608346
4.48642279349 3.12439576149 3.24650975785 4.21427818294 -26108.1125156 155 0.322511287895
4.73246643997 3.25462876386 3.37159908171 4.46209143506 -26599.1873566 164 0.319081046586
4.23714392801 2.98559675139 3.10724909653 3.98398474898 -25230.7344739 145 0.315723005683
4.45614707838 3.10857810252 3.23183755433 4.18544854622 -25990.2134859 154 0.312434909394
4.34750834948 3.04414172031 3.16312511871 4.09489532862 -25504.9031483 149 0.309214594929
4.37050030053 3.06385598103 3.18994234647 4.09674348144 -25837.5760733 151 0.306059987758
4.39835042138 3.07191783719 3.19065305996 4.1438853037 -25637.5397575 151 0.302969097152
4.43998653653 3.09740880565 3.21837751387 4.17533000587 -25888.7798202 153 0.299940011998
4.29074633099 3.02081657605 3.14815867309 4.02000549423 -25620.2908861 148 0.296970896852
4.42585254261 3.08657113978 3.20467007024 4.1705343118 -25715.5415854 152 0.294059988238
4.35278433966 3.0524233298 3.17667417242 4.0841971693 -25750.1075622 150 0.291205591147
4.45154831632 3.1074672993 3.23213850404 4.17689012194 -26052.227421 154 0.288406075755
4.5018262285 3.1283986308 3.24639623358 4.24305126901 -25934.0897738 155 0.28565987431
4.28129718128 3.01131775553 3.13438891302 4.0236759638 -25404.8489236 147 0.282965478212
4.55093288257 3.15665804969 3.27523345006 4.28423182214 -26214.4760638 157 0.280321435246
4.70740357234 3.24087592947 3.35783999343 4.43649444434 -26556.5324902 163 0.277726346973
4.46179291359 3.11043553036 3.23233826922 4.19332908392 -25997.5751648 154 0.275178866263
4.31337577528 3.03399315515 3.16208004481 4.0378194072 -25733.8362553 149 0.272677694965
4.49575726394 3.12705484884 3.24675201464 4.23118168929 -26038.2818911 155 0.270221581697
4.28486294686 3.01244756222 3.1345733206 4.028314719 -25378.5530007 147 0.267809319764
4.07334841542 2.90411738182 3.03636902862 3.80353689417 -25064.6876582 140 0.265439745178
4.75010779719 3.25947989178 3.3720828318 4.48985577771 -26509.6716154 164 0.263111734783
4.22394284391 2.98169650054 3.10689992827 3.96175710252 -25340.8561372 145 0.260824204486
4.74509466133 3.25824990867 3.3721531574 4.48038775687 -26569.4403076 164 0.258576107568
4.50020181501 3.12799159899 3.24637227056 4.23929715913 -25957.9461258 155 0.256366433088
4.38919716874 3.06934821779 3.1905208928 4.12797750352 -25712.065688 151 0.254194204372
4.48610567791 3.11740984233 3.23308725797 4.23370130148 -25842.3055539 154 0.252058477567
4.29783181557 3.02307898324 3.14856752734 4.02993606843 -25603.5554775 148 0.249958340277
4.61117200227 3.18649734019 3.30235930519 4.34984169815 -26214.4390538 159 0.247892910263
4.44346491461 3.09850585069 3.2186289988 4.17986543124 -25873.9099204 153 0.245861334208
4.25473659167 3.00359135638 3.13401974869 3.97749373094 -25623.850095 147 0.243862786539
4.54783058362 3.15542028652 3.27467487966 4.28015146588 -26195.3277282 157 0.241896468312
4.38459324929 3.06813063337 3.19054337029 4.12030224648 -25754.1875266 151 0.239961606143
4.43648714454 3.09672129326 3.21880151565 4.16771328035 -25955.4055222 153 0.238057451198
4.32388632484 3.03734830912 3.16262116789 4.05446886188 -25690.6156029 149 0.236183278224
4.49128887478 3.12530861063 3.24598252996 4.22613513955 -25997.4178406 155 0.234338384627
4.23983689091 2.99293074068 3.1207055251 3.9703452846 -25494.0155627 146 0.232522089599
4.88770096239 3.33204295223 3.44196744274 4.62546310036 -26833.6813414 169 0.230733733272
4.52650828845 3.14268340346 3.26089106253 4.26161515842 -26116.3262561 156 0.228972675927
4.30560898506 3.02534275762 3.14880637004 4.04234811325 -25555.1885448 148 0.227238297228
4.1882590704 2.96439769716 3.09242634559 3.92191395667 -25301.5527827 144 0.225529995489
4.29096757579 3.02082604978 3.14821114496 4.01878570576 -25634.5381038 148 0.223847186987
4.25786617273 2.99780697167 3.12045675756 4.00184468991 -25295.4232041 146 0.222189305288
4.40233082403 3.07983439058 3.20413447582 4.13092869943 -25890.2447022 152 0.220555800618
4.36469309944 3.05549423251 3.1765289162 4.1049301015 -25615.2725923 150 0.21894613925
4.19185403668 2.96547069482 3.09251353544 3.92721256391 -25281.0606433 144 0.217359802927
4.30441054437 3.0249265642 3.14870750586 4.04155573715 -25544.9982004 148 0.215796288304
4.96707901066 3.3744446074 3.48360896228 4.70279127799 -27006.0646098 172 0.214255106413
4.54727051745 3.15508238933 3.27447530413 4.27905741034 -26186.9537093 157 0.212735782159
4.61689050436 3.18809264091 3.30252549483 4.35740640269 -26215.3613795 159 0.211237853823
4.88302632565 3.33076828129 3.44183241455 4.61666839197 -26865.5076671 169 0.209760872605
4.40069929712 3.07255205255 3.19069234024 4.14631982888 -25636.0354927 151 0.208304402166
7.54209780243 4.71139981037 4.78991144998 7.26448382957 -30321.4816422 266 0.206868018204
4.75058117518 3.26665152311 3.38559004811 4.4709465048 -26743.6567274 165 0.20545130804
4.98280374713 3.3920859779 3.50950104949 4.70017364057 -27178.2822335 174 0.204053870222
9.40831420449 5.66827071091 5.73476564416 9.11659607395 -31401.2383438 334 0.202675314147
17.6414804056 9.79990824946 9.83207775123 17.3690254233 -32443.0920542 629 0.201315259697
46.3752986473 24.2148117176 24.2337779838 46.0835708726 -32500.6437352 1666 0.199973336888
4.38374573766 3.06771546359 3.19024553444 4.11843651143 -25762.9227135 151 0.198649185538
20.9459930072 11.4445432856 11.470737442 20.694763106 -32480.6128669 747 0.19734245494
15.9007723143 8.92156740416 8.95675787851 15.6336617783 -32388.2944404 566 0.196052803555
5.27859296218 3.53515940532 3.63686756273 5.01910690679 -27537.0785061 183 0.194779898714
4.51593477801 3.13909542559 3.25984479061 4.24696699315 -26112.1733025 156 0.193523416333
13.1339419794 7.51585437807 7.55441502842 12.888545383 -32206.1132473 465 0.192283040636
4.62276118116 3.19654590131 3.31575182366 4.35151257439 -26380.9962925 160 0.19105846389
13.116754766 7.51414168785 7.55433803481 12.8592090695 -32206.9052834 465 0.189849386154
4.72437961422 3.24614815075 3.35905242984 4.46290879113 -26536.4578464 163 0.18865551503
4.50881443038 3.13693241352 3.25945821474 4.23810254695 -26102.7882463 156 0.187476565429
4.72925482517 3.25409598704 3.3720023884 4.45462613786 -26667.567865 164 0.186312259347
4.67812405363 3.22578172324 3.34386090932 4.40600103803 -26508.6466275 162 0.185162325639
7.41262761564 4.65020304418 4.7333599121 7.12658401669 -30182.239542 262 0.184026499816
6.33858747165 4.09673210616 4.19145715066 6.05363636846 -29153.9521902 223 0.182904523839
14.8055976101 8.39748940105 8.44225670016 14.5070505528 -32316.082018 529 0.181796145922
5.98319556244 3.92020632894 4.02428254204 5.68492302249 -28854.3280725 211 0.180701120347
5.75801327274 3.79677510075 3.89992926442 5.47255854336 -28475.5383713 202 0.179619207281
12.6512601044 7.29885847541 7.3458510372 12.3709210119 -32152.5720506 450 0.178550172598
5.22735277366 3.51423531696 3.62189275251 4.9539754114 -27536.9945065 182 0.177493787717
5.86497815716 3.84553213376 3.94214668962 5.59074085795 -28548.8182133 205 0.176449829432
5.31135271746 3.55747336281 3.66329507748 5.04113959365 -27631.8362743 185 0.175418079757
5.63053841956 3.72670830816 3.82968178821 5.35449405169 -28155.8038838 197 0.174398325776
18.3610762639 10.1924649923 10.2324106373 18.0563260883 -32417.9287017 658 0.173390359496
9.45083687926 5.70214056395 5.77470686042 9.14559478563 -31340.0217654 337 0.172393977704
8.32474611508 5.10834277241 5.17852946558 8.0499646267 -30828.7900552 294 0.171408981831
17.0025402977 9.48896573335 9.52616771299 16.7256600123 -32414.0395645 607 0.170435177821
30.0513727077 16.2087475887 16.2935122657 29.6744762483 -32380.5716032 1097 0.169472376003
42.0091753981 22.2919063382 22.4061059277 41.6025303839 -32398.5969038 1539 0.168520390967
15.4614978578 8.72099810221 8.76220227612 15.1691167774 -32362.3570135 552 0.167579041448
13.6834932584 7.82625853463 7.87300451884 13.3967713453 -32233.1191618 488 0.166648150206
104.274184207 55.6230930644 56.7750343059 103.680885357 -32402.9005179 4127 0.165727543918
61.679134507 32.6313245822 32.9248639815 61.1859232208 -32361.9613955 2330 0.164817053071
7.50765480725 4.68472004185 4.76013470753 7.24201918691 -30110.9110737 264 0.163916511857
5.17365998145 3.4704275201 3.56715823733 4.93414842765 -27100.4215333 178 0.16302575807
7.3017186434 4.55768870799 4.62346350806 7.07280578848 -29916.1675193 254 0.162144633013
9.17004345453 5.50383691569 5.5544025466 8.94078928329 -31218.4030885 321 0.1612729814
5.39904825018 3.59454020976 3.6921789958 5.14629717639 -27657.5086041 187 0.160410651267
5.56491614222 3.68080838252 3.77584137648 5.30828943502 -27970.9841629 193 0.159557493884
6.77478281092 4.30590565031 4.38673764402 6.51779207716 -29475.9289909 237 0.158713363665
5.6276467207 3.71127481955 3.80374174482 5.37533433527 -28038.4798108 195 0.157878118093
9.34951952397 5.61843489589 5.67883844755 9.09197671652 -31267.3620047 330 0.157051617632
5.79481134926 3.78889164802 3.87346650343 5.56039091204 -28144.4458183 200 0.156233725654
7.05653753204 4.44923663828 4.52606748848 6.79852341584 -29799.1113003 247 0.155424308362
4.90282369679 3.32746679583 3.42777074888 4.66697533134 -26500.9857662 168 0.154623234718
9.11643017451 5.50463020083 5.56765601552 8.84799547231 -31199.038086 322 0.153830376372
7.18735112158 4.51786191392 4.59463491567 6.92837180008 -29866.6682058 252 0.153045607591
5.84174695951 3.81533690867 3.90095815251 5.60396400323 -28218.1439878 202 0.152268805197
6.01959761064 3.9125195164 3.99853657589 5.76869385275 -28611.8442332 209 0.1514998485
8.51143382436 5.18584218653 5.24843272634 8.26307602641 -30847.8892618 299 0.150738619234
5.09616810184 3.42870287966 3.52558768982 4.85831279952 -26940.5947334 175 0.1499850015
5.6814644211 3.73101478953 3.81778004434 5.44640490631 -27958.8677837 196 0.149238881703
5.03702633019 3.3986335377 3.49745195628 4.79912130705 -26804.9353219 173 0.1485001485
9.1851021536 5.53464240657 5.59526061979 8.92567482139 -31208.1852267 324 0.14776869274
5.89392641869 3.85175412607 3.94240302365 5.63525250157 -28463.2805348 205 0.147044407411
6.07358257971 3.93211411532 4.01256156581 5.83947161935 -28565.8026204 210 0.146327187591
6.53953751201 4.18084642491 4.26173301541 6.28934490786 -29187.5725591 228 0.145616930395
5.71362123268 3.76046630491 3.85667688271 5.45667024951 -28000.6945552 199 0.144913534924
6.23210583119 4.0247319 4.10972524212 5.97963699842 -28906.1627209 217 0.144216902221
7.10949043848 4.47812547615 4.55440571145 6.84740756865 -29933.1892831 249 0.143526935222
4.37401510062 3.05186895155 3.16410547429 4.13404632771 -25413.9143075 149 0.142843538711
5.4639923277 3.61777622638 3.70674268314 5.23198268584 -27614.0907331 188 0.142166619278
8.07242720595 4.98709980138 5.06541287925 7.7889138125 -30519.8996694 286 0.141496085275
5.43397191972 3.60311988217 3.69294319268 5.19810677663 -27607.6657641 187 0.140831846775
6.50692391423 4.15822253218 4.23482569022 6.2654432401 -29207.2008013 226 0.140173815531
6.57948923419 4.21361067758 4.30187784479 6.31004027627 -29246.9220477 231 0.139521904939
6.47551689781 4.13451545552 4.20718225357 6.24689453944 -29102.0148515 224 0.138876029997
6.81075128518 4.33811657618 4.42691806379 6.53348220837 -29531.4137623 240 0.138236107271
6.65792692609 4.24721804416 4.33057587008 6.40069431934 -29302.3134037 233 0.137602054857
7.4720047456 4.6689054885 4.74664287858 7.2049722043 -30067.3702957 263 0.136973792348
4.94219655931 3.34553462152 3.44249102157 4.71039328137 -26604.7666574 169 0.136351240796
5.74486747474 3.75349275809 3.83211461547 5.52739633525 -27979.3386064 197 0.135734322686
6.90590227398 4.34956924226 4.41554580915 6.68627142983 -29541.3996416 239 0.135122961895
7.89391253519 4.89124102603 4.96874363209 7.61653853534 -30410.7781788 279 0.13451708367
8.06360724038 4.97798472948 5.05347743284 7.78293677869 -30621.4231531 285 0.133916614588
4.76336139426 3.25492338376 3.35820427473 4.52771908331 -26217.1558795 163 0.133321482535
7.01413128265 4.4393518018 4.52396736458 6.73738537177 -29712.0118763 247 0.132731616671
6.38370713282 4.10605984875 4.19201011302 6.12500193822 -29048.8028181 223 0.132146947406
6.24832895966 4.04269192436 4.1349082434 5.97948337919 -28841.4152247 219 0.131567406368
6.15886596088 3.99114816807 4.08059271929 5.89932561963 -28760.4294399 215 0.130992926382
6.68855047538 4.26245207806 4.34480539214 6.42953415649 -29375.7747429 234 0.13042344144
6.72295740336 4.2855422812 4.37170217969 6.45796765798 -29358.3572741 236 0.129858886676
6.26275687912 4.04533122742 4.13474697283 6.0029765296 -28771.0094482 219 0.129299198345
6.45691819733 4.13790051545 4.21991175824 6.20867463156 -29051.2609401 225 0.128744313793
6.53066751595 4.18634348449 4.27395711918 6.26280572004 -29163.1170928 229 0.128194171438
7.14167475306 4.49125954463 4.56724187139 6.88879786544 -29795.5176461 250 0.127648710748
7.20862568076 4.53135173429 4.6091864988 6.94323848675 -29950.2007142 253 0.127107872214
6.50770319559 4.16589635964 4.24773581006 6.25462273617 -29171.1849582 227 0.126571597334
6.86680952101 4.35780516106 4.44119846031 6.60265654201 -29512.1994259 241 0.126039828586
6.90819605722 4.38428603687 4.46938412532 6.6312876637 -29671.8329427 243 0.125512509413
6.68878566543 4.27023494642 4.35765423491 6.4172637083 -29371.8310234 235 0.124989584201
5.88099767314 3.84075628343 3.92891771042 5.63226281541 -28380.8646179 204 0.124470998257
6.83372805198 4.3347678859 4.41425290682 6.5774827121 -29512.3241094 239 0.123956697794
6.88896923879 4.37191561053 4.45542553469 6.61612320201 -29641.7291579 242 0.123446629907
7.97772888296 4.92620505677 4.99796413531 7.70798094502 -30556.777863 281 0.122940742562
6.83066171247 4.34246983406 4.4275989058 6.55787940415 -29555.8051057 240 0.122438984573
6.65599638632 4.24706661969 4.33052845093 6.39417398047 -29337.8300267 233 0.121941305585
6.56462294962 4.20158318009 4.28785824556 6.3031053368 -29149.1816609 230 0.12144765606
6.88221894342 4.3694788833 4.45475192154 6.61046292184 -29550.2407458 242 0.120957987259
6.26487361268 4.03897401785 4.12275316284 6.01643502439 -28841.1832035 218 0.120472251225
8.51004552175 5.1946750493 5.26176798545 8.24694470249 -30842.5354938 300 0.119990400768
7.13093840706 4.49700840498 4.57994478359 6.8608447594 -29772.7988011 251 0.119512389451
5.13618202552 3.45301592489 3.55215378087 4.89120336329 -27018.5211173 177 0.119038171574
10.1291709044 6.03225549872 6.09550623511 9.84611721057 -31580.0082545 360 0.118567702158
15.1919484753 8.61003707942 8.66337581577 14.8844024629 -32282.7976042 545 0.118100936934
7.05902752109 4.45869888232 4.53946329935 6.7875146577 -29859.1783787 248 0.117637832327
6.46214576387 4.14791064629 4.23356421659 6.19855866742 -29164.6452851 226 0.117178345442
10.3364365234 6.11212276825 6.16507222844 10.086088095 -31622.8120209 365 0.116722434052
12.4166133702 7.17339010879 7.22067170156 12.1475860651 -32092.5018984 441 0.116270056585
9.09110122526 5.48102056109 5.54013173336 8.84089491357 -31159.8187756 320 0.11582117211
8.56558876054 5.22370922279 5.29002473655 8.29872881442 -30929.1391808 302 0.115375740328
6.39960775732 4.11633778398 4.20446512962 6.13939298689 -28952.3053815 224 0.114933721554
10.9887189506 6.44757395879 6.49875295246 10.7279155694 -31834.7607757 389 0.114495076712
10.4461982902 6.17842291961 6.23450904251 10.1797358284 -31673.2156241 370 0.114059767318
9.38368735587 5.6338134919 5.69294940159 9.12573551871 -31300.188644 331 0.113627755473
12.0307527255 6.98757391951 7.04025574399 11.7572663084 -32015.6146657 428 0.113199003849
8.40833915087 5.14859311527 5.21961683302 8.13689716473 -30757.78259 297 0.112773475679
6.48865191296 4.16210566203 4.24767841845 6.22263867646 -29228.7622806 227 0.112351134746
16.6820217965 9.35273512237 9.399823086 16.3795173749 -32368.3340984 598 0.111931945377
7.38754619977 4.61829277739 4.69217391801 7.13123749191 -30043.7688053 259 0.111515872426
9.71409066697 5.82009907994 5.88619967572 9.43122773758 -31374.4572476 345 0.111102881268
9.9970050733 5.94339911415 5.9984761406 9.74156404208 -31535.9553135 353 0.110692937791
9.53167376462 5.715898969 5.77636025314 9.2611594694 -31398.1096797 337 0.110286008382
11.4537426718 6.69320630849 6.74795608461 11.1823990181 -31876.6928283 407 0.109882059922
7.50781750264 4.67674947617 4.7481332014 7.25661898745 -30144.2568634 263 0.109481059777
14.5987225905 8.30378617275 8.35757605175 14.303173954 -32230.5860987 523 0.109082975784
10.1470668414 6.0322558739 6.09336293547 9.87704222158 -31462.37952 360 0.108687776248
7.20856767627 4.53095712515 4.60873832266 6.9453699806 -29913.3508963 253 0.108295429933
9.81301254191 5.86560056341 5.92821827963 9.53398006247 -31447.3601321 348 0.10790590605
6.82927859605 4.34220192003 4.42742794531 6.55577027529 -29557.5563176 240 0.107519174253
7.74753218214 4.80201308448 4.87294460322 7.49254274383 -30326.6948458 272 0.107135204628
6.6128235851 4.22088365658 4.30274512534 6.35913864101 -29238.2798725 231 0.106753967689
6.84375457769 4.33681206234 4.41451528442 6.59374960239 -29510.4883796 239 0.106375434366
6.73120877159 4.28781652842 4.37216523961 6.46733209204 -29411.2815274 236 0.105999576002
6.43972944291 4.14222319459 4.23236629257 6.16639364021 -29114.8053238 226 0.105626364341
10.7379118952 6.3378938585 6.39924705459 10.4611532331 -31638.3225386 382 0.105255771525
7.30359108847 4.57601237215 4.65089251135 7.04709915537 -29996.965934 256 0.104887770086
13.6834290034 7.85392424046 7.91298243339 13.3740304338 -32154.3240428 491 0.104522332938
13.5680092143 7.77829308232 7.83104161249 13.279238171 -32184.823654 485 0.104159433373
9.8722774153 5.90361956382 5.9691221349 9.58285399422 -31451.3155762 351 0.103799045049
6.5184304516 4.18433083371 4.27447753701 6.24827208875 -29220.8410863 229 0.10344114199
6.44021986307 4.13369231184 4.21876807325 6.18479001973 -29000.226166 225 0.103085698577
6.9053007765 4.37551215083 4.45602939962 6.64436996732 -29639.857823 242 0.102732689542
11.4084868807 6.67708064921 6.73392761996 11.1290992256 -31872.3212336 406 0.10238208996
9.00350060494 5.44885079866 5.51250169751 8.73485436308 -31184.0587922 318 0.102033875247
6.42001386865 4.13071372801 4.21938871903 6.14942388834 -29161.2290857 225 0.101688021151
10.6664527133 6.30876033549 6.37211651887 10.3792747962 -31670.8004685 380 0.10134450375
7.83048017193 4.86200585014 4.94105372974 7.54502248419 -30418.8101961 277 0.101003299441
6.17805259715 4.00259510822 4.09307191573 5.91492353742 -28712.3431705 216 0.100664384941
5.71331565359 3.76171367139 3.85781479002 5.45002964822 -28161.5363968 199 0.100327737275
19.6568804914 10.8783298699 10.9336990778 19.3349501794 -32361.5446531 709 0.0999933337777
7.86007833296 4.86792138394 4.94219847867 7.59287650551 -30436.3405064 277 0.0996611520829
9.67611016296 5.80372457734 5.87093878711 9.39142738096 -31319.3145971 344 0.0993311701212
15.9231212779 8.96522288121 9.01635171439 15.638917178 -32178.4513446 571 0.0990033661144
13.4379674164 7.6977772405 7.74621740333 13.1598122889 -32145.9417117 479 0.0986777185711
10.0194055328 5.98299509745 6.05088964767 9.72721505009 -31411.4942115 357 0.0983542062816
11.2977057698 6.63778726115 6.70265571753 10.9964716776 -31724.7391399 404 0.0980328083132
9.2565280703 5.58383115005 5.65028100209 8.97860915877 -31217.3715381 328 0.0977135040063
13.1439930756 7.55275874864 7.60569007919 12.8684491101 -32036.3195314 469 0.0973962729693
6.21096150462 4.02818734093 4.12264479956 5.93165048379 -29014.7561867 218 0.0970810950748
17.8929063861 9.94797559402 9.98481637093 17.5993759807 -32443.8526199 640 0.0967679504548
4.22200133741 2.97476587017 3.09373263411 3.97370661651 -25111.4960553 144 0.0964568194971
12.9805639026 7.43355887568 7.47110370035 12.7360204764 -32184.2065579 459 0.0961476828408
9.61602819613 5.74942818508 5.80438163545 9.35850584561 -31459.9675746 339 0.0958405213724
6.20766584532 4.01249350868 4.09561427414 5.9532115611 -28950.9881591 216 0.0955353162219
33.3275369811 17.7324716223 17.7621110045 32.9934820911 -32499.3367452 1200 0.0952320487588
35.2341570182 18.7350424261 18.7754631331 34.8621477167 -32499.3351762 1273 0.0949307005886
31.4175738997 16.812963585 16.8568494633 31.057033947 -32493.8153805 1135 0.0946312535487
34.9896861744 18.6285843565 18.6764310117 34.6135178455 -32497.9138163 1266 0.094333689705
30.12461688 16.1615269196 16.2048915477 29.7691400134 -32494.0328098 1088 0.0940379913485
34.083763088 18.1403268869 18.1780860283 33.7297840832 -32498.8555792 1230 0.0937441409912
27.5766647225 14.8810644515 14.9264661927 27.2235781013 -32488.1799775 996 0.0934521213632
30.6891362286 16.4317520287 16.4699850024 30.3420709048 -32497.1241469 1107 0.093161915409
27.0669597392 14.6186621076 14.6632039157 26.7133617725 -32488.1176267 977 0.0928735062844
31.8503205547 17.03530926 17.0797863998 31.4916879135 -32495.0298203 1151 0.0925868773532
25.1792447536 13.6638434371 13.7055672001 24.8304562189 -32486.705357 908 0.0923020121839
26.4238761202 14.2691978332 14.3038774345 26.0953270804 -32495.6671458 951 0.0920188945463
28.43439558 15.3315309054 15.3842537851 28.0694124397 -32486.9047148 1029 0.0917375084093
25.1780281135 13.6519954414 13.6915967153 24.8383574291 -32486.7510652 907 0.0914578379367
29.5140530045 15.8667499331 15.9131900354 29.1443083928 -32492.8528765 1067 0.0911798674853
30.0514092918 16.1204585944 16.1632164378 29.7056456237 -32493.9570883 1085 0.0909035816011
24.9419309519 13.5470683711 13.5934447329 24.5986894539 -32480.5658782 900 0.0906289650172
31.6875691974 16.9721297405 17.0236980793 31.3263289936 -32494.1532013 1147 0.0903560026504
27.4073803744 14.7667816771 14.8029883318 27.068813723 -32493.2486896 987 0.0900846795988
29.2019008692 15.7124513952 15.7601334232 28.8324323502 -32491.3902207 1056 0.0898149811389
29.824732778 16.0187539668 16.0653026026 29.4612162662 -32492.8056484 1078 0.0895468927228
27.4666513417 14.82539751 14.8709049268 27.1126136138 -32487.4428413 992 0.0892803999762
30.0746275776 16.1212214019 16.1629357387 29.737544542 -32493.5140572 1085 0.089015488695
32.369424788 17.2987928027 17.3444555883 32.0135594329 -32497.2388002 1170 0.0887521448435
36.9195289395 19.5598238278 19.594906682 36.5656879112 -32500.959501 1332 0.0884903545514
28.8174445356 15.4851636299 15.5246694086 28.4765036657 -32493.0461287 1039 0.0882301041115
31.0037552843 16.5952998988 16.6359257847 30.6557344001 -32496.1505114 1119 0.0879713799777
29.9523043003 16.0549856462 16.0946045702 29.6186785524 -32496.2653769 1080 0.0877141687621
26.881703215 14.4910024195 14.5255580489 26.5621644292 -32493.6559074 967 0.0874584572328
26.5950827005 14.3831333268 14.426982215 26.2422438471 -32487.5510893 960 0.0872042323121
28.2991713295 15.2344741281 15.2749785169 27.9478457451 -32493.3362239 1021 0.0869514810736
34.9733082462 18.5855439034 18.6223091352 34.6244423765 -32499.1605041 1262 0.0867001907404
26.9034225855 14.5248824903 14.5663439524 26.5698924628 -32489.5509679 970 0.0864503486831
27.5549224225 14.8496070127 14.8869042563 27.2139554169 -32495.7193885 993 0.0862019424171
28.0348135395 15.1077151093 15.1500620917 27.6828274241 -32493.1776997 1012 0.0859549596012
27.0855638781 14.6201491219 14.6630342397 26.7431974883 -32488.678811 977 0.085709388035
36.5616437808 19.3687053106 19.4011119156 36.2174154943 -32501.1613964 1318 0.0854652156572
26.1491354547 14.1174382272 14.1509539146 25.8380163598 -32493.9629613 940 0.0852224305437
30.9794663496 16.5903743289 16.6351560304 30.6277564935 -32494.4455647 1119 0.0849810209053
26.7659519261 14.443982066 14.4832082938 26.4382642537 -32490.2377465 964 0.0847409750862
28.5373969217 15.3655872133 15.4125033916 28.1851180746 -32489.3286693 1031 0.0845022815616
28.7736479051 15.4486640624 15.4836436775 28.4420088939 -32494.8987775 1036 0.0842649289366
31.292530448 16.7539101879 16.8011424554 30.9419756406 -32493.768169 1131 0.0840289059436
34.6693050972 18.4628336306 18.5098363483 34.3042698604 -32496.7123233 1254 0.0837942014413
29.2667367661 15.7199910927 15.7605156132 28.9195612386 -32492.9368188 1056 0.083560804412
37.4890455839 19.8497455828 19.8861431046 37.1336662245 -32500.7900386 1353 0.0833287039609
28.1385234547 15.1490226439 15.1905929132 27.793968646 -32490.0722826 1015 0.0830978893136
33.6760190435 17.9517856232 17.9961683716 33.3173733776 -32496.4881065 1217 0.0828683498149
30.9656937731 16.5687034349 16.6080137373 30.6255953957 -32495.3767658 1117 0.082640074927
34.8631770207 18.5582208481 18.6064852101 34.5070552309 -32496.5735682 1261 0.0824130542278
24.2409343569 13.1885189655 13.2324870072 23.9012549406 -32477.6951617 874 0.0821872774095
24.7331827568 13.426918449 13.4684616542 24.4039327075 -32480.9931488 891 0.0819627342768
34.9097037533 18.5778017569 18.6218223905 34.5462690629 -32497.7305405 1262 0.0817394147458
34.2746899 18.2850534641 18.3402127035 33.9049034491 -32492.9067471 1242 0.0815173088419
29.3189045685 15.7563835155 15.8014917629 28.9712342034 -32491.1757142 1059 0.0812964066988
37.4250785263 19.8733495599 19.9258656517 37.0450361307 -32498.7425632 1356 0.0810766985568
29.8886232233 16.0490801133 16.0939427114 29.5281870823 -32493.7576637 1080 0.0808581747615
30.434680763 16.3255092713 16.3715333932 30.072613683 -32494.3922201 1100 0.0806408257621
31.0552783101 16.6219810789 16.6633507034 30.7053686621 -32494.7680347 1121 0.0804246421103
31.3534907313 16.794136337 16.8429614276 30.9956056828 -32494.1069939 1134 0.0802096144591
30.4196436206 16.3114539186 16.3566237702 30.0720213288 -32492.2383842 1099 0.0799957335609
28.9289954779 15.5605627461 15.6071912661 28.5827140607 -32491.0133345 1045 0.0797829902665
32.2119891604 17.2023152698 17.2461724854 31.8749761158 -32495.8222824 1163 0.0795713755238
24.8718617683 13.4962799548 13.5374435275 24.5440244127 -32478.1501046 896 0.0793608803767
35.1315403592 18.6775350084 18.7190855684 34.78462051 -32497.7315854 1269 0.0791514959633
28.1128982555 15.138246192 15.1783431327 27.7637080686 -32494.2976357 1014 0.0789432135151
30.6663291796 16.4149426423 16.4544698285 30.3300105928 -32493.38451 1106 0.0787360243557
34.4688686373 18.323571249 18.3587509952 34.1246692804 -32499.0989592 1243 0.0785299198995
25.7955243317 13.9492788043 13.984064946 25.4665818774 -32492.6929939 928 0.0783248916506
29.8795858085 16.0563194086 16.1064803155 29.5125276476 -32490.583372 1081 0.0781209312015
30.5305542115 16.3767737985 16.4260850235 30.1771136942 -32492.1447947 1104 0.0779180302322
30.9874602897 16.5934290756 16.6360614843 30.6362942175 -32496.5523825 1119 0.0777161805088
29.0368550443 15.5757268011 15.6093507202 28.7144819866 -32497.1050503 1045 0.0775153738825
34.5033410708 18.3498271291 18.3862050344 34.1493097393 -32498.6976341 1245 0.0773156022885
32.5486032665 17.3893804409 17.4389550329 32.1976562934 -32492.0495964 1177 0.0771168577451
31.8473051478 17.0334217844 17.0796301213 31.4958608777 -32495.5460074 1151 0.0769191323522
29.6023742384 15.8863612156 15.9278442728 29.2649803933 -32494.8689812 1068 0.0767224182906
32.5190072224 17.3569437769 17.3987977932 32.1777004834 -32495.4375353 1174 0.076526707821
33.5764256355 17.8971022925 17.9406647344 33.2285859269 -32496.4392222 1213 0.0763319932828
31.0787669961 16.6347357966 16.6771844142 30.7264356759 -32495.7081153 1122 0.076138267093
29.3201793907 15.7346400242 15.7748433745 28.9925086789 -32494.3377047 1057 0.0759455217457
29.5897409648 15.8829064831 15.925816968 29.2525964352 -32490.1422561 1068 0.0757537498106
28.8953689218 15.5258643987 15.5665380701 28.5636041725 -32493.9774772 1042 0.0755629439323
30.1980161653 16.2005082535 16.2464390307 29.8432740947 -32494.319824 1091 0.0753730968293
26.878822094 14.5015264458 14.5391480922 26.5447675714 -32492.0314407 968 0.0751842012932
32.8940000098 17.5206655019 17.5536768334 32.5556623798 -32499.1679613 1185 0.0749962501875
34.7793841675 18.5271708985 18.5787302866 34.414615326 -32496.2348289 1259 0.0748092364471
33.5234078362 17.8806287104 17.927076284 33.1702477418 -32496.6035356 1212 0.074623153077
29.4751562417 15.8273895594 15.8709808085 29.1296210602 -32492.1109728 1064 0.0744379931517
31.7083107401 16.9530446427 16.9962175877 31.3612696965 -32494.6255368 1145 0.0742537498144
35.1968437635 18.7278936712 18.7742603715 34.8268523265 -32498.2470607 1273 0.0740704162757
26.7106134293 14.4364478883 14.4825720693 26.3753833685 -32487.1793777 964 0.0738879858135
31.4845919127 16.8319493692 16.8716381932 31.1418156896 -32495.6163864 1136 0.0737064517714
30.2016297367 16.2208294689 16.2731122111 29.8462134512 -32491.5824152 1093 0.0735258075585
29.049969003 15.608726331 15.6498325929 28.7072276564 -32494.2259442 1048 0.0733460466481
36.2084074921 19.2592056763 19.314559957 35.8340312882 -32497.8899445 1312 0.0731671625774
30.7421279679 16.4852831928 16.5359778488 30.3927124483 -32489.4600153 1112 0.0729891489465
24.9075399086 13.51327538 13.5529015037 24.571995073 -32486.5969517 897 0.0728119994175
33.2977975556 17.7265918962 17.7617737863 32.9657437748 -32498.7360755 1200 0.0726357077139
28.3130041692 15.2362643629 15.2755388787 27.9680430371 -32494.9006501 1021 0.0724602676199
28.9481562772 15.5750433332 15.6215972117 28.5942062075 -32492.0799138 1046 0.0722856729796
36.4912008257 19.3791620554 19.4264481926 36.1260714513 -32497.1716917 1320 0.0721119176963
30.80017183 16.493675622 16.5369979784 30.4586241933 -32491.6104589 1112 0.0719389957316
29.7644556834 15.9920017134 16.0382924543 29.4002952812 -32493.2498962 1076 0.0717669011052
27.1548963453 14.6398360022 14.6775147444 26.8298733356 -32490.6094978 978 0.0715956278937
25.5918535613 13.8599686335 13.9001750378 25.2565321667 -32488.9739325 922 0.07142517023
28.0098696892 15.0709262316 15.1085985049 27.6792279507 -32493.8107359 1009 0.071255522303
23.4898348098 12.8027577497 12.8451860778 23.1613005502 -32483.6205924 846 0.0710866783565
29.6378722782 15.8905238326 15.9275302832 29.3048600706 -32494.3591406 1068 0.0709186326888
31.6306777012 16.9305862153 16.981272433 31.2817022711 -32493.0159543 1144 0.0707513796519
28.306053149 15.2320708149 15.2746488742 27.9706109881 -32491.8154374 1021 0.0705849136511
28.2650707396 15.2177958013 15.2602613626 27.9221991765 -32490.5400087 1020 0.0704192291442
34.3427282756 18.29874608 18.3445239868 33.9747389937 -32499.2610945 1242 0.0702543206407
33.6760422772 17.9404415683 17.9824729906 33.3326076571 -32496.7882463 1216 0.0700901827017
31.7261747061 16.9458571358 16.9829104599 31.3813081844 -32496.2840661 1144 0.0699268099389
31.8331682679 17.0297177657 17.0776192885 31.476751933 -32491.1669327 1151 0.0697641970141
30.0058226339 16.0938924298 16.1355322142 29.6603214015 -32493.4272707 1083 0.0696023386386
27.707113464 14.9380049886 14.9818792551 27.3685646735 -32488.0288909 1000 0.0694412295727
29.1421972347 15.6707761351 15.7180440499 28.7956833705 -32490.6912145 1053 0.0692808646252
27.2512502849 14.7035995903 14.7463599457 26.9101602842 -32488.3649399 983 0.0691212386526
29.1061870676 15.6256200368 15.6640145889 28.7779340803 -32494.4835286 1049 0.0689623465588
28.5857463992 15.380978644 15.4263337405 28.2480261414 -32489.3715775 1032 0.0688041832943
30.8615028743 16.5240144149 16.5656212929 30.5139775301 -32494.0538817 1114 0.0686467438561
28.57756322 15.3611524771 15.3999529538 28.2437443376 -32493.423316 1030 0.0684900232866
26.8138276869 14.482761233 14.5245664933 26.4752306992 -32488.2043623 967 0.0683340166735
32.3269009425 17.2387440013 17.27495188 32.0001808488 -32497.6994891 1165 0.0681787191491
31.2295267534 16.7042969256 16.7468162009 30.8966348821 -32495.6222085 1127 0.06802412589
30.8487299962 16.5213703263 16.5651411541 30.5051005405 -32492.8986761 1114 0.0678702321162
27.0381786586 14.5954096718 14.6365671138 26.694397158 -32492.818803 975 0.0677170330911
31.9749779888 17.083090427 17.122080638 31.6199508682 -32497.2821819 1154 0.0675645241205
33.2083426047 17.7268550363 17.7738704163 32.8406685788 -32495.5877064 1201 0.0674127005528
30.7075793312 16.4533335402 16.4966258438 30.3557086556 -32494.7643744 1109 0.0672615577777
34.2658215226 18.224374409 18.2613902144 33.9218649016 -32499.8931783 1236 0.0671110912263
33.5637368968 17.8971967768 17.9413263009 33.2030581121 -32497.3602246 1213 0.0669612963707
29.3603185489 15.7713940507 15.8156368722 29.0224832772 -32491.5291081 1060 0.066812168723
26.04193263 14.0950962291 14.136388452 25.6952869653 -32490.0995496 939 0.0666637038354
24.1953357666 13.1731475215 13.2186567202 23.850189115 -32479.0037636 873 0.0665158972995
32.2175932248 17.1957898293 17.2332952766 31.8769103709 -32497.0219002 1162 0.0663687447458
29.2730715231 15.7108286098 15.747239547 28.9323567253 -32494.8898948 1055 0.0662222418436
31.4033618848 16.778842549 16.8159920467 31.072561235 -32495.2851837 1132 0.0660763843003
32.1172550354 17.1837521653 17.2327038363 31.7482687441 -32496.6102694 1162 0.0659311678608
26.5902974509 14.3504168746 14.386675855 26.2682271207 -32491.9923679 957 0.0657865883075
26.7205266731 14.4299234514 14.4695978958 26.3812454282 -32491.2179783 963 0.0656426414599
31.8923435713 17.0315244371 17.0675478435 31.5451785078 -32499.7496203 1150 0.0654993231737
25.3985408456 13.7715259927 13.8154518087 25.0579053291 -32481.7089624 916 0.0653566293408
DEBUT ITERATION : 1
3.49907314716 2.57673189984 2.70295265872 3.27849367225 -22414.9049627 116 0.49983338887
3.59824376062 2.62686351583 2.74603467559 3.3852824481 -22658.9635649 119 0.491642084562
6.06405207792 3.92130857141 3.99806863021 5.83931204805 -28455.2322258 209 0.483714930668
3.47542630955 2.56318309232 2.68910011847 3.25673043386 -22283.7313131 115 0.476039352586
5.57990635241 3.7000849702 3.80281086061 5.30550393328 -28153.0975948 195 0.468603561387
5.99154343752 3.8727800022 3.94331964314 5.78474573754 -28302.4163352 205 0.461396493387
4.14954275376 2.93370286713 3.05181212216 3.90849857362 -24798.4807876 141 0.454407755226
8.9807782226 5.43715618069 5.49888344198 8.70689421959 -31246.1498673 317 0.447627573859
7.7423745954 4.76444051883 4.81832641736 7.53446708787 -30283.7034191 268 0.441046750956
4.04481326656 2.87022532232 2.98300364725 3.82234623563 -24238.2145654 136 0.434656621269
4.89792006717 3.3263951507 3.42775678505 4.65833791746 -26539.1920846 168 0.428449014567
6.67772710369 4.21702474313 4.27666633658 6.47915421812 -29191.4095741 229 0.422416220783
6.10621083125 3.9716519488 4.06659174901 5.83406179406 -28792.6763266 214 0.416550958067
5.5080868955 3.65920844386 3.7610100521 5.23979964138 -27951.3012462 192 0.410846343468
10.4950308561 6.18669749089 6.23498293149 10.2469613806 -31730.7233146 370 0.405295865982
4.56661173033 3.16722465326 3.28802052623 4.29736770482 -26248.4977661 158 0.39989336177
4.69571019053 3.23085604247 3.34443533099 4.43438386484 -26424.0966135 162 0.394632991318
4.46207014633 3.11074366515 3.2326254833 4.19282916192 -26020.1885214 154 0.389509218385
4.39599022264 3.07145295039 3.19082260261 4.13778413934 -25684.2723587 151 0.384516790567
4.69389819542 3.23702337078 3.35743992689 4.41670717814 -26624.9550547 163 0.379650721336
4.64745410729 3.21057565038 3.33003742205 4.37342744141 -26482.1207516 161 0.374906273432
4.74351154038 3.25786857955 3.37213714604 4.47926326387 -26564.9923293 164 0.370278943471
4.95547182252 3.37172882782 3.48356460058 4.68345174991 -27092.2297166 172 0.365764447696
4.72145884714 3.24474423168 3.35822654651 4.45917849807 -26483.9073803 163 0.361358708745
4.81789081213 3.29193699064 3.40029046541 4.56389233585 -26595.9779423 166 0.357057843371
4.68637574552 3.22827523757 3.34426729642 4.41898566829 -26486.7336449 162 0.352858151023
4.91943006406 3.35470657331 3.46924895977 4.64299288998 -27049.2897334 171 0.348756103232
4.87995078245 3.32272023582 3.42828249041 4.63036788089 -26676.9314425 168 0.344748333716
4.70878020002 3.23419803475 3.34448557136 4.4568656108 -26329.7925519 162 0.340831629175
4.54660340321 3.15482839464 3.27433737504 4.28022992215 -26166.0235409 157 0.337002920692
4.76184728635 3.26290087488 3.3726282386 4.50716077897 -26500.0048597 164 0.333259275717
4.72609986313 3.2459324502 3.35826226205 4.46733465737 -26443.9455449 163 0.329597890574
4.59354505505 3.18170190441 3.30215415965 4.32057719914 -26349.7079536 159 0.32601608346
4.58612238418 3.17248881932 3.28829107924 4.32782530737 -26119.1524376 158 0.322511287895
4.86042748276 3.31761172168 3.42804020282 4.59843269687 -26775.6383948 168 0.319081046586
4.97717382864 3.37721501839 3.48380731408 4.71836704815 -26971.9343182 172 0.315723005683
4.74184296852 3.25709195569 3.37181700284 4.47651306406 -26556.2096768 164 0.312434909394
4.56387347807 3.15961132836 3.27467017509 4.30774991837 -26056.0705482 157 0.309214594929
4.8281976953 3.30187232022 3.41395721978 4.56372690834 -26746.0929471 167 0.306059987758
4.52396935051 3.13474419669 3.24709831564 4.2773850932 -25855.1124007 155 0.302969097152
4.43643575567 3.09640909443 3.21839865909 4.16973984228 -25917.5645584 153 0.299940011998
4.83934015502 3.30463327866 3.41405254043 4.58209008542 -26665.5656906 167 0.296970896852
4.91649616735 3.34678674552 3.45578876429 4.65417712188 -26884.1844766 170 0.294059988238
4.6090159458 3.18556458521 3.30199644966 4.34771723356 -26219.1516354 159 0.291205591147
4.51468182754 3.13203340608 3.24671646571 4.26171340655 -25887.0429617 155 0.288406075755
4.64864431374 3.2035302711 3.31615510506 4.39258367094 -26213.9116538 160 0.28565987431
4.63491197724 3.20002868889 3.31617759847 4.37025665404 -26311.3241669 160 0.282965478212
4.35011270587 3.04474447923 3.16294133654 4.09799493627 -25482.1590298 149 0.280321435246
4.68876981788 3.22171471236 3.33069383674 4.4409983266 -26235.2100302 161 0.277726346973
4.71851759066 3.24367777068 3.35786008253 4.45485134877 -26467.9464427 163 0.275178866263
4.60123439624 3.17701214636 3.28903234937 4.3487039846 -26111.3625008 158 0.272677694965
4.61834774967 3.18870800696 3.30281547178 4.35857976226 -26234.7958667 159 0.270221581697
4.64759484995 3.20367207122 3.31675429087 4.38956776935 -26278.7938521 160 0.267809319764
4.97043544821 3.3752624625 3.48363200816 4.70813566762 -26985.9154479 172 0.265439745178
4.6734560848 3.21748207502 3.33032807539 4.41814299848 -26287.1198676 161 0.263111734783
5.00487465162 3.39162787679 3.49778701777 4.74630311676 -27021.4484243 173 0.260824204486
4.71636278467 3.24318279839 3.35785328863 4.45473773169 -26475.722954 163 0.258576107568
4.78725142969 3.28350068828 3.39953266252 4.51531285271 -26725.2968349 166 0.256366433088
4.75602332713 3.26070444235 3.37185280811 4.50133864161 -26438.5283653 164 0.254194204372
5.0302769053 3.40554197984 3.51169067558 4.76942875445 -27099.9689034 174 0.252058477567
4.77976246534 3.2745058866 3.38602412719 4.52049290371 -26558.580817 165 0.249958340277
3.60378045851 2.62854284596 2.74608843843 3.39540434172 -22582.3427331 119 0.247892910263
4.90066179553 3.33544419963 3.44217907467 4.64484831253 -26788.1283203 169 0.245861334208
6.40769783455 4.11143221597 4.19179279166 6.1548618826 -29053.3338016 223 0.243862786539
5.00467729498 3.39170191824 3.49783069864 4.74467497316 -27034.9690955 173 0.241896468312
4.47655787751 3.12104587985 3.24548522253 4.20005282057 -26100.1940084 155 0.239961606143
4.5795091867 3.17124106421 3.28871150712 4.31276512985 -26253.6540405 158 0.238057451198
5.00283594483 3.39108221525 3.49764562078 4.74273859721 -27024.5744672 173 0.236183278224
4.70579478625 3.2403312694 3.35765873477 4.43473886343 -26537.2403528 163 0.234338384627
5.04174819599 3.41583801922 3.52524474568 4.76991159799 -27224.6592673 175 0.232522089599
5.00668920473 3.39218801986 3.49790276228 4.74845064851 -27024.6715892 173 0.230733733272
4.45062802321 3.10696831773 3.23172492795 4.17463175814 -26039.3671051 154 0.228972675927
5.01505345211 3.39418426076 3.49786704809 4.7630625422 -26967.6186246 173 0.227238297228
4.97396019293 3.37661444475 3.48399744337 4.71094599983 -27019.4658549 172 0.225529995489
5.33322819723 3.56398940713 3.66466241847 5.07314393548 -27643.0587092 185 0.223847186987
4.87388991032 3.32147475028 3.42850953026 4.61696216324 -26761.7491125 168 0.222189305288
4.82003681833 3.29251398302 3.40040063045 4.56685667016 -26587.5721256 166 0.220555800618
5.40911987024 3.60575021962 3.70652556797 5.14162988828 -27855.8826976 188 0.21894613925
8.0983478553 4.99403241387 5.06778387959 7.82200589618 -30668.3686793 286 0.217359802927
7.25309811721 4.55728853072 4.63618741341 6.98557325983 -29968.2933195 255 0.215796288304
5.48382483847 3.64711436014 3.74844722107 5.21222127222 -28042.7010064 191 0.214255106413
6.27483756761 4.05796595363 4.14994328649 6.00017120454 -29008.8240513 220 0.212735782159
6.10602515357 3.97224505194 4.06685460864 5.82742016508 -28871.1980272 214 0.211237853823
5.90862084162 3.87077792136 3.96907563583 5.63159206638 -28575.8081541 207 0.209760872605
5.89455455907 3.8597036313 3.95559662595 5.62483078948 -28510.9208392 206 0.208304402166
5.39368051582 3.58590278706 3.6789707473 5.1514092585 -27574.81717 186 0.206868018204
5.39331942497 3.59335910961 3.69222423997 5.13424748488 -27697.360021 187 0.20545130804
4.62643225547 3.19026669463 3.30217665802 4.37645383768 -26105.9940213 159 0.204053870222
5.41041492603 3.59755407698 3.69269350264 5.16265923096 -27644.5012354 187 0.202675314147
6.16463220182 4.00118948944 4.09460024899 5.88887087517 -28907.5779493 216 0.201315259697
5.34537344345 3.56662074617 3.6647459874 5.08812484381 -27618.0625811 185 0.199973336888
6.04029746594 3.9248841749 4.01201436391 5.79009293659 -28601.0516188 210 0.198649185538
6.20721787655 4.01881315308 4.10870711768 5.94177506027 -28897.7523178 217 0.19734245494
5.80812272957 3.81641244642 3.91410942923 5.53618881513 -28448.4776319 203 0.196052803555
5.54280999197 3.66038297673 3.74877782702 5.30620244678 -27817.7624256 191 0.194779898714
6.99489675334 4.41965970117 4.49787827444 6.73487502469 -29738.7957158 245 0.193523416333
5.86868106733 3.84617853948 3.94193913431 5.59871651348 -28508.1070066 205 0.192283040636
7.5382226991 4.7007728774 4.77562037876 7.27558178374 -30217.4773896 265 0.19105846389
11.5817093797 6.75208937639 6.80278061926 11.3157405477 -31910.019841 411 0.189849386154
6.77502773316 4.31520096961 4.40042495814 6.50059841796 -29596.6475724 238 0.18865551503
6.45035267414 4.14590638232 4.23378459353 6.18130891356 -29213.5363752 226 0.187476565429
5.87231048924 3.85494341457 3.95550672272 5.58933001646 -28609.8420752 206 0.186312259347
5.90187780602 3.86177808511 3.95614891077 5.63239106276 -28554.6558731 206 0.185162325639
9.12295118675 5.50505887214 5.56667368065 8.86006202961 -31155.300978 322 0.184026499816
5.5464802328 3.67606289365 3.77501897851 5.28094289141 -27967.9460477 193 0.182904523839
5.86476522112 3.84480816998 3.94143189509 5.59205938085 -28483.4903294 205 0.181796145922
7.19684761056 4.52028816002 4.5952942557 6.94291510114 -29897.9612127 252 0.180701120347
6.34916466169 4.09070676424 4.17818211744 6.08617815225 -29048.2827283 222 0.179619207281
5.93711654749 3.87748994111 3.96991446841 5.67503440984 -28529.7746608 207 0.178550172598
7.14336253067 4.50139751211 4.58106398826 6.87158184688 -29923.7632839 251 0.177493787717
5.65936943147 3.7335690399 3.83027844151 5.39789348617 -28079.7852686 197 0.176449829432
7.49880377787 4.68481912777 4.76186034907 7.22397734908 -30242.1758093 264 0.175418079757
6.14376676174 3.98868251832 4.08077860318 5.87125365705 -28878.9611977 215 0.174398325776
6.83575937941 4.34480194887 4.42812196132 6.56100041247 -29655.8797488 240 0.173390359496
5.67788072379 3.74588154633 3.8441707067 5.41118229875 -28156.2512433 198 0.172393977704
11.6656167617 6.78391172181 6.83101933198 11.4140034526 -31934.5991505 413 0.171408981831
7.26522150621 4.55990720751 4.63644832368 7.00065985964 -29985.4588589 255 0.170435177821
5.70965393799 3.76116107244 3.85810624977 5.44509618225 -28185.9568185 199 0.169472376003
6.97296726254 4.41527530792 4.49772071381 6.70117219608 -29758.9481699 245 0.168520390967
6.8442089279 4.33786591544 4.41493541744 6.59209236777 -29590.3383983 239 0.167579041448
6.45057611547 4.12985718905 4.20717069299 6.21001716334 -29143.2816824 224 0.166648150206
76.0934094805 40.2740121049 40.7513263653 75.5486572965 -32459.426179 2874 0.165727543918
5.8563832208 3.85167598751 3.95573734717 5.56254405552 -28711.5809542 206 0.164817053071
6.58661382685 4.20031360004 4.27653193731 6.34456570322 -29302.2819738 229 0.163916511857
4.85723353782 3.30939108797 3.4143352283 4.60950694319 -26601.7517853 167 0.16302575807
6.04531990128 3.92683218151 4.01253136228 5.79527459251 -28674.2009421 210 0.162144633013
5.26319835675 3.52386808299 3.62309801894 5.00672531105 -27491.7377973 182 0.1612729814
5.88130114427 3.84161957233 3.9291722071 5.63209011487 -28438.6773001 204 0.160410651267
6.18732368533 4.01420147226 4.10810906924 5.91261967383 -28909.8930449 217 0.159557493884
11.1132011793 6.51608903724 6.56775420503 10.8433395617 -31860.5112221 394 0.158713363665
53.1368914098 27.7604352683 27.8830079142 52.8299001971 -32487.7169071 1932 0.157878118093
71.007370655 36.6641262657 36.712738045 70.6755514077 -32468.2921373 2571 0.157051617632
13.697840678 7.8379113205 7.89175617525 13.4177111278 -31972.2510937 490 0.156233725654
69.4700591023 36.015993023 36.1843960617 69.1793244952 -32447.1984318 2544 0.155424308362
11.0167290546 6.46972563599 6.52556854678 10.7465926728 -31768.7463885 391 0.154623234718
13.9696667333 7.93467802897 7.97053440685 13.724822191 -32267.7520019 495 0.153830376372
16.1432136239 9.06394189323 9.10944582165 15.8677091192 -32350.5021083 577 0.153045607591
11.5861181509 6.76297822703 6.81794238451 11.3096031204 -31913.3227614 412 0.152268805197
11.8569475003 6.87216216453 6.91477005478 11.6114468627 -31994.2503107 419 0.1514998485
47.4213177879 24.6839608855 24.7280952667 47.2394389836 -32486.3858603 1704 0.150738619234
76.5958528873 39.3392269811 39.4304045862 76.4213761631 -32495.5740013 2765 0.1499850015
18.122563747 10.0683163297 10.1166281869 17.8431121519 -32339.5940907 650 0.149238881703
55.5194073485 28.7937134242 28.813373378 55.2286749068 -32497.6660593 1996 0.1485001485
71.6399043899 36.8661388843 36.9562730037 71.4584420049 -32498.5253894 2585 0.14776869274
42.1303495469 22.2565186328 22.3670117657 41.8029297836 -32477.261377 1536 0.147044407411
25.372182265 13.681255147 13.7056477729 25.0955514868 -32487.1645684 908 0.146327187591
93.5210409527 48.1600907951 48.4923420653 93.4025280787 -32490.6271051 3419 0.145616930395
11.2079488122 6.57086163064 6.62387135837 10.9282925743 -31925.4164036 398 0.144913534924
50.1449449399 26.1411711653 26.2650765164 49.9977494517 -32373.1985414 1826 0.144216902221
27.2623656737 14.7149333359 14.780435438 26.9505177812 -32422.5911098 987 0.143526935222
32.943621992 17.651895132 17.7633045028 32.6168262734 -32388.8954992 1205 0.142843538711
10.331502615 6.13055488351 6.19223816737 10.0516881971 -31591.4680525 367 0.142166619278
16.7109103592 9.3695587932 9.42370008124 16.4192240266 -32288.1122922 600 0.141496085275
21.0737286933 11.5874863546 11.6465926681 20.7689125009 -32318.0607727 761 0.140831846775
10.6997182273 6.28610864452 6.33219813764 10.4558901996 -31778.4265721 377 0.140173815531
36.4463254862 19.410386383 19.5034097929 36.0912861411 -32476.6085491 1327 0.139521904939
12.7514974293 7.34958665915 7.40106274458 12.4786494874 -32082.366355 454 0.138876029997
36.8306850132 19.6300892837 19.7322661275 36.4736369746 -32469.8835204 1344 0.138236107271
12.7778969897 7.3747095849 7.42857038059 12.4860556495 -32101.5021563 456 0.137602054857
30.2109221179 16.222935767 16.29152839 29.8849849758 -32469.700214 1095 0.136973792348
19.4385792061 10.7438928451 10.7900172097 19.1346224201 -32441.6185708 698 0.136351240796
24.3058701969 13.2598289657 13.3329824458 23.9647565347 -32346.4174286 883 0.135734322686
20.6280658561 11.3818345603 11.445052705 20.3041147071 -32363.3939173 746 0.135122961895
30.0296669471 16.1764563052 16.2639260065 29.6750966163 -32436.9327594 1094 0.13451708367
14.261691398 8.13114551051 8.18679850343 13.9738649276 -32108.8616186 511 0.133916614588
37.0760331719 19.7237121641 19.8128520266 36.7288822416 -32485.5156349 1349 0.133321482535
42.1119731452 22.3402758033 22.4663869795 41.7299227365 -32486.5137401 1541 0.132731616671
28.7150134411 15.5078283969 15.5921602028 28.3667278129 -32413.7851259 1046 0.132146947406
42.5023763931 22.4983983417 22.6059813129 42.1398346772 -32481.1159107 1551 0.131567406368
16.1311319877 9.08164071114 9.13528123451 15.8298299428 -32312.9956402 579 0.130992926382
38.3642310095 20.3858897825 20.4800116895 38.0061549022 -32466.2325758 1398 0.13042344144
43.7310967261 23.1403750988 23.2611146568 43.3614509523 -32466.9571626 1600 0.129858886676
35.0601338989 18.6776510002 18.7549157553 34.7300179279 -32472.5768857 1273 0.129299198345
15.2678969669 8.60140396014 8.63775563201 15.0047372418 -32360.5550102 543 0.128744313793
11.0259885192 6.46309535325 6.51274101949 10.7685898236 -31848.2182369 390 0.128194171438
8.03507945391 4.94651349133 5.01273896813 7.78130107281 -30617.5115481 282 0.127648710748
76.006302849 40.6264808698 41.4403141964 75.4459810448 -32445.4658556 2956 0.127107872214
17.731561982 9.82952460423 9.8594254108 17.4793996395 -32434.1240414 631 0.126571597334
11.8627601919 6.87343521473 6.91547614216 11.6209454764 -32019.1777195 419 0.126039828586
5.18457068209 3.48064774874 3.58018838593 4.93573678521 -27206.8007296 179 0.125512509413
14.3426472872 8.08239215952 8.1099990199 14.1477114391 -32302.1170266 505 0.124989584201
5.21179417498 3.50392463211 3.60929416412 4.94375669804 -27541.8768932 181 0.124470998257
7.01492493623 4.44994758072 4.53882275108 6.71935219798 -29915.0399494 248 0.123956697794
6.31458987435 4.08444087538 4.17841024728 6.02726774591 -29237.5432845 222 0.123446629907
16.7145458776 9.37925604336 9.42744083677 16.399121118 -32374.2282945 600 0.122940742562
11.2626446659 6.63437358341 6.70280930389 10.9381920968 -31770.9790739 404 0.122438984573
17.351945957 9.70849914641 9.75868822656 17.0281975266 -32364.2429305 624 0.121941305585
20.8753241435 11.5091485605 11.5633006077 20.5251616648 -32428.873123 754 0.12144765606
6.71058826118 4.28457864708 4.37220760536 6.4363879079 -29501.5863604 236 0.120957987259
17.3079945375 9.69076553954 9.7442741449 16.9880656376 -32345.1815242 623 0.120472251225
7.2288928441 4.56214704209 4.65016243799 6.93202428339 -30105.4263289 256 0.119990400768
6.44258525652 4.15270499865 4.24720602358 6.1526354314 -29324.4207477 227 0.119512389451
6.7345622542 4.30652237701 4.39946959328 6.43696816208 -29632.9373261 238 0.119038171574
28.2857663745 15.3019004509 15.384629097 27.9145293931 -32397.683015 1031 0.118567702158
31.2769392613 16.785427307 16.8648713118 30.9372815823 -32455.6589607 1137 0.118100936934
30.9916846334 16.653040396 16.7350766973 30.6380357411 -32437.2327983 1128 0.117637832327
32.6898237955 17.5471868992 17.6484728874 32.3271350698 -32453.9239972 1194 0.117178345442
35.923417019 19.1779680469 19.2781721019 35.5493601559 -32474.3577562 1311 0.116722434052
31.8011486017 17.0577830539 17.1386880447 31.4426284375 -32444.9695335 1157 0.116270056585
32.0250875474 17.1933578679 17.2869169619 31.6681520249 -32444.0608891 1168 0.11582117211
31.8198013983 17.1194401127 17.2216863639 31.4432454382 -32412.025815 1164 0.115375740328
32.1577799102 17.2753225529 17.374985255 31.786844831 -32414.7933901 1175 0.114933721554
37.046839885 19.7420380598 19.843579682 36.6806584954 -32472.1530917 1352 0.114495076712
32.088420205 17.2064994628 17.2890763725 31.7355403966 -32440.6372216 1168 0.114059767318
35.5801631914 19.0046533746 19.1053249767 35.2062103749 -32457.2613039 1299 0.113627755473
30.6222771458 16.4948863166 16.587497263 30.2491762635 -32409.4799889 1118 0.113199003849
37.1713558313 19.8023993061 19.903304913 36.8081906474 -32478.2479137 1356 0.112773475679
32.8744829899 17.618960967 17.7071356509 32.5068129342 -32454.2714586 1198 0.112351134746
33.9942089832 18.2204558244 18.3262653212 33.6111261553 -32454.4611767 1243 0.111931945377
34.0968320417 18.2299617841 18.3201364893 33.7394671782 -32465.5254798 1242 0.111515872426
32.296846213 17.313369701 17.3948626628 31.937304836 -32465.6750759 1175 0.111102881268
29.0983528318 15.7135291305 15.8010504261 28.7289331481 -32414.6076264 1061 0.110692937791
35.4363567432 18.9339803062 19.036648976 35.0685505863 -32464.1583954 1294 0.110286008382
32.796028699 17.6168334314 17.7232432523 32.4120750038 -32431.7597779 1200 0.109882059922
34.8754669491 18.6447314781 18.7435224932 34.5019180061 -32458.112874 1273 0.109481059777
35.5808354265 19.0214091058 19.1290524647 35.203711938 -32456.5640307 1301 0.109082975784
30.821895669 16.5968924875 16.6902066203 30.4445201939 -32432.7406639 1125 0.108687776248
31.1603722053 16.7706482526 16.8645434045 30.7826920502 -32413.3409487 1138 0.108295429933
32.3618568094 17.3680419735 17.4632596384 31.9993471272 -32429.5207781 1181 0.10790590605
33.082765271 17.7117549143 17.7960711789 32.730205389 -32468.158073 1204 0.107519174253
32.0779649821 17.1974491823 17.2790371002 31.730588042 -32453.2515276 1167 0.107135204628
30.9002638182 16.6181860891 16.7063694383 30.5409211367 -32442.231154 1126 0.106753967689
31.6563147611 16.9877802481 17.0713452379 31.3047182732 -32453.012236 1152 0.106375434366
31.3777893302 16.8390435908 16.9193232941 31.0367442551 -32449.5290539 1141 0.105999576002
34.3515393913 18.3745292829 18.4702617237 33.9847010498 -32463.3844254 1253 0.105626364341
33.4572337504 17.8938295835 17.9770697209 33.1107416211 -32469.4631693 1217 0.105255771525
32.184187722 17.2441097028 17.3227320207 31.8344143093 -32457.3471198 1170 0.104887770086
33.3880710793 17.8949744011 17.9946619326 33.0267051842 -32455.0066572 1219 0.104522332938
29.6857564604 15.9946323331 16.078090061 29.3358615769 -32411.1859922 1081 0.104159433373
32.5275777058 17.4218879547 17.5029990148 32.1711339287 -32458.9126197 1183 0.103799045049
35.419648895 18.92376368 19.0236186688 35.0400849122 -32463.803562 1293 0.10344114199
32.3890388108 17.3724529623 17.4588626091 32.0138293078 -32454.1837617 1180 0.103085698577
30.178427725 16.2783864441 16.3770610315 29.8127345139 -32407.3068423 1103 0.102732689542
36.167340524 19.3331298979 19.4474544892 35.779552163 -32459.3708439 1324 0.10238208996
36.0157437671 19.2451959451 19.3537374435 35.6288946614 -32460.2816376 1317 0.102033875247
30.5194646079 16.4421393534 16.5401253178 30.1640339057 -32394.0884842 1115 0.101688021151
34.2336273639 18.3314571388 18.4385655392 33.8739032688 -32459.6717955 1251 0.10134450375
33.52170057 17.945053624 18.0359976641 33.1546783275 -32445.9406243 1222 0.101003299441
28.6104667803 15.4547704985 15.5371509186 28.2486977239 -32400.5213599 1042 0.100664384941
31.1643248364 16.7482413471 16.8339414964 30.8001468564 -32449.3096845 1135 0.100327737275
34.0757590834 18.2480992652 18.3514509686 33.7026167458 -32447.4518854 1245 0.0999933337777
34.1558886158 18.2882885291 18.3921417473 33.7931950558 -32441.8118692 1248 0.0996611520829
34.9221693988 18.6740448981 18.7736099839 34.5464060916 -32462.1761819 1275 0.0993311701212
34.2632552843 18.334196777 18.436224917 33.9098753817 -32451.8896544 1251 0.0990033661144
30.766002517 16.5456629225 16.6327052492 30.4135453756 -32418.9599132 1121 0.0986777185711
34.272285389 18.3553359465 18.4619314714 33.8958497948 -32448.4670718 1253 0.0983542062816
32.1614524862 17.202055426 17.2714773875 31.8351596635 -32467.2926397 1166 0.0980328083132
33.4755917593 17.8837451715 17.9625977872 33.1407732195 -32467.2800647 1216 0.0977135040063
35.2950150838 18.8253515229 18.9157617031 34.9497334424 -32465.9585271 1285 0.0973962729693
33.3864435256 17.8925200759 17.9917673351 33.0210827913 -32447.0252457 1219 0.0970810950748
35.2853554374 18.8583114754 18.963907359 34.9245098693 -32459.4873741 1289 0.0967679504548
28.748873259 15.5012075483 15.5737590405 28.4072233646 -32437.7527862 1044 0.0964568194971
32.9668425064 17.7052266189 17.8168451136 32.5941050829 -32427.7101184 1207 0.0961476828408
35.0614259967 18.7312453492 18.8291321186 34.7027623243 -32463.0754041 1279 0.0958405213724
32.5695893942 17.465525698 17.5559617483 32.2088300032 -32455.0577641 1187 0.0955353162219
30.0746871822 16.1739353186 16.2519851378 29.7341104959 -32437.6482454 1093 0.0952320487588
32.131352008 17.2414404412 17.3298357093 31.7659276669 -32441.6377118 1171 0.0949307005886
31.9979257045 17.1368231208 17.211930366 31.6625488809 -32455.9176049 1162 0.0946312535487
32.5326904504 17.4226814502 17.5047794449 32.184523727 -32466.4059447 1183 0.094333689705
35.6113412784 19.0127747983 19.1103790441 35.2430713853 -32468.3093791 1299 0.0940379913485
38.5341459863 20.5064936903 20.6192323167 38.1708681665 -32477.2111537 1408 0.0937441409912
32.8816506711 17.593219979 17.6713501416 32.5344564689 -32462.8491359 1195 0.0934521213632
35.7123247857 19.0518692263 19.1480763954 35.3608749782 -32463.190879 1302 0.093161915409
25.0271976567 13.6004896212 13.6616492064 24.698689223 -32406.6669854 906 0.0928735062844
35.1883776261 18.7848780085 18.8758144424 34.8268140546 -32469.6724283 1282 0.0925868773532
33.9192210743 18.1700983269 18.2759594251 33.5519851813 -32433.9816746 1240 0.0923020121839
30.6109316222 16.474491016 16.5628827388 30.2486349267 -32420.0466031 1116 0.0920188945463
33.1612457 17.7890267879 17.8934130945 32.7945235254 -32441.4467067 1212 0.0917375084093
29.7332033156 16.0172251686 16.0976132012 29.3798824362 -32431.084561 1082 0.0914578379367
32.0377649406 17.1957186165 17.2871185621 31.6804659101 -32438.6861442 1168 0.0911798674853
36.1956648585 19.3330168292 19.4453256162 35.8228316964 -32453.7899958 1324 0.0909035816011
35.4273402069 18.9380479405 19.0439757428 35.0492386507 -32449.7052562 1295 0.0906289650172
35.7181698091 19.063453564 19.1623275745 35.3526094045 -32464.7351751 1303 0.0903560026504
32.5162934922 17.4042467612 17.4800679644 32.1692292853 -32469.4902048 1181 0.0900846795988
32.6139205164 17.5079241191 17.6064097245 32.2425670827 -32449.8355364 1191 0.0898149811389
34.7928042507 18.6199915076 18.7271046552 34.4184545374 -32453.5601341 1272 0.0895468927228
35.2408145809 18.7900364635 18.8744526175 34.8956633616 -32465.430372 1282 0.0892803999762
33.7817222693 18.0487602223 18.1292457708 33.4388303145 -32467.1925596 1228 0.089015488695
31.9115599401 17.1180639083 17.2005132601 31.5622143936 -32464.0536671 1161 0.0887521448435
34.3573576036 18.3724097501 18.468094472 34.0018136142 -32459.320805 1253 0.0884903545514
34.8544831631 18.6233062575 18.7198470597 34.5026707461 -32462.1115284 1271 0.0882301041115
37.3507505312 19.8894524489 19.9866774167 36.9787236521 -32474.7401802 1362 0.0879713799777
36.4304226052 19.4637096487 19.5773162742 36.0482731663 -32468.2375293 1333 0.0877141687621
31.4097222754 16.886783095 16.9785318979 31.0473441344 -32420.2611405 1146 0.0874584572328
32.5186121566 17.4573278346 17.5536592448 32.1430084146 -32453.3824858 1187 0.0872042323121
32.6679630768 17.5332339308 17.6326470931 32.302548166 -32443.097914 1193 0.0869514810736
33.0430667728 17.7164180083 17.8139562279 32.6848985244 -32452.2710193 1206 0.0867001907404
35.9592058077 19.1817877019 19.2769311954 35.6008624214 -32470.2647508 1311 0.0864503486831
34.2140735867 18.2791381847 18.3636856644 33.8648087531 -32468.3870798 1245 0.0862019424171
28.0154595638 15.1457662325 15.2230039212 27.6609332979 -32411.0230086 1019 0.0859549596012
32.633371123 17.4751420933 17.5571596002 32.2900649443 -32451.6146706 1187 0.085709388035
28.9184772662 15.6107108418 15.6922862792 28.5570867349 -32413.9053301 1053 0.0854652156572
32.0120817289 17.1883533605 17.2788275017 31.6442406621 -32455.5304143 1167 0.0852224305437
36.3963860173 19.3778895436 19.4634576138 36.0489113812 -32479.7747177 1324 0.0849810209053
22.3303272721 12.2395782156 12.2993208419 22.0008088139 -32338.5126676 808 0.0847409750862
36.8145052219 19.6045955807 19.6966806001 36.4529001766 -32477.7054721 1341 0.0845022815616
32.7165526317 17.5574920346 17.657683396 32.3540716831 -32432.3159897 1195 0.0842649289366
33.2237972214 17.8286117655 17.9372175073 32.8582565831 -32408.9082603 1216 0.0840289059436
30.7468190446 16.5647521437 16.664381435 30.3801836833 -32398.9246616 1124 0.0837942014413
34.4591802701 18.4447998394 18.5467752035 34.0821343916 -32452.5174292 1259 0.083560804412
24.7464069812 13.4937757068 13.5686411192 24.3930837557 -32348.6208521 900 0.0833287039609
30.3917268498 16.3388939417 16.4175087542 30.0466777133 -32441.9384762 1105 0.0830978893136
36.8760998345 19.6513656399 19.7490120626 36.5015699524 -32473.1268731 1345 0.0828683498149
29.600294995 15.9202739073 15.9897431923 29.2670738596 -32438.1374002 1074 0.082640074927
26.3793035217 14.30920478 14.3856593802 26.0457677057 -32364.9183154 959 0.0824130542278
36.6606297428 19.5327687043 19.6252687454 36.2943780863 -32473.6820124 1336 0.0821872774095
32.2621465384 17.3107245413 17.4006245767 31.8983810826 -32448.3113501 1176 0.0819627342768
38.4305337079 20.4638735432 20.5761775553 38.0542853493 -32470.4428006 1405 0.0817394147458
38.4760571463 20.4993796544 20.6174741408 38.0868741388 -32475.0915633 1408 0.0815173088419
32.8727423888 17.6147940039 17.6990736329 32.4976526153 -32462.4431758 1197 0.0812964066988
33.2250792174 17.7753106131 17.8538286017 32.8617992853 -32468.6521999 1208 0.0810766985568
34.3545839834 18.3372341385 18.4126629415 33.9955888646 -32479.2702322 1248 0.0808581747615
25.4527658864 13.8446100187 13.9194625637 25.1102411844 -32392.1512633 925 0.0806408257621
30.0298854671 16.1642823608 16.2469672538 29.6874046236 -32423.3342565 1093 0.0804246421103
33.5862616397 17.982484357 18.0741233821 33.2214505192 -32468.5280565 1224 0.0802096144591
27.7932846521 15.024503849 15.099216952 27.4506433854 -32419.0840379 1010 0.0799957335609
34.5849953259 18.4923973982 18.5839506327 34.2065223729 -32464.5117924 1261 0.0797829902665
33.9740887109 18.1709757012 18.2601188497 33.6092688792 -32454.4788229 1238 0.0795713755238
33.4693004668 17.9361019655 18.0360112741 33.1069534643 -32452.7597822 1222 0.0793608803767
37.3881094976 19.9628043727 20.0874494324 37.0102580061 -32470.9881167 1370 0.0791514959633
35.5141309448 19.0062175458 19.1224581699 35.1220995816 -32444.0996451 1301 0.0789432135151
36.3649572632 19.4207873945 19.5314829408 35.9822206885 -32459.4478442 1330 0.0787360243557
32.1672105564 17.2330053097 17.3085545006 31.8093045139 -32456.5498062 1169 0.0785299198995
28.6595524165 15.4630174754 15.5388165543 28.3201672081 -32399.0531768 1042 0.0783248916506
34.3821006848 18.3889149894 18.4829804303 34.0162079794 -32459.0477994 1254 0.0781209312015
34.0240245472 18.2009988966 18.2921439282 33.6534351275 -32464.2034365 1240 0.0779180302322
33.8538671692 18.095969897 18.174707302 33.4858278952 -32474.2838725 1231 0.0777161805088
36.8454695919 19.6152646926 19.7011797339 36.4766059739 -32482.2756821 1341 0.0775153738825
33.9031930879 18.1498657583 18.24626364 33.5383754519 -32455.5795104 1237 0.0773156022885
34.5038669272 18.4403069531 18.5306554411 34.1428907359 -32472.7576957 1257 0.0771168577451
35.1711600307 18.7834136485 18.8753416832 34.7991860156 -32469.8369515 1282 0.0769191323522
34.6954938574 18.5276549486 18.6138594247 34.3334472422 -32469.1001961 1263 0.0767224182906
30.948200348 16.6420016011 16.7301416518 30.5913369495 -32425.9994653 1128 0.076526707821
35.5026115141 18.9487463779 19.0409142162 35.1348610481 -32469.44521 1294 0.0763319932828
36.3310186148 19.3681873197 19.4609322268 35.9574925722 -32475.8642133 1324 0.076138267093
31.6463191115 17.0005358222 17.0903208769 31.2814828657 -32431.3641238 1154 0.0759455217457
36.525647863 19.4927689808 19.600202684 36.1526382946 -32457.15575 1335 0.0757537498106
38.5163245013 20.6080110915 20.7677615707 38.1081828978 -32444.0978221 1421 0.0755629439323
34.5270641154 18.4356352374 18.5207229853 34.1793292588 -32476.5329349 1256 0.0753730968293
30.4822921288 16.3931050389 16.4722516665 30.1263006934 -32434.550556 1109 0.0751842012932
32.7634534796 17.5558167631 17.639340747 32.399458238 -32454.6568944 1193 0.0749962501875
26.3679301282 14.2962235802 14.3668224898 26.0310027714 -32417.2897157 957 0.0748092364471
33.6869232785 18.044625719 18.1427621268 33.3225951478 -32441.7836524 1230 0.074623153077
27.3397809536 14.7967297654 14.870007254 26.9887460617 -32441.7187929 993 0.0744379931517
35.4779754886 19.0214754343 19.1532567302 35.0770162628 -32423.4836367 1304 0.0742537498144
35.1865839268 18.8491890341 18.9691432969 34.7956037323 -32444.6605309 1290 0.0740704162757
29.2508990163 15.7596040549 15.8353315308 28.9074323211 -32436.0175965 1063 0.0738879858135
32.8522271036 17.5939130511 17.6796024368 32.5031523453 -32456.9612066 1196 0.0737064517714
33.0238929611 17.6737472878 17.7558721685 32.6771777372 -32470.0707354 1201 0.0735258075585
30.9634982933 16.6275576851 16.7023053021 30.6102780518 -32462.3210579 1125 0.0733460466481
33.4717192639 17.9286200342 18.0250256765 33.1147642554 -32459.7649548 1221 0.0731671625774
34.5117943264 18.4481975143 18.5406792345 34.1538062187 -32461.0640605 1258 0.0729891489465
28.8766396912 15.5769284902 15.6534100699 28.5263464353 -32421.6270962 1050 0.0728119994175
33.0017461456 17.6431081244 17.7165803677 32.6567834974 -32472.0943203 1198 0.0726357077139
26.4584553876 14.3561425938 14.4316596423 26.1108299444 -32391.9441987 962 0.0724602676199
35.3170186312 18.8992548526 19.012574652 34.9314752265 -32448.2472838 1293 0.0722856729796
34.2460323694 18.2841328434 18.3662497848 33.9033075367 -32471.4261584 1245 0.0721119176963
33.1809038842 17.8008315805 17.9040660479 32.8139825566 -32430.8676212 1213 0.0719389957316
30.2702731027 16.2973901897 16.3847513442 29.9170905466 -32427.6819075 1103 0.0717669011052
31.0727440648 16.711898953 16.8018320347 30.7101246552 -32433.5145496 1133 0.0715956278937
32.852941507 17.6170521357 17.7096416383 32.4817919111 -32462.2885891 1198 0.07142517023
38.1119663993 20.3174791383 20.4367752929 37.7310982125 -32470.5195423 1395 0.071255522303
35.8691614461 19.1122148541 19.1970805205 35.5163681093 -32474.8652742 1305 0.0710866783565
33.5544930039 17.9432129191 18.0287048422 33.2106004874 -32463.1195785 1221 0.0709186326888
34.7047386319 18.5485990681 18.6398747075 34.3327989401 -32469.8857874 1265 0.0707513796519
35.2576657073 18.8251788698 18.9166551235 34.886404756 -32468.8413212 1285 0.0705849136511
32.359633421 17.355407401 17.4414402816 31.9937098006 -32441.9922488 1179 0.0704192291442
36.4580030199 19.4213007888 19.5082403865 36.0957979548 -32482.7821219 1327 0.0702543206407
33.381559015 17.8472353984 17.9251024983 33.0289467095 -32476.089017 1213 0.0700901827017
34.8573727629 18.6141282108 18.7004926315 34.4869100829 -32475.7119898 1269 0.0699268099389
36.4578766935 19.4345678424 19.528975541 36.0839716009 -32476.8144379 1329 0.0697641970141
29.1239941755 15.6888426397 15.758219337 28.7714020457 -32452.2358687 1057 0.0696023386386
31.2027862023 16.7827937933 16.873393545 30.8286157937 -32446.4527304 1138 0.0694412295727
30.9856305796 16.6465665185 16.725922228 30.6315177273 -32452.7612802 1127 0.0692808646252
37.2860952379 19.8609380835 19.9595484962 36.9096845035 -32478.6757377 1360 0.0691212386526
26.1116290623 14.1634973019 14.2298659411 25.770107112 -32416.8936703 947 0.0689623465588
33.0921135536 17.7144481148 17.7981600421 32.7290345938 -32472.4633638 1204 0.0688041832943
33.1114242113 17.7259910645 17.810444153 32.7508928274 -32469.081476 1205 0.0686467438561
31.0920051525 16.7030276525 16.7833156631 30.7330011986 -32457.0050609 1131 0.0684900232866
38.1527326111 20.3098349847 20.4138626849 37.778514073 -32477.89004 1393 0.0683340166735
32.0306926599 17.2040570216 17.2978739705 31.657918168 -32434.4118283 1169 0.0681787191491
28.7295679173 15.4825738405 15.5491706138 28.3893318284 -32447.3855127 1042 0.06802412589
34.7984523521 18.5909857022 18.6810207756 34.426696156 -32466.6085987 1268 0.0678702321162
29.5137511365 15.9468862629 16.0437659675 29.1312749391 -32390.1670259 1079 0.0677170330911
33.8420480247 18.124150801 18.2205945892 33.4683949087 -32459.1356355 1235 0.0675645241205
30.2110683794 16.2584309327 16.3373401859 29.8504607458 -32449.6813491 1099 0.0674127005528
31.7483706786 17.0481231478 17.1366348567 31.3859696679 -32445.593531 1157 0.0672615577777
33.8497293525 18.0937878808 18.174044542 33.4853252925 -32473.7124659 1231 0.0671110912263
32.0138377242 17.1434899687 17.2165922437 31.675735823 -32465.8773671 1162 0.0669612963707
29.3687535543 15.8200222251 15.8942072766 29.0194228595 -32445.7444357 1067 0.066812168723
34.4250531578 18.4081349121 18.5009670215 34.0530748766 -32467.0901648 1255 0.0666637038354
31.8889421585 17.1097722111 17.1944789353 31.53142477 -32451.2566047 1161 0.0665158972995
31.4135762467 16.8889647255 16.9781223997 31.0384229778 -32465.5423467 1145 0.0663687447458
32.0721526113 17.1975989903 17.2786521069 31.7150689389 -32450.9440467 1167 0.0662222418436
35.2855517587 18.8724882304 18.9811342357 34.9056186703 -32463.1067588 1290 0.0660763843003
25.977470016 14.1303925099 14.2141093479 25.623093284 -32340.9977537 947 0.0659311678608
33.6546954499 18.0252973419 18.1232688553 33.2925329204 -32461.7314464 1228 0.0657865883075
31.0765150484 16.6809852928 16.7567270166 30.7321346375 -32459.1662048 1129 0.0656426414599
36.8977682219 19.6365191353 19.7241004167 36.5354354011 -32476.5498226 1343 0.0654993231737
28.7048860732 15.5074972575 15.5921637694 28.351176802 -32401.5946084 1046 0.0653566293408
DEBUT ITERATION : 2
3.7575666045 2.71424362438 2.83076077809 3.54047699147 -23290.7943427 125 0.49983338887
