DEBUT ITERATION : 0
11.1029957523 6.47309240607 6.51277696066 10.8793142457 -31861.7858055 390 0.49983338887
7.39796118194 4.63097253387 4.7067235842 7.13012998376 -30202.4318246 260 0.491642084562
5.04522590681 3.4014461641 3.49796493659 4.80935948726 -26839.5045299 173 0.483714930668
5.51052419818 3.62834443232 3.70714571039 5.29854600466 -27539.4846165 188 0.476039352586
9.48927894472 5.69830655227 5.76122512014 9.21886060298 -31311.1014572 336 0.468603561387
3.79489756881 2.72476099225 2.83068949901 3.60072140219 -23031.3124401 125 0.461396493387
5.13634724982 3.44630984405 3.53969064029 4.90739073608 -26958.3528005 176 0.454407755226
3.97741294236 2.83138296287 2.94220710743 3.75909333136 -23989.8357122 133 0.447627573859
5.39905714885 3.59541960842 3.69286875485 5.14651330695 -27713.1124451 187 0.441046750956
3.63366127081 2.64422679506 2.76048797061 3.42653631641 -22673.277108 120 0.434656621269
3.82284691309 2.74616003273 2.85818557819 3.61207783908 -23365.7186895 127 0.428449014567
6.51564472264 4.15909077168 4.23462171647 6.28156485567 -29126.41134 226 0.422416220783
6.46323212435 4.13937233 4.21938127095 6.21699709002 -29069.9627062 225 0.416550958067
5.98263294847 3.89708562715 3.98491205995 5.72994814921 -28636.37724 208 0.410846343468
4.69323133865 3.22984471487 3.3440672954 4.43205398451 -26404.9965355 162 0.405295865982
5.94739007479 3.88087403351 3.97083710009 5.6881514318 -28618.1889485 207 0.39989336177
5.97975131199 3.88774233557 3.97092623669 5.73953837078 -28521.8842682 207 0.394632991318
5.70808585035 3.75424452176 3.84577583953 5.45589861022 -28213.8607779 198 0.389509218385
5.4824326535 3.6386477064 3.73456931172 5.22543902997 -27895.8820207 190 0.384516790567
4.79277312572 3.28471975034 3.39925064525 4.52660288529 -26669.0198567 166 0.379650721336
4.74163551081 3.25708123445 3.37175623619 4.47474131271 -26582.7913679 164 0.374906273432
5.6026206619 3.69814824279 3.79024430746 5.35370471188 -28026.6729795 194 0.370278943471
4.58341632787 3.17173323746 3.28818609396 4.3227893875 -26152.5221253 158 0.365764447696
5.09622594182 3.42965464752 3.52622398571 4.85874552767 -27016.6055913 175 0.361358708745
6.09679978377 3.95494423244 4.04046211373 5.84180441105 -28808.3325235 212 0.357057843371
5.10435205123 3.44617851864 3.55284296238 4.83881997206 -27264.6333585 177 0.352858151023
4.74933955894 3.25912776231 3.37194949454 4.48635976988 -26533.7052519 164 0.348756103232
4.98894543566 3.3869113911 3.49684024772 4.72200349231 -27049.0540694 173 0.344748333716
5.79428955704 3.79785239657 3.8874928162 5.541268898 -28343.8233514 201 0.340831629175
4.74305256882 3.25020955783 3.35819472032 4.49616479942 -26329.9664311 163 0.337002920692
6.20341551238 4.01088247373 4.09592803866 5.94857429303 -28932.5804996 216 0.333259275717
5.71062470858 3.75447745468 3.84544483381 5.46139055798 -28162.7394749 198 0.329597890574
4.73180738041 3.24678218359 3.35748055439 4.48066473686 -26329.1159054 163 0.32601608346
5.38517116271 3.58436938827 3.67908100552 5.13822797355 -27652.589412 186 0.322511287895
4.93616237309 3.35880225194 3.46923465207 4.67174642615 -26945.2740423 171 0.319081046586
4.9967688557 3.38900919377 3.49715519696 4.73805360506 -26999.7630047 173 0.315723005683
4.89230767508 3.33243578084 3.44116706893 4.63800859286 -26716.2463692 169 0.312434909394
5.54232252498 3.66008306794 3.74859363835 5.30622038585 -27804.5911487 191 0.309214594929
5.9231347765 3.8588689952 3.94313559793 5.6829679571 -28435.6983722 205 0.306059987758
6.34950662093 4.08359840397 4.16535444523 6.09604871713 -29093.6140857 221 0.302969097152
5.12025822321 3.44279456685 3.53979561884 4.88231269312 -27039.2119815 176 0.299940011998
4.62552069375 3.19003977072 3.30206052129 4.37618123661 -26094.9785463 159 0.296970896852
5.82762391087 3.81356775299 3.90146451376 5.57903589568 -28375.1466096 202 0.294059988238
4.83827667484 3.30407383381 3.41364313325 4.58239690487 -26633.2728734 167 0.291205591147
4.8821892059 3.33005785515 3.44131167088 4.61869004067 -26822.4437825 169 0.288406075755
6.11917182477 3.95903986797 4.04037095984 5.88108840429 -28691.8502019 212 0.28565987431
4.63830351676 3.20075238563 3.31601081352 4.37684633173 -26278.2519035 160 0.282965478212
4.3149377474 3.02777779397 3.14858978963 4.05818884273 -25462.3576348 148 0.280321435246
4.88018034818 3.32965857977 3.44138390994 4.61472783352 -26843.2113244 169 0.277726346973
4.69345914218 3.22971083873 3.34382864993 4.43134528418 -26392.440357 162 0.275178866263
6.21168394635 4.01278606627 4.09601292834 5.95902239127 -28939.7712256 216 0.272677694965
5.6899385593 3.7420903676 3.83193439758 5.4418329824 -28148.2857775 197 0.270221581697
4.78699006746 3.27569155733 3.38535841925 4.53472380062 -26452.5174943 165 0.267809319764
4.63747733705 3.20041817166 3.31600350542 4.37550151005 -26300.5351324 160 0.265439745178
4.87837656184 3.32937879243 3.44158272313 4.61070895905 -26874.2775125 169 0.263111734783
4.98685635331 3.3862830643 3.49667936543 4.71992649097 -27040.3896106 173 0.260824204486
5.50031367811 3.6426232004 3.73460975746 5.25292026666 -27819.4169794 190 0.258576107568
4.45712594865 3.10190433995 3.21833740326 4.20322396645 -25754.1645374 153 0.256366433088
5.92233460926 3.85880863974 3.94314779419 5.67890026312 -28456.3521014 205 0.254194204372
4.50021309573 3.12095594144 3.23292521191 4.25316743585 -25782.5748961 154 0.252058477567
4.58068371667 3.15642224948 3.26100414847 4.35262732453 -25717.8191979 156 0.249958340277
5.25670063017 3.51382248311 3.60894932343 5.01579786827 -27282.4426623 181 0.247892910263
5.0548598257 3.41205992091 3.51230696488 4.80836969418 -27031.8223677 174 0.245861334208
4.67706556947 3.21902535461 3.33102154337 4.41849267434 -26367.5509934 161 0.243862786539
6.27654490918 4.05173113242 4.13755064917 6.01341392508 -29066.2278236 219 0.241896468312
4.6190851278 3.18158346741 3.28911762016 4.37827107249 -25983.6268888 158 0.239961606143
5.14584118985 3.46453655726 3.5674377947 4.88852086686 -27280.4305036 178 0.238057451198
6.54949713544 4.2017145559 4.29003780534 6.26794608639 -29474.0963929 230 0.236183278224
5.46845672797 3.63544433205 3.73452618642 5.20305761873 -27936.3410222 190 0.234338384627
6.25217784365 4.02045068978 4.09604494694 6.02085151142 -28821.5534107 216 0.232522089599
4.46324457608 3.09655764768 3.20520114877 4.22825344519 -25518.8267701 152 0.230733733272
6.43633713136 4.11820188852 4.19331465329 6.20291973172 -29088.1928352 223 0.228972675927
8.12741592539 4.99850612511 5.06761660264 7.8686668201 -30617.1060786 286 0.227238297228
6.27283725789 4.03312181579 4.10986159078 6.04052227376 -28847.6155656 217 0.225529995489
6.27935104179 4.05021538793 4.13597348328 6.02408540135 -28872.3864393 219 0.223847186987
5.199512519 3.49148705743 3.59361415501 4.94397309079 -27250.9710204 180 0.222189305288
6.17411591636 4.00319207746 4.0944260374 5.90363905301 -28876.5310076 216 0.220555800618
5.46094732913 3.61715077378 3.70670780423 5.22404242292 -27644.4101906 188 0.21894613925
6.84886601914 4.34681545805 4.42804208883 6.58547215747 -29587.3565508 240 0.217359802927
7.07340071513 4.46065959382 4.53885038766 6.81113516808 -29778.7917045 248 0.215796288304
5.21190867241 3.48776294444 3.5814948279 4.97782858598 -27159.4096583 179 0.214255106413
5.65228207594 3.73194210317 3.83028832398 5.38738815328 -28106.2335442 197 0.212735782159
5.0435600259 3.40097122809 3.49805476799 4.80580489226 -26867.6475331 173 0.211237853823
6.24033191895 4.03407999821 4.12266971208 5.97829510333 -28915.5476049 218 0.209760872605
4.64608809761 3.18846086766 3.28933110706 4.42092229329 -25859.2623241 158 0.208304402166
5.54748860607 3.67613625187 3.77482284763 5.28247418023 -27959.6414914 193 0.206868018204
6.24640291288 4.03508484715 4.12236579479 5.98801417725 -28877.3054584 218 0.20545130804
6.30200888302 4.05623665715 4.13741418641 6.05396867433 -28974.4666161 219 0.204053870222
5.08299010608 3.42589421679 3.52564049947 4.83662530179 -27030.9879177 175 0.202675314147
6.74776509333 4.30051453099 4.38616187468 6.47440379924 -29524.3212328 237 0.201315259697
7.17291704994 4.51576230874 4.59501761655 6.90277508044 -29940.9028565 252 0.199973336888
5.82531084364 3.80420456896 3.88755690186 5.59157103635 -28223.5334686 201 0.198649185538
6.28742655517 4.04504792654 4.12379919119 6.04537322088 -28948.3115511 218 0.19734245494
5.80804915563 3.80748585995 3.89990430731 5.55232677599 -28258.7011774 202 0.196052803555
7.57178274036 4.7160458702 4.78978843759 7.30865198665 -30252.776802 266 0.194779898714
6.9606071202 4.40430861446 4.48410297686 6.69629637973 -29739.2355517 244 0.193523416333
6.51449294928 4.17550352415 4.26105901501 6.25095417061 -29207.7163379 228 0.192283040636
7.66585895658 4.76040716767 4.83163750086 7.4110511829 -30299.5662326 269 0.19105846389
6.41795325731 4.10536173098 4.17935854824 6.19056586691 -29002.1247119 222 0.189849386154
4.84185196873 3.29762585897 3.4002750272 4.60132623585 -26467.414889 166 0.18865551503
5.34773884118 3.55919622735 3.65108898417 5.10947157176 -27457.1629299 184 0.187476565429
6.23051390349 4.02282375715 4.10845790753 5.98085583225 -28769.1254524 217 0.186312259347
6.20989120468 4.01214935889 4.09588892478 5.95519083127 -28926.6351653 216 0.185162325639
5.011670289 3.39285917751 3.49731943989 4.75850922992 -26938.5172747 173 0.184026499816
4.61061198574 3.18599851279 3.30193790483 4.34836353388 -26208.1105293 159 0.182904523839
4.86846938648 3.3190278232 3.42737448852 4.61224183254 -26669.2077891 168 0.181796145922
4.61412190204 3.18707102397 3.30207077278 4.35305434096 -26203.5030636 159 0.180701120347
5.14577639871 3.46441834937 3.56730222539 4.88603617089 -27290.4601355 178 0.179619207281
4.88193828959 3.33069826141 3.44201733574 4.6181364468 -26873.9630157 169 0.178550172598
6.2279297096 4.03802254996 4.13409023709 5.94754930629 -28873.4288421 219 0.177493787717
10.7285155577 6.29962352426 6.34574057542 10.4888274419 -31767.292332 378 0.176449829432
4.50771645721 3.12281445733 3.23288418054 4.26697616664 -25716.9200638 154 0.175418079757
6.3175952814 4.07494082929 4.16360651759 6.05401005036 -28961.7521779 221 0.174398325776
8.51092982403 5.21072954983 5.28564982886 8.22434241453 -30694.3226946 302 0.173390359496
39.1006932273 20.9144704561 21.0859764797 38.6941524085 -32392.4906571 1446 0.172393977704
47.3521982205 25.1140845149 25.3086146392 46.9443330744 -32469.0040587 1749 0.171408981831
56.4836706632 29.8091515576 30.0453249009 56.0453758831 -32490.0914518 2090 0.170435177821
53.1293306799 28.2065121382 28.4884551773 52.6993215762 -32474.5352248 1980 0.169472376003
43.0757368215 23.0280659711 23.2576494069 42.6502365436 -32425.7914483 1604 0.168520390967
53.0294674785 28.0477495519 28.2763165791 52.6009626007 -32490.2565119 1962 0.167579041448
50.7016849601 26.8861824726 27.1203908079 50.2747018437 -32476.1293465 1880 0.166648150206
35.2319631826 18.9402772387 19.0965197087 34.8314104375 -32386.2726994 1302 0.165727543918
53.1737397234 28.2178345281 28.4944203578 52.7437717659 -32480.4359351 1980 0.164817053071
54.4973367921 28.9361667997 29.2367037086 54.0481287804 -32484.6872626 2034 0.163916511857
51.2832900199 27.1690036737 27.3948849947 50.8472997166 -32470.122395 1900 0.16302575807
53.0224650664 28.0627716856 28.2940150815 52.5833295646 -32487.1993786 1963 0.162144633013
47.2740735365 25.0888609993 25.2919619714 46.874694111 -32443.8070449 1749 0.1612729814
50.9626882042 27.0400037516 27.2854263664 50.5356549835 -32464.8975653 1893 0.160410651267
41.7082912732 22.2054170885 22.366943569 41.3115714583 -32463.5101357 1536 0.159557493884
46.0589621362 24.5695855465 24.8134998905 45.6255693248 -32443.2995845 1716 0.158713363665
28.5450006751 15.4892512606 15.605149471 28.1619257009 -32301.3403564 1049 0.157878118093
48.0606098029 25.513386607 25.7230562098 47.629473642 -32470.1359183 1779 0.157051617632
41.3341539011 22.0619020846 22.2423093709 40.9184968881 -32422.898496 1529 0.156233725654
50.2407466876 26.6150533052 26.8280550769 49.8243482638 -32482.5934859 1858 0.155424308362
45.7833039035 24.3123617748 24.4942725864 45.359165108 -32467.6575031 1690 0.154623234718
41.0761550338 21.8451594514 21.9815885027 40.6833251738 -32454.7187085 1508 0.153830376372
40.6299755237 21.6386362061 21.7835751581 40.2341662023 -32452.3060618 1494 0.153045607591
27.1777531159 14.7233784329 14.8044718853 26.8303415476 -32450.3798455 988 0.152268805197
20.4013869772 11.2463302719 11.30108805 20.0958284783 -32424.302129 735 0.1514998485
52.1830239331 27.6304436147 27.8612391171 51.7484318556 -32480.2229618 1933 0.150738619234
43.5061648309 23.1760415611 23.3696310792 43.106203343 -32449.2322505 1610 0.1499850015
48.0900022756 25.511296797 25.7144336413 47.6780008052 -32469.9892168 1778 0.149238881703
46.4176569576 24.7090572993 24.9348954496 46.0008308336 -32463.043316 1723 0.1485001485
21.5747737115 11.9034450149 11.9872304722 21.2249202144 -32147.8694272 787 0.14776869274
33.6722436957 18.0942969152 18.2232916203 33.2907943429 -32428.2538421 1237 0.147044407411
45.9008187539 24.4462963711 24.6720645453 45.4822916777 -32417.1360409 1706 0.146327187591
43.3390777177 23.1943760459 23.4377426781 42.9002540451 -32419.1116286 1618 0.145616930395
44.1423362143 23.4694941157 23.6504232284 43.7544835043 -32465.6042412 1629 0.144913534924
30.5184466728 16.5147191146 16.6482154307 30.1349620914 -32376.4446855 1124 0.144216902221
33.7285465896 18.1793949902 18.3364747864 33.3386549285 -32372.5603925 1247 0.143526935222
51.0945453717 27.0528058282 27.2705160336 50.6700811764 -32485.1041646 1890 0.142843538711
48.8863301964 25.9758407817 26.2125373052 48.4672609534 -32461.4689699 1816 0.142166619278
41.7158752921 22.1722598693 22.3148403599 41.3272216352 -32463.2909032 1532 0.141496085275
26.8738196595 14.578617599 14.6641513669 26.5238052352 -32398.3631717 979 0.140831846775
39.1384632337 20.9233384988 21.0892043726 38.7342291045 -32434.1124174 1445 0.140173815531
46.8001876978 24.9395599099 25.1834509873 46.376347578 -32432.4851355 1743 0.139521904939
43.8312584546 23.4036863717 23.628224216 43.4147282161 -32436.5309258 1630 0.138876029997
53.2562052066 28.2173956258 28.4702792514 52.8232210043 -32467.4903042 1979 0.138236107271
41.9838983094 22.3676868824 22.5427679228 41.5889024959 -32442.3733402 1550 0.137602054857
47.8555083349 25.3515922458 25.5369589058 47.4480799011 -32466.6639553 1765 0.136973792348
43.4529531256 23.1350539104 23.3182116742 43.0365571984 -32447.6287268 1606 0.136351240796
35.1464628724 18.9326355869 19.1049386261 34.7325626892 -32381.2518042 1303 0.135734322686
46.7978237796 24.8177898327 25.0034230022 46.4038178454 -32480.5461395 1726 0.135122961895
44.0557898966 23.407942941 23.5754068547 43.6469722399 -32453.0271562 1624 0.13451708367
32.8555610131 17.6980405894 17.8315567601 32.4629098981 -32350.8040661 1210 0.133916614588
47.2675293193 25.1439577957 25.3691876886 46.8339393008 -32448.7236202 1755 0.133321482535
44.6253534854 23.6672336123 23.8249636177 44.2406868468 -32459.6742762 1641 0.132731616671
30.9603322308 16.6859139804 16.7934736501 30.5880691671 -32427.4692877 1133 0.132146947406
51.2823938441 27.2849144143 27.5685075159 50.8409351277 -32453.0418202 1915 0.131567406368
54.1673029983 28.666589869 28.917832556 53.7432666035 -32479.1785894 2010 0.130992926382
44.6399688749 23.7202327759 23.9003435357 44.2414757144 -32464.7054218 1647 0.13042344144
13.8431537129 7.88908531247 7.92886310363 13.5713310881 -32260.7098632 492 0.129858886676
49.9236396081 26.4585812706 26.6774831523 49.5117196238 -32470.2346864 1848 0.129299198345
40.3241806895 21.5795929206 21.77523876 39.9082988545 -32372.5974965 1497 0.128744313793
11.1551133242 6.56205473266 6.62753031143 10.8652359047 -31474.1972412 399 0.128194171438
39.991132829 21.3481445245 21.513352881 39.5960571999 -32417.0113588 1476 0.127648710748
48.9478005659 25.9408893827 26.1427962065 48.5273205175 -32484.836643 1808 0.127107872214
53.3071876071 28.1169173887 28.3109439865 52.9092164019 -32487.4874569 1964 0.126571597334
48.9097550623 26.0104438223 26.259215439 48.4859635444 -32448.5238003 1820 0.126039828586
49.4453150035 26.1851128476 26.3865377297 49.0410969911 -32464.1955057 1827 0.125512509413
44.8115941114 23.7830759208 23.9528839496 44.4213734411 -32450.6232688 1651 0.124989584201
54.2963229056 28.7999327988 29.0823332418 53.856104105 -32468.828918 2023 0.124470998257
54.0150170739 28.5454926468 28.7703718811 53.6016685414 -32490.8953631 1997 0.123956697794
43.6092914016 23.244335758 23.442983867 43.1960860344 -32432.0293376 1616 0.123446629907
45.1751329481 24.0765186516 24.2964830733 44.7566169997 -32437.7454969 1678 0.122940742562
47.7606566872 25.4442802296 25.6980465171 47.3264203433 -32437.1225617 1780 0.122438984573
45.6322662374 24.3218013671 24.5498746282 45.205355359 -32473.1939924 1695 0.121941305585
34.1844726366 18.372028783 18.5123565817 33.8099815865 -32327.6587418 1260 0.12144765606
53.4874851087 28.3789695633 28.6541491556 53.0515849445 -32484.0693044 1991 0.120957987259
48.7829344948 25.8871856319 26.1084331149 48.3608195072 -32469.2947604 1807 0.120472251225
51.453605712 27.3034906359 27.5540099768 51.0206949851 -32476.5737931 1912 0.119990400768
44.2318320581 23.5279749257 23.7110151806 43.8192677988 -32424.5685139 1635 0.119512389451
40.014646036 21.4047689813 21.5891158896 39.5967407536 -32378.5002741 1483 0.119038171574
38.2169165163 20.507878385 20.6979172728 37.8028155865 -32355.5394713 1419 0.118567702158
41.4879860456 22.0573466972 22.1987304596 41.102793095 -32475.2867791 1523 0.118100936934
46.1161475434 24.4688190031 24.6480840105 45.7083069386 -32465.2546919 1701 0.117637832327
37.2211781349 19.9002985736 20.0387387445 36.8369994811 -32401.6474501 1369 0.117178345442
36.5729670663 19.7160331241 19.9231502809 36.1441029586 -32299.6407741 1365 0.116722434052
39.2545469978 20.965602402 21.1204773739 38.8478168207 -32430.8481758 1447 0.116270056585
31.5194769669 17.0345336937 17.1771306579 31.1404109781 -32351.3497658 1163 0.11582117211
57.2219472978 30.240677981 30.502519716 56.7880883402 -32490.7479662 2123 0.115375740328
37.8508361328 20.2535690145 20.408011977 37.4498567842 -32412.768458 1396 0.114933721554
42.4088677332 22.6831837351 22.9045765874 41.9910423367 -32410.7845936 1579 0.114495076712
48.2482413266 25.5851362126 25.7878438516 47.8452733703 -32479.2026774 1783 0.114059767318
51.6567820803 27.3803146287 27.620810286 51.2433072928 -32464.9699997 1917 0.113627755473
37.2015671061 19.893672167 20.0339619334 36.8239165063 -32386.7908233 1369 0.113199003849
35.3749334311 18.9672911124 19.1051726524 34.9991021197 -32371.4298516 1302 0.112773475679
39.1900358584 20.9589496522 21.1310056649 38.7950496321 -32396.7763754 1449 0.112351134746
47.726283611 25.3837185105 25.6148073588 47.2958647138 -32455.909373 1773 0.111931945377
42.1078570933 22.4213887768 22.588910877 41.7022373147 -32440.4533643 1553 0.111515872426
50.9990966765 26.9517536431 27.1472219464 50.5891656803 -32488.5278243 1880 0.111102881268
40.1091836888 21.4659510919 21.6623050322 39.704901541 -32369.1752511 1489 0.110692937791
53.4218602191 28.306802447 28.5658679426 52.985659963 -32484.8934508 1984 0.110286008382
46.5394606469 24.7058809015 24.8996622382 46.1256916713 -32448.98054 1720 0.109882059922
45.4561714026 24.1129443875 24.2850912873 45.0694663509 -32460.8671718 1675 0.109481059777
15.3509371129 8.631358451 8.6651760014 15.1047874196 -32353.3099815 545 0.109082975784
44.9940793186 23.8668685962 24.0340499347 44.6115482545 -32452.3076353 1657 0.108687776248
42.6422358649 22.7454873094 22.944660185 42.2315342699 -32404.1292617 1581 0.108295429933
45.7158222391 24.2762436713 24.4619567376 45.3056862968 -32456.6777545 1688 0.10790590605
51.2351315833 27.0903978987 27.2920335962 50.8167461869 -32483.122022 1891 0.107519174253
44.9551713199 23.907987568 24.1018560682 44.5502223522 -32468.4232346 1662 0.107135204628
48.0491187474 25.611794048 25.8736349575 47.599777962 -32457.2878249 1792 0.106753967689
47.4344381816 25.1896241883 25.4009780612 47.0192904137 -32449.8881694 1757 0.106375434366
54.4732455421 28.7757107309 28.9998463846 54.0334885202 -32489.6313496 2014 0.105999576002
34.9154179114 18.7885625092 18.9482115097 34.5103836003 -32342.5431823 1292 0.105626364341
41.5720025396 22.1569382699 22.3250934831 41.1719684262 -32478.9251521 1532 0.105255771525
46.7921947339 24.8623782634 25.0671745435 46.3718896399 -32467.1824381 1732 0.104887770086
45.9587315033 24.5091625745 24.7499774238 45.5276277585 -32457.7657793 1711 0.104522332938
36.9566167619 19.8428199023 20.0142522181 36.5409481823 -32369.7700903 1369 0.104159433373
38.5289566396 20.5688763812 20.7102106023 38.1353003651 -32428.7700465 1417 0.103799045049
26.0469502063 14.2282130222 14.3452936361 25.6720822931 -32340.1039936 957 0.10344114199
51.8536342755 27.4337100186 27.6506520461 51.4389051251 -32485.3996756 1917 0.103085698577
46.6380133193 24.7735303597 24.9758085404 46.2251830767 -32474.5185989 1725 0.102732689542
50.2446015787 26.5492939511 26.7325886559 49.8430039317 -32486.5063896 1850 0.10238208996
50.8631841626 27.0260125272 27.2896043134 50.4388252757 -32476.1940831 1893 0.102033875247
52.7577039331 27.8910127635 28.1113703002 52.3436872645 -32489.77965 1950 0.101688021151
45.8725387191 24.2738084449 24.4177418016 45.495614539 -32484.9123232 1682 0.10134450375
42.0929531124 22.4539970137 22.6415603295 41.6886940507 -32416.8959121 1558 0.101003299441
53.4748760918 28.3798024742 28.6592461446 53.0380672708 -32456.7331216 1993 0.100664384941
49.9206831129 26.6472459881 26.9600421657 49.4697338222 -32427.9150171 1874 0.100327737275
40.5670608464 21.6768377829 21.8616792626 40.1689853671 -32449.3459167 1501 0.0999933337777
43.8521633215 23.3582289737 23.5518421183 43.4339931758 -32423.9657696 1624 0.0996611520829
30.3198879827 16.3911204045 16.5126021395 29.9400185953 -32291.8544636 1115 0.0993311701212
46.0895340191 24.5317189941 24.7490845432 45.6669455791 -32452.3792798 1710 0.0990033661144
49.0840009685 26.0594497143 26.2890877366 48.6651014272 -32467.1139988 1821 0.0986777185711
34.1343551311 18.3354278477 18.4706228251 33.7534913325 -32374.2687997 1256 0.0983542062816
48.7886814228 25.8205001418 26.0060467906 48.3911952234 -32479.5267853 1798 0.0980328083132
50.3529589639 26.7990336309 27.0796455032 49.9242894612 -32453.6432781 1880 0.0977135040063
51.3220207609 27.2014766136 27.432858826 50.8905634613 -32471.462309 1903 0.0973962729693
49.7843084621 26.3883117024 26.6036078488 49.3770782231 -32473.752474 1842 0.0970810950748
40.8053172083 21.8012418938 21.9867652081 40.4000450149 -32406.7768472 1511 0.0967679504548
51.1583996373 27.2237486929 27.513336261 50.7141124786 -32452.3028463 1912 0.0964568194971
42.3386665342 22.6769869664 22.9133426726 41.9121208611 -32397.595814 1580 0.0961476828408
48.5549296894 25.8119426219 26.0531164907 48.1402381282 -32441.9011694 1805 0.0958405213724
45.6461264518 24.3370392533 24.5698709132 45.2239170332 -32447.5311757 1698 0.0955353162219
55.7067470219 29.526391262 29.8128135191 55.2641567262 -32486.9942344 2074 0.0952320487588
51.8756340729 27.4680739013 27.6969571582 51.4614120828 -32481.5050247 1921 0.0949307005886
55.9816982745 29.6382975963 29.9095927951 55.5359952931 -32491.7348021 2080 0.0946312535487
40.4128448629 21.62871935 21.8248920622 39.9891616309 -32389.4104426 1500 0.094333689705
46.9901222648 24.9076942876 25.0924984242 46.5954508461 -32469.9158062 1733 0.0940379913485
56.6196148246 29.9296485682 30.1938014855 56.1961550563 -32487.0125624 2101 0.0937441409912
32.394711842 17.3916265466 17.4931521555 32.0368213395 -32452.0348174 1183 0.0934521213632
37.5607007388 20.1521087522 20.3296858574 37.1585095741 -32358.9304108 1392 0.093161915409
49.6739693068 26.3973975767 26.6437749472 49.2470473672 -32473.632089 1846 0.0928735062844
50.9622535669 26.9800895714 27.1975371753 50.5578645291 -32480.2570999 1885 0.0925868773532
25.3578555168 13.8521212451 13.9550779082 24.9988627659 -32193.6147614 930 0.0923020121839
49.2247117835 26.0819947937 26.2859808785 48.8156609998 -32476.5895118 1819 0.0920188945463
48.7052910203 25.8121022868 26.0093240225 48.2888195131 -32474.4510811 1799 0.0917375084093
49.1424623869 26.0612286926 26.2780795907 48.7310614461 -32469.6215421 1819 0.0914578379367
43.0027765919 22.8192583179 22.9627527434 42.620700668 -32476.8628455 1578 0.0911798674853
40.8515045877 21.7536850137 21.9019092942 40.4503862437 -32434.7743206 1503 0.0909035816011
53.5185516892 28.5085746275 28.835029344 53.0594814695 -32466.5795141 2007 0.0906289650172
46.1325884732 24.5099684744 24.7077975476 45.7158501413 -32467.5233035 1706 0.0903560026504
48.4938283645 25.6951496853 25.8907147695 48.0853141239 -32469.108265 1791 0.0900846795988
50.9862544732 27.0525898689 27.2911392123 50.5536667711 -32476.6346808 1892 0.0898149811389
48.6304712054 25.7573007875 25.952178857 48.2283314712 -32458.6715518 1795 0.0895468927228
34.3377055723 18.4562123285 18.5946902786 33.9411960446 -32375.6513745 1265 0.0892803999762
38.836843042 20.792200897 20.9687373083 38.4288718218 -32380.3838631 1438 0.089015488695
36.4759392063 19.5677021038 19.7279141023 36.0810227487 -32359.1720673 1348 0.0887521448435
47.0268570781 25.0027377954 25.2181962835 46.6078026989 -32450.0053774 1744 0.0884903545514
38.9554146165 20.8800922181 21.0720580695 38.5449762636 -32382.2864995 1446 0.0882301041115
45.6288054123 24.293861771 24.508951775 45.2087677733 -32437.5151154 1693 0.0879713799777
53.9580548123 28.4911125592 28.7037190721 53.5363294182 -32490.903458 1992 0.0877141687621
28.3111953707 15.3854201624 15.5084611102 27.9292325069 -32220.6239248 1043 0.0874584572328
18.0430627687 10.0999034647 10.1756109072 17.7022278751 -31987.154873 656 0.0872042323121
49.4972157103 26.358870526 26.6338099702 49.0474661251 -32445.2967657 1848 0.0869514810736
46.2729407531 24.5884189913 24.7885817177 45.8585315474 -32449.4647764 1712 0.0867001907404
41.1293383206 22.0366710896 22.2539632544 40.6936415366 -32382.2327084 1532 0.0864503486831
51.8441480154 27.5791730674 27.8710054108 51.3902846027 -32473.2989569 1936 0.0862019424171
37.824840806 20.2465152828 20.4072596673 37.4305531528 -32379.7363478 1397 0.0859549596012
42.9070466221 22.8528453032 23.0372909431 42.5101384991 -32436.2872268 1586 0.085709388035
39.3418349583 20.9990330099 21.1490100954 38.9435170362 -32453.5053949 1448 0.0854652156572
46.634825505 24.7544193997 24.950674882 46.2369557742 -32471.5242641 1723 0.0852224305437
51.8976431084 27.4641754172 27.6836906516 51.4736658366 -32480.281716 1920 0.0849810209053
30.9330251471 16.7338401642 16.8725731898 30.5430138909 -32268.7629737 1142 0.0847409750862
45.743770309 24.3104490921 24.5078795975 45.3325064621 -32429.8159921 1693 0.0845022815616
49.0388334279 26.0743773044 26.3184953946 48.6066545936 -32468.9964906 1823 0.0842649289366
53.5152415845 28.3361390909 28.5836030716 53.082532054 -32485.9385756 1985 0.0840289059436
39.8318961398 21.2900548822 21.466830478 39.4301782218 -32420.0867767 1473 0.0837942014413
19.609652543 10.8458518033 10.8990107566 19.2950366322 -32415.337769 706 0.083560804412
31.2615129717 16.8894939068 17.0244502099 30.8851574578 -32329.3984299 1152 0.0833287039609
46.3944440388 24.7387152501 24.9844996606 45.971770209 -32436.6705175 1728 0.0830978893136
51.1663547945 27.047442945 27.2491266047 50.7657251032 -32484.9341971 1888 0.0828683498149
33.5482418454 17.9908542586 18.0981748699 33.175086652 -32397.4602487 1228 0.082640074927
41.6612521417 22.2482877243 22.4412203725 41.2465401382 -32427.2729137 1544 0.0824130542278
45.9492918531 24.4536598135 24.6688596715 45.5294789964 -32432.7722749 1705 0.0821872774095
41.4137659234 22.0869857212 22.2609621728 41.0073757729 -32431.6478278 1530 0.0819627342768
46.3395488884 24.616556773 24.8165983375 45.9329518684 -32460.0456096 1714 0.0817394147458
51.7908110467 27.4208453494 27.645411042 51.369630543 -32479.5498063 1917 0.0815173088419
53.3346583116 28.3120273834 28.5887340962 52.8815074803 -32474.022035 1987 0.0812964066988
50.308542948 26.6346091462 26.8397769845 49.9000351455 -32477.7325018 1859 0.0810766985568
44.8101052268 23.817700697 24.0040454709 44.4111552429 -32460.9996701 1655 0.0808581747615
48.5157627096 25.7489755228 25.9617669263 48.0832177831 -32461.590018 1797 0.0806408257621
22.0454267723 12.1722222772 12.2673778169 21.6739455908 -32071.4689385 808 0.0804246421103
44.7716958277 23.9043003514 24.1420021274 44.3466411603 -32429.3457309 1668 0.0802096144591
50.3803858368 26.8095279375 27.0836994389 49.9485265693 -32467.1098956 1879 0.0799957335609
49.8318112874 26.4349442267 26.6615883301 49.4162121833 -32472.3088359 1847 0.0797829902665
51.3148434968 27.2028911311 27.4380426003 50.8963221749 -32470.2536549 1903 0.0795713755238
55.7755727063 29.5403503387 29.8150085919 55.3403887649 -32489.2220321 2074 0.0793608803767
45.2732477564 24.1591957219 24.3958778007 44.8398788533 -32431.9375944 1686 0.0791514959633
49.4484513341 26.2742920596 26.5174756494 49.0127861941 -32475.6866065 1837 0.0789432135151
26.991610276 14.63188637 14.7116658044 26.6409529982 -32460.6061119 981 0.0787360243557
40.9924149692 21.9263380184 22.1282099744 40.5832577532 -32410.732045 1522 0.0785299198995
42.6354400696 22.8573372285 23.1059882983 42.1943269929 -32374.507497 1595 0.0783248916506
56.2841013568 29.7102173043 29.9461236833 55.86358976 -32489.2575241 2082 0.0781209312015
41.290745041 22.0913455588 22.2998903481 40.8789901745 -32393.1073709 1535 0.0779180302322
9.77017734734 5.85389338844 5.92294672183 9.48738031497 -31178.0953354 348 0.0777161805088
7.84510764049 4.85810179069 4.92943681667 7.57885963943 -30548.8918695 276 0.0775153738825
36.9795162813 19.826907906 19.9884974447 36.5860943442 -32351.6449334 1367 0.0773156022885
39.3123025127 21.0339251696 21.2084966323 38.8997909947 -32390.0499861 1455 0.0771168577451
36.5608460039 19.6179557282 19.7778793043 36.158445923 -32391.4018049 1351 0.0769191323522
41.7297369356 22.2501341184 22.4289230826 41.3319458753 -32433.5737545 1542 0.0767224182906
44.7726323992 23.904062283 24.138281077 44.3349184904 -32436.893915 1667 0.076526707821
56.0815428439 29.6649164484 29.9286284266 55.6496030219 -32488.490238 2082 0.0763319932828
35.9552716305 19.2409045386 19.3678480316 35.5812827678 -32452.2940591 1319 0.076138267093
56.5202212482 30.0022121837 30.316770576 56.0589369239 -32486.6375927 2111 0.0759455217457
41.1808954861 21.9924335223 22.1784686779 40.7803624176 -32402.608764 1525 0.0757537498106
53.5239616693 28.2856857405 28.5082309906 53.1040275666 -32488.4327432 1979 0.0755629439323
40.2025909957 21.4822077537 21.6559700419 39.7927759014 -32399.3442553 1487 0.0753730968293
42.6888949054 22.7642384556 22.9565609033 42.284024404 -32423.0853671 1581 0.0751842012932
19.2487464284 10.715293409 10.7953490976 18.9143730852 -32024.3209713 701 0.0749962501875
15.3712884922 8.62161787238 8.65106087796 15.1488176296 -32351.9943922 544 0.0748092364471
51.5890523426 27.3696870741 27.6257149729 51.1629970982 -32463.0967186 1918 0.074623153077
52.7512655624 27.9426894339 28.1824441126 52.3151339955 -32476.6969018 1956 0.0744379931517
51.5717004968 27.3561365545 27.6006621677 51.1352925939 -32460.0417922 1916 0.0742537498144
22.4582530355 12.3585511122 12.446063964 22.1028527675 -32210.7608048 820 0.0740704162757
12.0530578525 6.98986811354 7.04006483658 11.786951156 -32000.2994847 428 0.0738879858135
44.3102563816 23.5670865901 23.7519564487 43.9093741042 -32454.6224475 1637 0.0737064517714
45.0946780928 24.0316843621 24.2533353922 44.678311126 -32414.6737728 1676 0.0735258075585
30.6483726974 16.6153581982 16.7622884947 30.240640032 -32274.7371303 1134 0.0733460466481
31.7182380872 17.1449711666 17.2903112918 31.3185128336 -32301.8717251 1172 0.0731671625774
26.0119335565 14.1915252923 14.2968408051 25.6401559785 -32284.4746093 954 0.0729891489465
42.067160673 22.4229406767 22.6027758172 41.6634547937 -32422.2282722 1555 0.0728119994175
37.284235447 19.9587228641 20.1108539443 36.8908602142 -32436.2193761 1374 0.0726357077139
38.7977340397 20.7475352216 20.91412888 38.4013514786 -32408.980122 1433 0.0724602676199
6.35174326845 4.09886082986 4.19117019664 6.07437846963 -29070.9977121 223 0.0722856729796
42.9810902822 22.9135487075 23.1093060446 42.584132001 -32454.1689556 1591 0.0721119176963
13.0526976966 7.53968017085 7.60703477551 12.7455157846 -31673.7157895 470 0.0719389957316
51.6204411948 27.3208589577 27.544686832 51.2086958482 -32480.27274 1910 0.0717669011052
46.7828961502 24.9162709967 25.1520496893 46.3513904953 -32435.0369347 1740 0.0715956278937
45.2289987949 24.0532028137 24.2512323309 44.8103200849 -32439.4848779 1674 0.07142517023
28.3300199855 15.3509104883 15.456671668 27.972745397 -32381.7888566 1037 0.071255522303
44.7223592937 23.8300872939 24.0425293226 44.3005624279 -32451.8292466 1659 0.0710866783565
43.7468372274 23.4077114251 23.6576127792 43.3205143172 -32395.0668271 1634 0.0709186326888
45.3795299528 24.1411273019 24.3463713467 44.9778584445 -32467.6307451 1680 0.0707513796519
45.9197494553 24.4103608336 24.6147087958 45.5167121783 -32455.071919 1700 0.0705849136511
42.8853839038 22.7947268793 22.9565301951 42.49523745 -32455.9491611 1579 0.0704192291442
45.6047782838 24.2827260728 24.4968515284 45.1749797971 -32436.8962124 1692 0.0702543206407
49.3736278324 26.1648317343 26.3708467515 48.9576689526 -32481.2876573 1825 0.0700901827017
18.0032143807 10.0329840972 10.0897804441 17.7036651244 -32333.4275543 648 0.0699268099389
32.7847817095 17.6633926678 17.8010892708 32.4101476697 -32352.1382745 1208 0.0697641970141
53.4499582881 28.3558724493 28.6282273284 53.0091151952 -32475.2436663 1990 0.0696023386386
54.0930831864 28.5856380257 28.8156386082 53.6768272628 -32488.0686612 2001 0.0694412295727
41.4520335866 22.1073523805 22.2822223538 41.0407104781 -32451.0318203 1531 0.0692808646252
45.3494279531 24.1898261886 24.4242960202 44.9219031617 -32429.1026905 1688 0.0691212386526
48.2852036421 25.5886867819 25.7894593303 47.8849578617 -32470.5652626 1784 0.0689623465588
44.2368477718 23.5795101848 23.7908551178 43.8301271885 -32408.2801876 1642 0.0688041832943
41.9128838366 22.345925897 22.5289391744 41.5244515858 -32444.2992917 1549 0.0686467438561
51.1085824833 26.9993828114 27.1888565877 50.7034318111 -32485.7934782 1883 0.0684900232866
44.8866204734 23.8746031376 24.0713961172 44.4874792577 -32464.658309 1660 0.0683340166735
39.3808703538 21.0018403758 21.147289655 38.9954912796 -32474.7161374 1447 0.0681787191491
24.2327441356 13.226574182 13.3029463801 23.8988137293 -32416.153677 880 0.06802412589
45.4518380395 24.2407166999 24.4729140327 45.020989056 -32431.2945952 1691 0.0678702321162
44.8844440873 23.8085078106 23.974786019 44.5004853256 -32461.9171173 1652 0.0677170330911
52.1676909266 27.7400270555 28.0304713973 51.7279565181 -32446.5869766 1949 0.0675645241205
48.8690254461 25.9865092329 26.2317766394 48.4330249258 -32455.7555853 1818 0.0674127005528
45.4437082216 24.1827588434 24.3897305654 45.023846372 -32449.5773941 1684 0.0672615577777
52.3448859332 27.5961445097 27.7762617764 51.9491478044 -32488.0532793 1925 0.0671110912263
47.4159843134 25.1742190404 25.3810352852 46.9980329394 -32458.8950329 1755 0.0669612963707
45.5696570844 24.1937207292 24.372886517 45.1596966685 -32458.1424162 1681 0.066812168723
44.239142087 23.5605294433 23.7603018763 43.8358937683 -32419.3637277 1639 0.0666637038354
53.249275532 28.2679539345 28.5509840938 52.8154070564 -32468.1529261 1985 0.0665158972995
33.0530340884 17.7619227554 17.8803256591 32.6797608572 -32425.5435854 1212 0.0663687447458
46.6998975192 24.8319084966 25.0493062528 46.2903190319 -32477.9976498 1730 0.0662222418436
46.5540512133 24.730850567 24.9332030358 46.1512080451 -32458.4615225 1722 0.0660763843003
27.066709626 14.7420865864 14.8603903075 26.7006867326 -32209.3605754 996 0.0659311678608
45.0932847486 24.0051347772 24.2173333051 44.6895211248 -32418.7042204 1673 0.0657865883075
50.9978041686 27.0179894382 27.245563749 50.585795232 -32472.8501304 1889 0.0656426414599
45.4746137292 24.1652766799 24.3554198793 45.0700513073 -32484.7764749 1679 0.0654993231737
13.88769954 7.8815451566 7.91522471402 13.6580231365 -32258.006594 491 0.0653566293408
