DEBUT ITERATION : 0
DEBUT ITERATION : 0
4.34134481684 3.02891909513 3.1363746169 4.11378375446 -0.218263115434 147 0.49983338887
DEBUT ITERATION : 0
7.78744551509 4.79060636007 4.8460125257 7.57680852015 -0.0520847631903 270 0.49983338887
11.6441944905 6.73872370531 6.77574107863 11.4324920085 -0.000876266268906 409 0.491642084562
8.02598645349 4.92580435803 4.98499618428 7.79823073348 -0.045579621233 280 0.483714930668
3.68365079414 2.67852797217 2.80188200377 3.45544049965 -0.282153157461 123 0.476039352586
3.84529498077 2.759487029 2.87216554961 3.63185850861 -0.267542183282 128 0.468603561387
3.93656037894 2.80619583199 2.91444092135 3.72557766457 -0.259121869182 131 0.461396493387
5.100076341 3.42250006684 3.51230375327 4.87832412415 -0.162600031741 174 0.454407755226
4.1639573959 2.93189336735 3.03956365054 3.9430339486 -0.235333505244 140 0.447627573859
12.3449559821 7.13259794411 7.17902895415 12.0810917329 0.00337804202315 438 0.441046750956
4.56770526752 3.14675608388 3.24800073385 4.34032491066 -0.200168651063 155 0.434656621269
5.86637929118 3.85349303722 3.95539988275 5.57885539388 -0.113497925157 206 0.428449014567
8.33606107523 5.08154018704 5.13775309185 8.10730818429 -0.0391396217401 291 0.422416220783
4.06614632402 2.86982057433 2.97025323607 3.86917155217 -0.248282313176 135 0.416550958067
9.08196176747 5.51921098667 5.59500631151 8.76521430811 -0.0235904442682 324 0.410846343468
4.92029215668 3.34014174067 3.44237517251 4.67829601133 -0.171803079113 169 0.405295865982
6.22543521406 4.03772646724 4.13372517266 5.9417739816 -0.0976426502588 219 0.39989336177
7.95885685641 4.91522214486 4.98496003733 7.68873502987 -0.0455804060243 280 0.394632991318
5.80076471502 3.79924723206 3.8872583854 5.5513902318 -0.120167065369 201 0.389509218385
4.81255309484 3.27611641407 3.37343961786 4.58476306504 -0.181478128762 164 0.384516790567
9.0681009938 5.46959830328 5.52666607545 8.80867996771 -0.0256271686826 319 0.379650721336
6.24621356095 4.01098561678 4.0822111412 6.02763633075 -0.102299822926 215 0.374906273432
5.81385999597 3.81801004523 3.91451527229 5.54404127532 -0.11745945209 203 0.370278943471
15.0955479333 8.56135427943 8.60970113704 14.776254738 0.0114858526964 541 0.365764447696
6.2447937814 4.04390323096 4.13657630263 5.97085458395 -0.0976425407335 219 0.361358708745
4.37535648798 3.0590664402 3.17749325987 4.12064128363 -0.211308721168 150 0.357057843371
3.86351634815 2.76474713436 2.87248161272 3.65972176627 -0.267541561334 128 0.352858151023
22.7676916586 12.2866748043 12.3033100718 22.5952512456 0.0156434212333 807 0.348756103232
4.19722241931 2.96717965593 3.09281576521 3.93846808696 -0.225435167529 144 0.344748333716
6.26965189017 4.04025967301 4.12237546258 6.02101054304 -0.0987885411126 218 0.340831629175
4.09352609349 2.88435946133 2.98422256738 3.89484954947 -0.24563999259 136 0.337002920692
5.71881379065 3.74076707971 3.81832977978 5.49652347564 -0.127180694644 196 0.333259275717
22.0941576794 12.0262317309 12.052836027 21.8342964817 0.0155823018485 789 0.329597890574
20.6474238851 11.3145403389 11.3454168724 20.3660365861 0.0153350016656 738 0.32601608346
7.14640968403 4.48377385576 4.55348805834 6.90392962477 -0.0680727367827 249 0.322511287895
6.00473684657 3.92520564574 4.0252491819 5.7175995429 -0.107153617439 211 0.319081046586
5.09577227718 3.43023523537 3.52632891323 4.8504300184 -0.160815463885 175 0.315723005683
5.00893261605 3.39227053135 3.4973159294 4.75471974414 -0.164405560971 173 0.312434909394
4.87903043805 3.31507005453 3.41505789781 4.64441508343 -0.175614782867 167 0.309214594929
6.88895461607 4.37099076618 4.4546713162 6.62296111067 -0.0741977845202 242 0.306059987758
4.51655076945 3.11873066739 3.22014732596 4.29193097242 -0.204556620231 153 0.302969097152
5.74939796937 3.76279750426 3.84539542292 5.51520055643 -0.124332842203 198 0.299940011998
9.09404470203 5.44177776458 5.48499631674 8.89512816242 -0.0268991817272 316 0.296970896852
9.60091141557 5.71557897063 5.76223951144 9.38048822502 -0.0190964514417 336 0.294059988238
3.49464082067 2.57522891583 2.70285794603 3.27036911363 -0.303880623213 116 0.291205591147
10.4420671276 6.19866329232 6.26190684228 10.1433846596 -0.0084570271736 372 0.288406075755
10.9987649226 6.43976802954 6.48499904188 10.7515292678 -0.00483095202919 388 0.28565987431
6.51948968721 4.15115041465 4.22057444892 6.29894511847 -0.0909928466459 225 0.282965478212
3.56714656855 2.61677356352 2.74505599424 3.33641521081 -0.294381774763 119 0.280321435246
5.58135140679 3.67626106365 3.76171294397 5.3467504232 -0.133052530863 192 0.277726346973
6.78141888922 4.32365171766 4.41312930862 6.49814216951 -0.0769579076253 239 0.275178866263
4.04185263834 2.86332723416 2.97016323598 3.82843894637 -0.24828305765 135 0.272677694965
4.35767912859 3.04059355077 3.15025373818 4.12177803647 -0.215921411139 148 0.270221581697
5.11913131525 3.43467585985 3.52588413862 4.88993484636 -0.16081471435 175 0.267809319764
11.2340993857 6.57293465719 6.62338614929 10.965850259 -0.0028437970839 398 0.265439745178
6.63415875769 4.24272566192 4.33052200483 6.36211344228 -0.0827326003171 233 0.263111734783
5.92706869239 3.8671421621 3.95571797695 5.66976343517 -0.113496043967 206 0.260824204486
9.13035704337 5.51836929322 5.58220523387 8.84894640988 -0.0239892086597 323 0.258576107568
4.20085331181 2.95626999658 3.06758400264 3.9675784101 -0.230333591837 142 0.256366433088
13.6968925234 7.85035675092 7.90115900359 13.3838196607 0.00849572973052 490 0.254194204372
6.1336675865 3.97825095566 4.06761482488 5.87499743154 -0.10349594811 214 0.252058477567
6.17900668422 3.97985891955 4.05420192969 5.95426611884 -0.104700935655 213 0.249958340277
10.6072043164 6.25389035308 6.3044199572 10.3458648662 -0.00773179656005 375 0.247892910263
7.60669693741 4.75049083043 4.8313972914 7.31948430413 -0.0527739412849 269 0.245861334208
5.16148970144 3.46792291749 3.56726783644 4.9138456669 -0.155565775969 178 0.243862786539
5.20580176246 3.50820068951 3.62066792217 4.92561468438 -0.148809666462 182 0.241896468312
5.03740805615 3.39220951995 3.48452834446 4.80769116801 -0.166225559728 172 0.239961606143
4.52415589645 3.14208124617 3.26075564241 4.256784911 -0.198010292733 156 0.238057451198
3.50796231997 2.58563192333 2.716772026 3.27550667965 -0.300682950399 117 0.236183278224
9.37711946634 5.59318515344 5.63745321702 9.16541690684 -0.0224144142696 327 0.234338384627
8.56481060848 5.23437145154 5.3042417808 8.28231847652 -0.032881423904 303 0.232522089599
7.07297681034 4.45310387246 4.52628226416 6.82272939846 -0.0697791773193 247 0.230733733272
11.5923758681 6.71202738085 6.74888127282 11.382723291 -0.00121810523952 407 0.228972675927
9.04273526191 5.4805281531 5.55080504228 8.75825997132 -0.0247997972707 321 0.227238297228
5.61558234951 3.70068948198 3.78985142043 5.37035896623 -0.130087946965 194 0.225529995489
5.79255567776 3.81277724454 3.91418230968 5.51414983615 -0.117460088868 203 0.223847186987
3.53323614905 2.59968195122 2.73054816315 3.29969162651 -0.297516756033 118 0.222189305288
5.66476344062 3.75046933506 3.85684342264 5.3761743656 -0.122933124079 199 0.220555800618
4.93361871806 3.35156499228 3.45654945537 4.68313911105 -0.169926077326 170 0.21894613925
4.97864455521 3.38429936283 3.49649054128 4.7081282273 -0.164406755008 173 0.217359802927
5.89793812479 3.84569264025 3.92941588998 5.6571046615 -0.11612388943 204 0.215796288304
8.5789116834 5.19749793541 5.24888526025 8.35854663697 -0.034883393072 299 0.214255106413
5.38110820743 3.59714019612 3.70427817154 5.10570920972 -0.139167455065 188 0.212735782159
4.16718994441 2.93936987733 3.05305747601 3.93449190015 -0.232821575779 141 0.211237853823
6.02503942129 3.90631535391 3.98479223154 5.79033207361 -0.110919158136 208 0.209760872605
14.8652772917 8.34656864758 8.37333032484 14.6688904292 0.0106540397893 524 0.208304402166
14.3859596605 8.109431554 8.13748601943 14.1854406307 0.00966696772232 507 0.206868018204
5.16642387147 3.44625368336 3.52663779904 4.96291760554 -0.160813636407 175 0.20545130804
5.08785477541 3.43410349555 3.53820145783 4.82886767388 -0.159048848246 176 0.204053870222
5.81417322711 3.79339572479 3.87374989758 5.59100036776 -0.121540970882 200 0.202675314147
4.27333327425 3.01569494317 3.1479004982 3.99076678786 -0.215925488181 148 0.201315259697
25.0900018091 13.4562919419 13.4709605572 24.9071724557 0.0158191089054 891 0.199973336888
11.1370619351 6.53786061781 6.5951713939 10.8587165883 -0.00322541868177 396 0.198649185538
5.69089929752 3.71691873423 3.79039658331 5.48515153834 -0.130086336059 194 0.19734245494
6.54618136772 4.19268989271 4.27654211119 6.27878920182 -0.0867804399972 229 0.196052803555
4.64329515584 3.20191733091 3.31580952763 4.38835928746 -0.18957889972 160 0.194779898714
4.15970356477 2.93707939151 3.05273055007 3.92200861614 -0.232821878705 141 0.193523416333
4.45753977952 3.10285153686 3.21917727474 4.20177570401 -0.204558905583 153 0.192283040636
5.04710810529 3.42410850307 3.5384004422 4.76584039617 -0.159050614785 176 0.19105846389
5.21007464788 3.49561811316 3.59512175 4.95473633669 -0.152152870045 180 0.189849386154
12.4432181344 7.18614939489 7.23424405269 12.1817733127 0.003873594981 442 0.18865551503
7.62127353562 4.76191572 4.84515411306 7.32564704237 -0.0520868597135 270 0.187476565429
3.75144143364 2.7119066514 2.82989362075 3.53124545931 -0.276220363246 125 0.186312259347
3.74829341488 2.71097542317 2.83000000218 3.52566422071 -0.276220497388 125 0.185162325639
10.0361995092 5.94930325275 5.99855740543 9.79501110748 -0.0135921234904 353 0.184026499816
4.42645139277 3.08705686478 3.20510902952 4.16860828952 -0.20678642409 152 0.182904523839
5.00164101527 3.3766515749 3.47087784607 4.76472192361 -0.168065969472 171 0.181796145922
3.81453960853 2.74415279017 2.8585451697 3.59979212923 -0.270405837302 127 0.180701120347
5.76146902316 3.79645227207 3.89854525968 5.47815233666 -0.118807588178 202 0.179619207281
5.31976316822 3.56702238453 3.67671983891 5.03661401541 -0.142317319828 186 0.178550172598
7.45094016376 4.66300099606 4.74318223599 7.17726548795 -0.0570446136096 263 0.177493787717
8.60630523162 5.21154648903 5.26258142369 8.38554774138 -0.0343750034397 300 0.176449829432
6.52482645401 4.15261209626 4.22106575746 6.30670576816 -0.0909928394085 225 0.175418079757
7.63061196708 4.7375031016 4.8037240233 7.37684813252 -0.054168105195 267 0.174398325776
10.5176873011 6.16687858546 6.20607777623 10.3109526578 -0.00945734405521 368 0.173390359496
7.32776189392 4.58206257143 4.65151092334 7.07519338408 -0.0623649335294 256 0.172393977704
4.17727189045 2.9550062399 3.07919256344 3.91893296473 -0.227873048567 143 0.171408981831
7.1433170877 4.48481722937 4.55436115183 6.90251191881 -0.068072949676 249 0.170435177821
7.71965726189 4.77106167472 4.83220612427 7.48384596586 -0.0527724315955 269 0.169472376003
7.39670850681 4.61284270312 4.6793741854 7.15423282034 -0.060806234561 258 0.168520390967
14.4121136867 8.11118916262 8.13741807919 14.2236560756 0.0096669940799 507 0.167579041448
6.14445819414 4.00454964175 4.10730065398 5.84445848526 -0.0999501935006 217 0.166648150206
10.9495457552 6.45888356359 6.52229414653 10.6509767677 -0.00421364200729 391 0.165727543918
8.42628218466 5.17228895164 5.24805403786 8.13179714152 -0.034884786666 299 0.164817053071
5.48703748143 3.63859225318 3.73326823424 5.23363560047 -0.13607894858 190 0.163916511857
6.67921989424 4.25423693144 4.33208568312 6.41990893871 -0.0827319800582 233 0.16302575807
5.91205993916 3.86315124799 3.95571571411 5.65388648229 -0.113496384662 206 0.162144633013
4.12213715704 2.91303767467 3.02545874024 3.89279602165 -0.237872263002 139 0.1612729814
6.61246343558 4.22255573783 4.30389907402 6.3562390405 -0.0847357822464 231 0.160410651267
4.41613906573 3.06961012629 3.17731460884 4.18773656188 -0.211306955034 150 0.159557493884
6.51480658718 4.19353349493 4.28902799592 6.22029315603 -0.0857544797314 230 0.158713363665
66.1190950598 33.9712887261 33.9344685513 65.9240954265 0.0159517006148 2376 0.157878118093
6.08946436507 3.96843383891 4.0667982256 5.80810953548 -0.103497179724 214 0.157051617632
5.72470425146 3.78085045291 3.88552495668 5.43769580323 -0.120169268964 201 0.156233725654
17.6519364496 9.74086239686 9.76272610062 17.4561892529 0.014012509613 624 0.155424308362
6.72960423864 4.24471557968 4.30442767697 6.52885876116 -0.0847340013241 231 0.154623234718
10.3256480985 6.07011337108 6.10999337658 10.1175567657 -0.011309502377 361 0.153830376372
5.91749745697 3.88085260111 3.98281282726 5.6283896009 -0.11092194065 208 0.153045607591
6.40567464505 4.13707669105 4.23383566958 6.10919040339 -0.089926534603 226 0.152268805197
5.80558357184 3.82349650339 3.92719934374 5.51752059488 -0.116126416046 204 0.1514998485
5.57101406269 3.67411561398 3.76180292555 5.33094615937 -0.133052812486 192 0.150738619234
5.57162106796 3.68909163031 3.78772386059 5.30700302313 -0.130088983548 194 0.1499850015
4.10407967696 2.894557809 2.99821483537 3.89416562657 -0.243024581728 137 0.149238881703
8.86708394934 5.37027586522 5.42936075986 8.60985982733 -0.0286577311364 312 0.1485001485
6.49386393159 4.17175717803 4.26138714728 6.2209448987 -0.0878185072925 228 0.14776869274
4.80348413506 3.28715406474 3.39880797768 4.545387171 -0.177551488372 166 0.147044407411
28.169201803 15.1698949846 15.2140295826 27.8213706776 0.0159143233947 1017 0.146327187591
7.8607894829 4.87916184606 4.95699046995 7.5728232743 -0.0468303463679 278 0.145616930395
6.52718304754 4.19617502571 4.28912863935 6.23989265358 -0.0857541325568 230 0.144913534924
18.8191807106 10.4464998799 10.4955361865 18.4983001331 0.0148133772918 677 0.144216902221
6.12315136287 3.98231321498 4.07887818143 5.84725290695 -0.102302126613 215 0.143526935222
15.9520922924 8.91490958737 8.94330904814 15.7269766482 0.0124430691291 565 0.142843538711
18.372280205 10.1357414675 10.1631561762 18.1411222581 0.0145029424156 653 0.142166619278
30.5484692191 16.399262633 16.4725969849 30.2048344981 0.0159375344428 1111 0.141496085275
6.22675354907 3.99854708128 4.06830292951 6.00880160004 -0.103494131752 214 0.140831846775
5.61738570208 3.71662915216 3.81667237111 5.34548058847 -0.127183295731 196 0.140173815531
3.52797783663 2.59809634109 2.73064693178 3.2911015084 -0.297516999502 118 0.139521904939
6.01756090744 3.92630805476 4.02295123965 5.74025608897 -0.107152796414 211 0.138876029997
5.00128330242 3.39109498618 3.49775448558 4.73814267312 -0.164405922412 173 0.138236107271
14.2089931792 8.10442285562 8.15164139614 13.898347976 0.00972955543837 508 0.137602054857
8.46208429157 5.16848891614 5.23424283481 8.19611427911 -0.0353974728612 298 0.136973792348
5.26231550934 3.51609024583 3.60982543674 5.02175482709 -0.150471047871 181 0.136351240796
7.29624124746 4.59283020748 4.67839190266 7.007448056 -0.0608077371642 258 0.135734322686
6.90417652589 4.38404740166 4.46963844665 6.63014637959 -0.0732967949483 243 0.135122961895
6.54168479135 4.20825652772 4.30357430922 6.24561220311 -0.0847375570622 231 0.13451708367
7.68022445603 4.79897423886 4.88487042699 7.36919730431 -0.0500662907414 273 0.133916614588
8.83790161455 5.35403559021 5.41489583939 8.58203877322 -0.0291081710455 311 0.133321482535
4.95674934657 3.35714360228 3.45599919805 4.71191862182 -0.169925247541 170 0.132731616671
9.15354504416 5.51204256071 5.56833164471 8.89940745492 -0.0243922186717 322 0.132146947406
5.70935670517 3.76071860423 3.85762694868 5.44499373013 -0.122931579337 199 0.131567406368
45.8835943447 24.3702564452 24.5129331264 45.4264383095 0.0159515809574 1688 0.130992926382
7.00146161242 4.43656511615 4.52285320607 6.71852324412 -0.0697799541573 247 0.13042344144
14.2085630663 7.98193108322 8.01051363156 14.0655811101 0.00907240073497 498 0.129858886676
5.03710278129 3.39949596585 3.49806539946 4.79500580321 -0.164404626336 173 0.129299198345
8.62682385645 5.27173379666 5.34539322111 8.33679408765 -0.0314311066496 306 0.128744313793
4.96376528063 3.38022109944 3.49609524369 4.68665296627 -0.164407386813 173 0.128194171438
5.6643074527 3.72689354021 3.81674262032 5.41845726342 -0.127181795334 196 0.127648710748
14.9067051864 8.37379782312 8.40164844404 14.7022533417 0.0107594122842 526 0.127107872214
4.87229917649 3.32052206546 3.42806197351 4.61800877665 -0.173700333174 168 0.126571597334
41.1984228398 21.5288773896 21.539914951 41.0062353145 0.0159512155716 1472 0.126039828586
4.58566618984 3.16566870234 3.27519201044 4.34176520284 -0.195869191659 157 0.125512509413
8.87218370925 5.37938941644 5.4431207307 8.60564714636 -0.028211714366 313 0.124989584201
11.3996349408 6.66835738869 6.7196787482 11.1181541925 -0.00156703532049 405 0.124470998257
9.06584111108 5.52919296686 5.61786310165 8.73345801735 -0.0228034680904 326 0.123956697794
4.70424074062 3.21076964744 3.30365954355 4.49251209225 -0.191651872572 159 0.123446629907
6.03861359704 3.9242585683 4.0117740175 5.78766360648 -0.108395290403 210 0.122940742562
3.78421027798 2.72820572969 2.84393674577 3.56801231084 -0.273298454003 126 0.122438984573
5.62711658643 3.72569995023 3.82963132988 5.34800477873 -0.125752411666 197 0.121941305585
7.36864985341 4.58880790953 4.65148073218 7.14528764729 -0.062364344065 256 0.12144765606
7.17486283988 4.53498569489 4.62332841406 6.87631773922 -0.0639568417743 254 0.120957987259
4.76523451664 3.27071635367 3.38599382611 4.4980240418 -0.179506630686 165 0.120472251225
6.59851364286 4.22760901226 4.31716905891 6.32248723293 -0.0837297418105 232 0.119990400768
5.65268296314 3.70907786548 3.79048715711 5.4304916001 -0.130087056743 194 0.119512389451
6.0032936252 3.90988533448 3.99845033297 5.74005125892 -0.109651694147 209 0.119038171574
5.93785342682 3.88448743305 3.9821016493 5.66751108448 -0.110921043276 208 0.118567702158
11.5948430314 6.71254953008 6.74855586349 11.3830101023 -0.00121804737844 407 0.118100936934
4.31321123001 3.02102230515 3.13569128697 4.07014217027 -0.218264215601 147 0.117637832327
5.53864883949 3.68162021891 3.78772522374 5.25706920288 -0.130090245107 194 0.117178345442
5.78509751693 3.80282443288 3.89914659809 5.51245143505 -0.118806896802 202 0.116722434052
6.94196780352 4.36470288424 4.42831514334 6.72762385106 -0.0760266337662 240 0.116270056585
6.46575819444 4.16427385207 4.25981792576 6.18146919967 -0.0878189431242 228 0.11582117211
5.84382639412 3.83129037795 3.92702485444 5.57872717365 -0.11612499915 204 0.115375740328
5.77455247862 3.80032160967 3.90008176087 5.49956971728 -0.118807331984 202 0.114933721554
8.87140859958 5.42988546662 5.52065899822 8.54175017005 -0.0256281754069 319 0.114495076712
12.2212572706 7.01006877716 7.04054809828 12.0308770726 0.00204887927276 428 0.114059767318
6.82613843162 4.32636268967 4.40150577742 6.57572291509 -0.0778953239716 238 0.113627755473
8.29454871135 5.09458618251 5.16549758294 8.01290389317 -0.0380443416713 293 0.113199003849
4.52071562787 3.13384197974 3.24719880344 4.26995414144 -0.200170413896 155 0.112773475679
6.21100816178 4.02629087115 4.1204080007 5.93721027621 -0.0987897025099 218 0.112351134746
5.59529986133 3.697002527 3.79044632529 5.33857988204 -0.130088582423 194 0.111931945377
37.8297273305 19.8865078981 19.9134907123 37.6034530213 0.0159503767216 1355 0.111515872426
4.24155238896 2.97361742575 3.08077193651 4.01974227114 -0.227870264189 143 0.111102881268
6.00864459148 3.9258629142 4.02477379041 5.72564547889 -0.107153424821 211 0.110692937791
5.37552014955 3.58901394182 3.69189642761 5.11086524298 -0.140733658057 187 0.110286008382
8.36443349224 5.14254124857 5.21990238138 8.06507729918 -0.0359169775065 297 0.109882059922
7.96199399845 4.90552690097 4.97068073308 7.71322229482 -0.0462014720049 279 0.109481059777
4.92438270554 3.34081113753 3.44190837864 4.68366806679 -0.171802887017 169 0.109082975784
12.1447612688 7.01387903968 7.05444408529 11.9053965194 0.00218771230011 429 0.108687776248
21.8732167502 11.94989742 11.9833436576 21.5723275481 0.0155632756719 784 0.108295429933
21.003132709 11.4051395049 11.4444856583 20.8714330893 0.0153891737678 747 0.10790590605
4.59342811772 3.17509486389 3.2890166439 4.33529122693 -0.193751845279 158 0.107519174253
6.77688614147 4.28920152872 4.35946223753 6.54507688845 -0.0807673148026 235 0.107135204628
10.9180926345 6.37604903956 6.41555472481 10.7022322184 -0.00590178839705 383 0.106753967689
6.09861297936 3.96297809308 4.05370510657 5.83275126809 -0.10470276983 213 0.106375434366
5.51739444661 3.66862968441 3.77406870128 5.241742487 -0.131565150888 193 0.105999576002
6.9084357527 4.38555096537 4.47028443727 6.63369983631 -0.0732968236298 243 0.105626364341
71.3739268691 6.87571286461 14.7962583136 -69.0658266348 0.0159534066589 26715 0.105255771525
5.409147444 3.61234880725 3.71919411073 5.12965402997 -0.137616379808 189 0.104887770086
5.39487859803 3.57039733866 3.65162247512 5.17953741662 -0.145526905508 184 0.104522332938
8.25432611787 5.07669645464 5.14948891693 7.9727575348 -0.0385896052914 292 0.104159433373
5.70445182586 3.76852057235 3.87229575767 5.42062070678 -0.121544030414 200 0.103799045049
7.56622542049 4.71671787128 4.79052246655 7.29713616822 -0.0548770417035 266 0.10344114199
5.70292902484 3.77508639707 3.88472103094 5.40458259886 -0.120170000985 201 0.103085698577
7.35744132151 4.60592319983 4.67943421616 7.09457693523 -0.0608068441341 258 0.102732689542
9.53485491189 5.70678870748 5.76269454308 9.28237016693 -0.019096896123 336 0.10238208996
6.89438281429 4.33843451954 4.40153714141 6.67967928178 -0.0778942859286 238 0.102033875247
9.04609722929 5.49366827937 5.56745901913 8.74047591212 -0.024393024643 322 0.101688021151
4.27976614739 3.00498723253 3.12201136048 4.02949285549 -0.220630313398 146 0.10134450375
7.50942015391 4.69444984878 4.77436127553 7.22923205709 -0.0555924935676 265 0.101003299441
5.41463103795 3.61339994351 3.71905515058 5.13976050646 -0.137616150947 189 0.100664384941
22.3003129336 12.1589427507 12.1922958049 22.0139060263 0.0156176124772 799 0.100327737275
5.72868261329 3.76490232244 3.85758355053 5.47651886496 -0.122930943808 199 0.0999933337777
6.20063182002 4.03273188351 4.13466024854 5.90687206054 -0.0976435847291 219 0.0996611520829
7.92993911221 4.91568415239 4.99564571839 7.64131655285 -0.0449652777877 281 0.0993311701212
33.6073263939 18.2063984933 18.376731106 33.1429915133 0.0159479521026 1246 0.0990033661144
5.38437577916 3.59771481967 3.70421818507 5.10879571855 -0.139167319885 188 0.0986777185711
5.12208861624 3.46508592915 3.57944599461 4.840461076 -0.153853130322 179 0.0983542062816
4.88921668211 3.33166516534 3.44080627799 4.62586521384 -0.171804176185 169 0.0980328083132
8.74498536669 5.30200917564 5.35999896848 8.49648762229 -0.0309565522977 307 0.0977135040063
6.19384078257 3.98292969523 4.05443164481 5.97506815408 -0.104700757061 213 0.0973962729693
7.14218945375 4.48436972854 4.55442749849 6.89807619045 -0.06807298256 249 0.0970810950748
5.40370465954 3.58774949133 3.67819329904 5.16583204128 -0.142314519461 186 0.0967679504548
6.38834959434 4.10708038322 4.1915618766 6.13113229001 -0.0931655200975 223 0.0964568194971
6.78410027396 4.29083713813 4.3597652905 6.5599794502 -0.0807672578043 235 0.0961476828408
12.6053162673 7.29543003598 7.35576294682 12.3132208576 0.00491831980373 451 0.0958405213724
16.0375011747 8.98017105425 9.01277721672 15.7843844514 0.0126149921757 570 0.0955353162219
23.4168843268 12.6720646537 12.6929766591 23.1686416398 0.0157189988032 835 0.0952320487588
21.1608042264 11.5263809762 11.5468623924 20.934992866 0.0154215779047 753 0.0949307005886
5.80273005101 3.82270714784 3.92753066188 5.51220503198 -0.116126548378 204 0.0946312535487
6.68100651199 4.25405059575 4.33188333213 6.42604222597 -0.082731904388 233 0.094333689705
9.97359174705 5.91018368646 5.95712268653 9.74311908799 -0.0144964047256 350 0.0940379913485
5.6245710226 3.72594591561 3.83028813797 5.34338082255 -0.125752633288 197 0.0937441409912
6.16161401558 4.00015504532 4.09420689385 5.88936751689 -0.101119522884 216 0.0934521213632
4.88245051188 3.32351270504 3.42852869146 4.63427170308 -0.173699988818 168 0.093161915409
5.11821338525 3.45009270642 3.55347960399 4.86011176438 -0.157298883244 177 0.0928735062844
6.05980847299 3.96041462774 4.06503486603 5.76539654766 -0.103497888807 214 0.0925868773532
9.45334214893 5.67326137902 5.73352594449 9.19033404768 -0.0198084156079 334 0.0923020121839
7.4252349199 4.67925149814 4.77445034082 7.10089923323 -0.0555944303743 265 0.0920188945463
8.23781692573 5.09792346768 5.18844947086 7.91243412557 -0.0369705950846 295 0.0917375084093
8.97802553042 5.4456867914 5.5126470793 8.69215288532 -0.0260476864021 318 0.0914578379367
101.676191033 -4.31744452691 0.588169177948 -111.203136796 0.0159520066313 100001 0.0911798674853
5.71245274515 3.76933690491 3.87161888431 5.43486660368 -0.12154359029 200 0.0909035816011
8.34528012147 5.09283037976 5.15166605394 8.10814672308 -0.0385888728779 292 0.0906289650172
14.2256432873 8.02634462092 8.05441155482 14.026170364 0.00927631350624 501 0.0903560026504
4.89577515208 3.34160351897 3.45563308078 4.62277935163 -0.169927623147 170 0.0900846795988
5.42022173155 3.61502042241 3.71943823383 5.15144932075 -0.137615970799 189 0.0898149811389
3.71989918443 2.69597503718 2.81593905973 3.49786104611 -0.279171754816 124 0.0895468927228
11.1997939054 6.56678117956 6.6228167143 10.924172579 -0.0028437834767 398 0.0892803999762
5.56727611138 3.69607750181 3.80148733277 5.28650868745 -0.128629752434 195 0.089015488695
4.00043200256 2.85026972588 2.96817133026 3.76857339898 -0.248284644034 135 0.0887521448435
5.94511002127 3.88608320035 3.98188853117 5.67418165873 -0.110920817262 208 0.0884903545514
4.52307484114 3.1341034414 3.24658752097 4.27662098057 -0.200170250316 155 0.0882301041115
7.34606083763 4.62014773517 4.70646429893 7.05037731877 -0.0592803679711 260 0.0879713799777
10.4752916747 6.21381699885 6.2760630394 10.1727087338 -0.00821295108721 373 0.0877141687621
8.59227090706 5.246754529 5.31729996851 8.31131608787 -0.0323928624168 304 0.0874584572328
4.93868800191 3.35949354491 3.46882194569 4.67434850557 -0.168068105322 171 0.0872042323121
12.16814628 7.07676956426 7.13453910997 11.8668821972 0.00299314857204 435 0.0869514810736
6.19514580798 3.98287556122 4.05439554095 5.97854117481 -0.104700711134 213 0.0867001907404
149.333756062 24.3620623441 30.9600084093 -91.1329415269 0.0159516920402 100001 0.0864503486831
8.87781839274 5.39972354567 5.47064782495 8.58493827322 -0.0273333927274 315 0.0862019424171
7.70497877685 4.79607969881 4.87351441508 7.42095935942 -0.0507325235701 272 0.0859549596012
6.2949754424 4.07907206537 4.17737499882 6.00226443248 -0.0942695188223 222 0.085709388035
11.9325498367 6.93555199595 6.98466376868 11.6536753314 0.00147818802449 424 0.0854652156572
8.26256137771 5.12865198625 5.22814999185 7.90883567805 -0.035399691477 298 0.0852224305437
6.75168253197 4.32590816615 4.42596072242 6.44057601878 -0.0760302895629 240 0.0849810209053
7.84352322661 4.89098057568 4.98217405584 7.52879193308 -0.045581750686 280 0.0847409750862
4.77201245528 3.2722040762 3.38531910136 4.50589681299 -0.179506306526 165 0.0845022815616
9.11694634474 5.51359741676 5.57982936608 8.83567646887 -0.0239889406798 323 0.0842649289366
42.366469632 22.1274306702 22.1376606669 42.1573377959 0.0159513539859 1515 0.0840289059436
5.679109349 3.73946632234 3.83182220602 5.42254626089 -0.125750994645 197 0.0837942014413
4.10154435386 2.90057105062 3.0117504836 3.87670535969 -0.240435859782 138 0.083560804412
5.83438478222 3.82842211818 3.9257359636 5.56798523237 -0.116125099786 204 0.0833287039609
12.3751037195 7.06502843785 7.0930404686 12.2193917194 0.00259710967592 432 0.0830978893136
12.8862577252 7.37937509339 7.41549438505 12.6531593704 0.00535285186704 455 0.0828683498149
8.30717680297 5.0777035551 5.13767126562 8.06316762745 -0.0391399056057 291 0.082640074927
5.66826530095 3.75169979981 3.8575004284 5.37940922543 -0.1229330981 199 0.0824130542278
6.12956206445 3.9680175887 4.05275364954 5.88446307615 -0.104701735752 213 0.0821872774095
10.9860574815 6.40499165628 6.44332505775 10.7781005051 -0.00546686451291 385 0.0819627342768
4.99663619602 3.39647478133 3.51088643297 4.72012829321 -0.162603641301 174 0.0817394147458
5.64701120458 3.72999299676 3.82941830468 5.38346097462 -0.12575162921 197 0.0815173088419
5.63257019387 3.71959830454 3.81651587361 5.37024820466 -0.127182716471 196 0.0812964066988
5.06261992148 3.42793844839 3.53814892688 4.78717957647 -0.159049902335 176 0.0810766985568
5.1425319397 3.44735134613 3.539497442 4.91815207834 -0.159047109958 176 0.0808581747615
7.32394286838 4.59045979319 4.66538691036 7.05452385846 -0.061582249207 257 0.0806408257621
7.90973546735 4.88838646004 4.95721581898 7.64468619432 -0.0468297018202 278 0.0804246421103
11.9803198974 6.9518563139 6.99888374674 11.712194317 0.00162297759914 425 0.0802096144591
6.73663434853 4.29609720795 4.38332164916 6.46561106975 -0.07884374553 237 0.0799957335609
5.66662455881 3.75129773028 3.85758769629 5.38045558629 -0.122933150681 199 0.0797829902665
5.68866385234 3.72568239276 3.80387014541 5.47129360309 -0.128626356383 195 0.0795713755238
10.1634960941 5.98586543133 6.02577875173 9.96108653809 -0.0130038245643 355 0.0793608803767
6.08224454285 3.95990439194 4.05425622292 5.80564786104 -0.104703287509 213 0.0791514959633
5.81721223747 3.79361524449 3.87306892613 5.59250859087 -0.121540863741 200 0.0789432135151
5.98596056453 3.91273432358 4.01089779215 5.70676947381 -0.108396751662 210 0.0787360243557
36.8617138324 19.6372249937 19.7123540631 36.4808774244 0.0159501852701 1341 0.0785299198995
9.28620402105 5.60980397166 5.67840030723 8.99025404909 -0.0212760245693 330 0.0783248916506
5.19605030469 3.50531364282 3.61993273713 4.90704746795 -0.148810037867 182 0.0781209312015
4.95459961135 3.36346045815 3.46903207727 4.69858190701 -0.168067472276 171 0.0779180302322
5.21836579405 3.51115210328 3.62066991584 4.94453346102 -0.148809092451 182 0.0777161805088
6.29533773719 4.07142111073 4.16429919203 6.0173694439 -0.0953821587699 221 0.0775153738825
5.69317534348 3.74970894211 3.84465761525 5.43167530074 -0.124334238313 198 0.0773156022885
7.86535016061 4.85164046958 4.91553152087 7.62312773828 -0.0487508990927 275 0.0771168577451
6.31618500849 4.07502735403 4.16380266526 6.04934486294 -0.0953814623922 221 0.0769191323522
5.91194277627 3.87894563661 3.98202655376 5.62386614441 -0.110921998005 208 0.0767224182906
20.5618735296 11.3277877617 11.3711784967 20.2319959855 0.0153473162499 740 0.076526707821
5.1114392073 3.43371119332 3.52653825844 4.88076859619 -0.160814934909 175 0.0763319932828
11.1597674856 6.50833457625 6.54874016679 10.9326069892 -0.00381169528791 393 0.076138267093
48.7752533693 25.8794619865 26.0650908472 48.3281185186 0.0159516042223 1800 0.0759455217457
5.43871272411 3.63475772837 3.74611221348 5.14452819303 -0.134561375438 191 0.0757537498106
8.14877244512 4.99316503374 5.05429862565 7.91313482755 -0.0425640642223 285 0.0755629439323
4.43818678667 3.09714031952 3.21874128025 4.17313780449 -0.204559820171 153 0.0753730968293
7.29240109391 4.59111542467 4.67667355193 7.00171525233 -0.0608075710757 258 0.0751842012932
18.6631264979 10.9645293829 11.2925840925 17.9480342918 0.0153482486338 740 0.0749962501875
7.00445726084 4.43084419524 4.51144515499 6.7274012776 -0.0706457973082 246 0.0748092364471
5.70127190026 3.75075236546 3.84392074427 5.45005306292 -0.12433381407 198 0.074623153077
4.88396566267 3.3236475429 3.42773672328 4.63052202558 -0.173699880483 168 0.0744379931517
11.777005762 6.82060016642 6.85998972249 11.5452796354 0.000108253657378 415 0.0742537498144
9.0041278859 5.38774360444 5.42898438959 8.81974276208 -0.0286567626007 312 0.0740704162757
5.35077372425 3.58234675699 3.69066502951 5.07335857306 -0.140734479527 187 0.0738879858135
5.07042323046 3.42995591929 3.53807391678 4.80222178348 -0.159049536569 176 0.0737064517714
10.0238405173 5.96677979389 6.02165618259 9.74794278025 -0.0130040910899 355 0.0735258075585
6.62465086354 4.24931472993 4.34330186258 6.33089829942 -0.0817466336541 234 0.0733460466481
7.01351987015 4.40571388543 4.47110751499 6.79226500228 -0.0732951459562 243 0.0731671625774
6.41223024112 4.12768967381 4.21770369354 6.1406894349 -0.0909945532524 225 0.0729891489465
3.71364378909 2.6938224645 2.81561483413 3.4866341235 -0.279172024567 124 0.0728119994175
10.0827788524 5.9432744546 5.9830114565 9.88465307378 -0.0138900003298 352 0.0726357077139
4.57109987511 3.16202350305 3.27519545226 4.31456144207 -0.195869814636 157 0.0724602676199
11.4676895559 6.63250864968 6.66554645774 11.2764907348 -0.00228524426928 401 0.0722856729796
5.93391738743 3.89280669842 3.99619876198 5.64021896315 -0.109653570167 209 0.0721119176963
12.3663471741 7.11449140475 7.15165128487 12.1389842064 0.00312281616344 436 0.0719389957316
6.9073910885 4.35022704767 4.41554727126 6.68422234271 -0.076956029899 239 0.0717669011052
5.24584816668 3.51910816839 3.62242042135 4.98455086519 -0.148808223481 182 0.0715956278937
6.04247100031 3.9249579958 4.01150966711 5.79543882201 -0.108395147738 210 0.07142517023
5.5577164681 3.67204454113 3.76264096542 5.31540817472 -0.133053227588 192 0.071255522303
12.1242477281 7.04589443056 7.10314245167 11.8268132958 0.00273047288996 433 0.0710866783565
4.23508791132 2.97855582222 3.0939820742 3.9949535868 -0.225433391028 144 0.0709186326888
5.64253675048 3.72406056932 3.81818674856 5.37912140069 -0.127182635883 196 0.0707513796519
6.98414056722 4.43537093296 4.52531010053 6.69162792017 -0.0697808334897 247 0.0705849136511
7.95799502876 4.88554815815 4.94319682519 7.73876043405 -0.047462904558 277 0.0704192291442
5.62070647261 3.70143168451 3.78935201248 5.37738897803 -0.13008774118 194 0.0702543206407
3.80251284159 2.73382521881 2.84463865967 3.59573954977 -0.273297805872 126 0.0700901827017
9.82718389628 5.87972022622 5.94296406877 9.53794646564 -0.0148046074957 349 0.0699268099389
5.62583544313 3.71066024256 3.80286245934 5.37104745073 -0.128627965051 195 0.0697641970141
5.18880989207 3.46710743945 3.55430847626 4.97004774588 -0.157296696685 177 0.0696023386386
5.96514734439 3.89098586308 3.98197695572 5.69942151392 -0.110920286792 208 0.0694412295727
6.46527447377 4.15592709076 4.245290146 6.1891122149 -0.0888663917635 227 0.0692808646252
5.79739130605 3.82142664652 3.92675797031 5.50291021051 -0.116126683214 204 0.0691212386526
5.38799884673 3.59216915966 3.69160785179 5.12436494953 -0.140733198021 187 0.0689623465588
7.36372718825 4.57770671059 4.63597359155 7.15212921051 -0.0631548524911 255 0.0688041832943
6.49576150491 4.17125136188 4.26059548311 6.22594050273 -0.087818292155 228 0.0686467438561
5.29731646654 3.53849419771 3.63550284686 5.04815074863 -0.147159656033 183 0.0684900232866
9.48238753344 5.65886096052 5.70663701133 9.25840778663 -0.0205341871784 332 0.0683340166735
7.85133089603 4.8498233686 4.9154377252 7.60410280917 -0.0487510825707 275 0.0681787191491
6.11548350109 3.98065700252 4.07819669944 5.83402736077 -0.102302315482 215 0.06802412589
5.10801297227 3.43980607597 3.53916841134 4.86101031137 -0.159048225129 176 0.0678702321162
7.49808395641 4.6665638543 4.73484546597 7.25417040405 -0.0577817044329 262 0.0677170330911
7.82605434044 4.80693203032 4.85999817473 7.61767827662 -0.0514043406515 271 0.0675645241205
10.5195065413 6.18959591807 6.23499918211 10.2844098456 -0.0089520848787 370 0.0674127005528
8.54883243965 5.17236727369 5.22090199613 8.34312275579 -0.0359153485738 297 0.0672615577777
18.7906716546 10.3361421063 10.3599682931 18.5677025923 0.0146929222483 667 0.0671110912263
6.58675768154 4.19152425844 4.26269340461 6.35435251418 -0.0878168079353 228 0.0669612963707
5.42652508895 3.62371115101 3.732286739 5.14592146931 -0.136081028583 190 0.066812168723
8.70754713425 5.27513106025 5.3314002655 8.47420001385 -0.031908657909 305 0.0666637038354
13.5662529557 7.78064157898 7.83175381636 13.2602723955 0.00811153518453 485 0.0665158972995
5.675362267 3.73722847066 3.83042735925 5.42322490761 -0.125750874672 197 0.0663687447458
9.10435999581 5.52392551445 5.59553141028 8.79706796053 -0.0235902679785 324 0.0662222418436
7.81449701955 4.82366158726 4.88773319548 7.57671836937 -0.0500645188328 273 0.0660763843003
5.5116129645 3.66691340249 3.77338255575 5.22859372646 -0.131565328587 193 0.0659311678608
5.42388473805 3.62349742018 3.73251107001 5.14102748911 -0.136081163371 190 0.0657865883075
5.34655645591 3.58094120346 3.69029680435 5.06360592706 -0.140734606738 187 0.0656426414599
5.45071939842 3.63642491337 3.7451299994 5.16727926955 -0.134560675482 191 0.0654993231737
5.47186184031 3.64129840053 3.74517970898 5.20193495952 -0.134559792397 191 0.0653566293408
DEBUT ITERATION : 1
3.52362940903 2.59075594683 2.71705851197 3.30236145425 -0.300682243811 117 0.49983338887
4.14955763682 2.91371705214 3.01212130953 3.95115727484 -0.240434304766 138 0.491642084562
3.9065672686 2.79092646222 2.90054388785 3.69455917467 -0.261900449477 130 0.483714930668
4.50820809464 3.13104995614 3.24768147278 4.24909496632 -0.200170959429 155 0.476039352586
4.08912084557 2.90289804646 3.02413207317 3.84378147253 -0.237873664196 139 0.468603561387
4.88505495226 3.33740363717 3.45386170618 4.60937120557 -0.169927972383 170 0.461396493387
4.17971832335 2.94256219694 3.05291345186 3.95364066287 -0.232821075886 141 0.454407755226
3.53723135596 2.6010193157 2.73078214189 3.30510637231 -0.297516543485 118 0.447627573859
3.88463558482 2.79623288709 2.92570010418 3.63166447394 -0.256374543972 132 0.441046750956
6.03431301811 3.93273406304 4.02629263719 5.76124183976 -0.107152835671 211 0.434656621269
3.50988025979 2.58037141857 2.70338419266 3.29585854941 -0.303879955534 116 0.428449014567
5.62342127303 3.70272286836 3.79019737882 5.38155599289 -0.130087783242 194 0.422416220783
12.4702387075 7.18037040052 7.22108585784 12.2270147449 0.00375150036943 441 0.416550958067
10.092282113 5.97773477785 6.02655500226 9.84954138559 -0.0130042243884 355 0.410846343468
4.47719924183 3.094697729 3.19303275656 4.25904030295 -0.209033311129 151 0.405295865982
6.53251555981 4.19707045785 4.2894600903 6.25121651635 -0.0857539764784 230 0.39989336177
3.93396846551 2.798426183 2.9006372137 3.73872092107 -0.261899607783 130 0.394632991318
4.24666302853 2.98211135239 3.09481585649 4.01466772518 -0.225432902309 144 0.389509218385
4.3930707163 3.04335346707 3.13752221409 4.19025348878 -0.218261509855 147 0.384516790567
8.07146890579 4.95330957959 5.01277776862 7.83083092209 -0.0443552854075 282 0.379650721336
5.12193286094 3.42759451309 3.51253901074 4.91074293314 -0.162599496296 174 0.374906273432
8.7856207937 5.28678369886 5.33221769757 8.58694950684 -0.0319082944182 305 0.370278943471
3.50024023803 2.57723167241 2.70303873874 3.28160112349 -0.303880373828 116 0.365764447696
188.658710774 96.4253769178 97.0125744037 188.306297565 0.01595160293 6952 0.361358708745
6.07434061005 3.93359273449 4.01260663284 5.83415604209 -0.108394574055 210 0.357057843371
4.5329311259 3.13775403901 3.24775724297 4.28711846587 -0.200169923268 155 0.352858151023
4.3647543023 3.03599677304 3.13726262619 4.14570255495 -0.218262319921 147 0.348756103232
7.17065481611 4.5070607222 4.58171562958 6.91405265746 -0.066401231418 251 0.344748333716
6.54700581727 4.20826426399 4.30247197204 6.25566553706 -0.0847371787826 231 0.340831629175
7.88829408886 4.91033133091 4.99712642147 7.57291869497 -0.0449664009342 281 0.337002920692
10.6119969243 6.21099692183 6.24887987424 10.4106981529 -0.00870282673851 371 0.333259275717
6.79399669051 4.31061602859 4.38705285006 6.54031206986 -0.0788432517511 237 0.329597890574
4.83972426255 3.28303057999 3.37354738761 4.62229373825 -0.181477365403 164 0.32601608346
5.9984420817 3.90005669901 3.98471064696 5.75153295185 -0.110919813984 208 0.322511287895
10.921687395 6.39827045286 6.44316738072 10.6764112777 -0.00546706743873 385 0.319081046586
6.26021458412 4.03120045936 4.10997501258 6.01888659017 -0.0999473926005 217 0.315723005683
9.31743858133 5.58573792793 5.63728712937 9.07457613618 -0.0224147181528 327 0.312434909394
3.77449301401 2.72527838714 2.84390745575 3.55130159738 -0.273298851318 126 0.309214594929
4.16329987932 2.93194525903 3.03988137781 3.94122124947 -0.235333506304 140 0.306059987758
8.92006769836 5.41718267497 5.48487506104 8.63109056763 -0.0269005030772 316 0.302969097152
7.97299852952 4.90798838524 4.97102537313 7.72502560036 -0.0462014317242 279 0.299940011998
6.47811886855 4.15213316821 4.23428914587 6.21640953141 -0.0899246764003 226 0.296970896852
4.31299306757 3.00042283874 3.09572897467 4.11302091732 -0.225430721391 144 0.294059988238
5.38045323475 3.57482179478 3.6651548222 5.14662523512 -0.143913130007 185 0.291205591147
10.6204756241 6.24477399815 6.29023911509 10.3767524965 -0.007970766606 374 0.288406075755
6.19485189715 3.9997992909 4.0815373928 5.94940318648 -0.10230070966 215 0.28565987431
7.77880426294 4.83692517938 4.91518001385 7.48936565746 -0.0487521018872 275 0.282965478212
10.2594754586 6.07232602101 6.12237220883 10.0028369176 -0.0110371318942 362 0.280321435246
9.11827402395 5.52527004203 5.59586826851 8.82114065661 -0.02359010917 324 0.277726346973
4.88738146989 3.33167652088 3.44169537678 4.62644222212 -0.171804327546 169 0.275178866263
5.80117611425 3.79134539633 3.87367593077 5.56755439779 -0.121541256564 200 0.272677694965
3.46220730002 2.5588158705 2.68884695071 3.23546804621 -0.307111452741 115 0.270221581697
15.5400068228 8.76283324921 8.8039658004 15.2424818048 0.012072054066 555 0.267809319764
4.62637189449 3.18438693497 3.29005656995 4.38924291689 -0.19375050592 158 0.265439745178
3.55606058588 2.60713343649 2.73113722882 3.33646837673 -0.29751571311 118 0.263111734783
4.49824387093 3.1210696906 3.23362155252 4.24774762378 -0.202353262709 154 0.260824204486
23.7703921314 12.8092177327 12.8294307742 23.578711855 0.0157412865653 845 0.258576107568
81.8575954698 41.8797980808 41.8864497121 81.6443980353 0.0159516003842 2937 0.256366433088
5.43084155152 3.62436113195 3.73201587882 5.1526749319 -0.136080781066 190 0.254194204372
6.35046586669 4.10758582862 4.204576274 6.05657541115 -0.0920760500433 224 0.252058477567
5.78188618118 3.78734931757 3.87375195327 5.5342296293 -0.121541804552 200 0.249958340277
5.04343433693 3.41632962184 3.52546163817 4.77440693359 -0.160817307836 175 0.247892910263
5.47462897847 3.65061967937 3.75954279267 5.18831958127 -0.133055794516 192 0.245861334208
6.1574342174 3.98357708148 4.06726810774 5.9075428206 -0.10349537345 214 0.243862786539
7.57154643907 4.72698970241 4.80416421077 7.28621332723 -0.0541691507891 267 0.241896468312
5.55122318784 3.66183325399 3.74863619828 5.32058192156 -0.134557737095 191 0.239961606143
5.42044578448 3.61366052695 3.71766366921 5.15267270842 -0.137615684322 189 0.238057451198
7.09556935281 4.47537916665 4.55418594937 6.82765292038 -0.0680737333699 249 0.236183278224
4.08881681625 2.88969565544 2.99745043935 3.87511885844 -0.243025078538 137 0.234338384627
5.527444727 3.64918338054 3.73487910538 5.29287431754 -0.136077950569 190 0.232522089599
8.1042317689 4.99644630528 5.06760277626 7.82468841134 -0.0419798111287 286 0.230733733272
7.7487894805 4.80350419507 4.87350181436 7.48515211654 -0.0507318244382 272 0.228972675927
5.24291497438 3.50387378408 3.59587994202 5.00489614666 -0.152151852456 180 0.227238297228
66.7296243627 34.9763595227 35.2131934714 66.272490899 0.0159516052739 2460 0.225529995489
5.14339594401 3.44017806498 3.52613750119 4.92889827684 -0.160814103314 175 0.223847186987
4.57998227719 3.16447391826 3.27550338496 4.33385098614 -0.195869427039 157 0.222189305288
7.60079455574 4.73059429879 4.80408207254 7.33790885613 -0.054168460844 267 0.220555800618
5.26018881067 3.5001183749 3.58220336809 5.04514861291 -0.153848739346 179 0.21894613925
6.39087302241 4.07402244754 4.13777719758 6.18627038007 -0.0976397642688 219 0.217359802927
45.8301949843 23.8469358558 23.8639692244 45.6472127333 0.0159515490741 1640 0.215796288304
7.26323866696 4.56898287791 4.65068843444 6.98675982624 -0.0623658472004 256 0.214255106413
5.61539730739 3.70035490549 3.78963427291 5.36969196576 -0.13008791419 194 0.212735782159
13.2236016125 7.57969283238 7.62344704013 12.9529580857 0.00683597643333 470 0.211237853823
53.3208397536 27.6933444424 27.7064309746 53.026190571 0.0159516072441 1916 0.209760872605
10.3413809533 6.09295742668 6.13776680269 10.1155313364 -0.010767121458 363 0.208304402166
6.64736146631 4.22986008258 4.30386531909 6.4079466229 -0.0847350553569 231 0.206868018204
3.69954303342 2.68338479519 2.80192846784 3.48250536284 -0.282152488064 123 0.20545130804
5.56425923953 3.70375486089 3.81585031014 5.26263916587 -0.127185330387 196 0.204053870222
13.0312797738 7.5008329261 7.54998256945 12.7340040575 0.0063664029062 465 0.202675314147
3.502198218 2.57785349455 2.70306741792 3.28427767233 -0.303880292318 116 0.201315259697
8.92518086807 5.40566067854 5.46932874008 8.66159711535 -0.0273326718098 315 0.199973336888
5.27050679464 3.5319310831 3.63530936465 5.00863042306 -0.147160580083 183 0.198649185538
5.43526939441 3.59554415571 3.67926095445 5.21362906416 -0.14231381657 186 0.19734245494
6.03928757669 3.93158427633 4.02412886477 5.7742109456 -0.10715230655 211 0.196052803555
12.6561521519 7.27768066754 7.318129365 12.4037373661 0.00458029248739 448 0.194779898714
12.3254757811 7.06500629914 7.09592063844 12.1343943953 0.0025967186183 432 0.193523416333
6.51366198275 4.1680323628 4.2483622573 6.26345726238 -0.0888657594699 227 0.192283040636
4.15543789388 2.9423228203 3.06579541267 3.90014396975 -0.230335615816 142 0.19105846389
5.46055578446 3.63267557888 3.73383895047 5.19572079036 -0.1360799007 190 0.189849386154
3.71405339737 2.69399181052 2.81567896563 3.48904457071 -0.279172000333 124 0.18865551503
7.61674692311 4.70575866177 4.76277358397 7.4039631443 -0.05631377677 264 0.187476565429
5.31762293751 3.5290818795 3.6098943729 5.10795004542 -0.150469629172 181 0.186312259347
4.20963916687 2.95770272272 3.06663646015 3.98710057031 -0.230333264623 142 0.185162325639
6.15250804161 3.99977711229 4.09543881605 5.8683081793 -0.101120082646 216 0.184026499816
3.61483999172 2.63842611099 2.76008634257 3.39558732739 -0.291277550787 120 0.182904523839
8.0529998576 4.99326231172 5.08004179684 7.74418163803 -0.0414012445733 287 0.181796145922
6.96125599906 4.39645469786 4.47060781983 6.70711401458 -0.0732958992222 243 0.180701120347
5.57475691736 3.66771464025 3.74878615429 5.35226503981 -0.134557194461 191 0.179619207281
4.80154651235 3.27335626027 3.37319240961 4.56580263061 -0.181478492961 164 0.178550172598
5.76246015639 3.79613595862 3.89813349317 5.48562837637 -0.118807417062 202 0.177493787717
5.16506429789 3.46104510317 3.55337235805 4.93233413731 -0.157297305314 177 0.176449829432
20.2144083211 11.0485837992 11.0781110624 19.9986061095 0.0152132583977 720 0.175418079757
21.3883368077 11.7706883228 11.8254349008 21.0413065977 0.0155179966065 773 0.174398325776
5.9212567667 3.87365035195 3.9692566943 5.65112090381 -0.112202468602 207 0.173390359496
4.12404065615 2.91949305905 3.0378020374 3.88403961228 -0.235335082623 140 0.172393977704
5.33652428347 3.57912303178 3.69093468442 5.04706717271 -0.140735155646 187 0.171408981831
14.4562060977 8.15057216176 8.1794265558 14.246607059 0.00985359737707 510 0.170435177821
11.5171074135 6.71389969466 6.76233068766 11.2553230711 -0.00104659228497 408 0.169472376003
4.14191647069 2.9117190415 3.01212295207 3.93881068298 -0.240434514799 138 0.168520390967
4.66320549604 3.20746019454 3.31654619204 4.41565838959 -0.189578095774 160 0.167579041448
10.455210406 6.17153879484 6.22103626187 10.1993770071 -0.00920380286221 369 0.166648150206
6.43208935373 4.14912920486 4.24548489503 6.14236422625 -0.0888673498937 227 0.165727543918
5.6366558104 3.71286816564 3.80305459751 5.38766989962 -0.128627633891 195 0.164817053071
8.44759180994 5.12749353844 5.17849744797 8.234524078 -0.037502936782 294 0.163916511857
7.35870678113 4.596271778 4.6653634338 7.11294422067 -0.061581645254 257 0.16302575807
34.0727144978 17.9720273547 17.9844288648 33.8672349428 0.0159465491987 1216 0.162144633013
8.63364569491 5.22487916647 5.27595913925 8.41570898794 -0.033871655108 301 0.1612729814
4.38596121258 3.05541735295 3.16436417593 4.15127313433 -0.213602667134 149 0.160410651267
6.1324838262 3.93545668941 3.99888847884 5.93936344004 -0.109649227406 209 0.159557493884
7.401809999 4.63910190394 4.71982483194 7.12382188645 -0.0585273673814 261 0.158713363665
5.49544584918 3.65536391199 3.75986221886 5.22289084867 -0.133054957532 192 0.157878118093
5.23668507954 3.50941673497 3.60825426591 4.97865962244 -0.150471780261 181 0.157051617632
6.62110838535 4.24969216999 4.34466368148 6.32625847785 -0.0817469547394 234 0.156233725654
4.94093079712 3.35955519331 3.46841935983 4.67952159684 -0.168067951245 171 0.155424308362
14.2221574445 8.03728798639 8.06758104169 14.0065381842 0.00934314243608 502 0.154623234718
13.0322196118 7.4492079688 7.48487304377 12.8029605308 0.00587232619053 460 0.153830376372
5.11870593844 3.43411737094 3.52588380628 4.89311970306 -0.160814695993 175 0.153045607591
10.1532830377 6.05208104655 6.1190147065 9.85971889852 -0.0110371833643 362 0.152268805197
7.33758759755 4.58329956857 4.65163621547 7.09531188783 -0.0623647596799 256 0.1514998485
8.66316900032 5.25983136714 5.31830891669 8.41793624425 -0.0323923876109 304 0.150738619234
7.79973536263 4.8497247845 4.92886752595 7.50877666131 -0.0481051356526 276 0.1499850015
8.92631461904 5.36714035224 5.41472434037 8.71723176621 -0.0291075350714 311 0.149238881703
6.35804515059 4.10165527395 4.19250552193 6.08601931566 -0.0931664477288 223 0.1485001485
5.4211422878 3.61528680581 3.71943661448 5.14989649282 -0.137615942857 189 0.14776869274
4.56699067497 3.16709300624 3.28765892748 4.29638410631 -0.193753023477 158 0.147044407411
4.62127098987 3.19639338637 3.31584110453 4.34582338946 -0.189579989462 160 0.146327187591
6.2153956548 4.00506694295 4.08220868186 5.9797017476 -0.102300390072 215 0.145616930395
5.81250115013 3.80072568203 3.88625373899 5.56921212129 -0.120166594546 201 0.144913534924
5.85233335394 3.85037214553 3.95523274047 5.56123346278 -0.113498392305 206 0.144216902221
5.23156389977 3.50876651762 3.60953007561 4.97711537318 -0.150472045206 181 0.143526935222
7.66770710841 4.77093426943 4.84516061786 7.39302625701 -0.0520861224182 270 0.142843538711
4.29387261714 3.01477799769 3.13446210693 4.04320871892 -0.218265058257 147 0.142166619278
11.5727263165 6.87279156653 6.97502273932 11.1526801449 0.00147744077978 424 0.141496085275
5.5278252531 3.67841218118 3.78708545177 5.23940497957 -0.130090566761 194 0.140831846775
4.5635458597 3.13118541245 3.22095754552 4.36412464612 -0.204555285187 153 0.140173815531
7.47220381299 4.67972692876 4.76168774896 7.18781782639 -0.0563155841572 264 0.139521904939
5.78506356164 3.8094880517 3.91199521279 5.50450863819 -0.117460021865 203 0.138876029997
12.4637420948 7.16904137658 7.20719869389 12.2311556987 0.00362829948287 440 0.138236107271
8.6331717104 5.27402918739 5.34604010775 8.34229910506 -0.0314311721477 306 0.137602054857
6.96319444278 4.41271917693 4.49699668047 6.69156846967 -0.0715205888933 245 0.136973792348
8.20914057539 5.04080070832 5.10875653232 7.94703724183 -0.0402587139456 289 0.136351240796
15.9364074047 8.94852301749 8.98493336118 15.6576265812 0.012547214506 568 0.135734322686
7.71734938201 4.80751911899 4.88743806649 7.42685703092 -0.0500659609537 273 0.135122961895
6.34023265565 4.08191698906 4.16537064208 6.0811812341 -0.0953811736594 221 0.13451708367
5.52044411259 3.66958756557 3.77437257467 5.24113523361 -0.131565093596 193 0.133916614588
10.3552271656 6.12592952243 6.17880817624 10.093276693 -0.00997378078815 366 0.133321482535
7.71471672215 4.79455910153 4.86981293111 7.44280471436 -0.0507317189762 272 0.132731616671
8.90903687042 5.39532427632 5.45700771274 8.64130166745 -0.027770058896 314 0.132146947406
26.8130579734 14.5088785314 14.5620644847 26.4553515836 0.0158917862056 970 0.131567406368
4.55950123464 3.15818408799 3.27418529425 4.30389320564 -0.195870289244 157 0.130992926382
5.37901210334 3.58181419752 3.67838803869 5.13119245935 -0.142315242678 186 0.13042344144
7.00452593788 4.43066790008 4.51187821522 6.73219860097 -0.0706457859436 246 0.129858886676
4.280452093 3.00502688332 3.12180434236 4.03185935547 -0.220630277388 146 0.129299198345
8.92122979389 5.40731008735 5.47107388767 8.64998551535 -0.0273330155938 315 0.128744313793
3.79299179478 2.73087674756 2.84429404763 3.58221584662 -0.273298139204 126 0.128194171438
12.5033229859 7.19503929967 7.23432333574 12.2609010613 0.00387359554043 442 0.127648710748
8.05382114233 4.94977147306 5.01267461083 7.80821018042 -0.0443554300004 282 0.127107872214
12.9807238456 7.46475879794 7.5115848712 12.7000283097 0.00607282392365 462 0.126571597334
5.07664584435 3.4088009944 3.49770408868 4.85476207346 -0.164403395913 173 0.126039828586
11.4863365613 6.66677276444 6.70586255885 11.2680932284 -0.00174356494957 404 0.125512509413
4.38452883962 3.05436685252 3.16384481592 4.15252127341 -0.213602701608 149 0.124989584201
5.79746193233 3.79074606609 3.87375544325 5.55986403859 -0.121541362344 200 0.124470998257
6.98303886144 4.42485483481 4.51054874105 6.70257708385 -0.0706459324442 246 0.123956697794
9.5546944217 5.69978239905 5.74888654567 9.32277116438 -0.0194506836799 335 0.123446629907
9.37910908898 5.63230478722 5.69193608813 9.1231768777 -0.0209030330315 331 0.122940742562
5.1838666953 3.48001088316 3.58014884998 4.93623004006 -0.15385065004 179 0.122438984573
10.0967953392 6.0649383641 6.14857067949 9.74012958321 -0.0105013676727 364 0.121941305585
5.62114078646 3.71539457269 3.81428592088 5.35778552866 -0.127182744409 196 0.12144765606
4.71508765077 3.22122730381 3.31750442608 4.49291668986 -0.189576332887 160 0.120957987259
4.17456209661 2.94116997199 3.05284891936 3.94559693905 -0.232821288651 141 0.120472251225
7.94138751494 4.96255933939 5.06319271176 7.58728751472 -0.0419820861356 286 0.119990400768
10.00365033 5.90313380331 5.94320445029 9.80491263672 -0.0148037137418 349 0.119512389451
24.3844389056 13.094992839 13.1096873239 24.2129409861 0.0157795459884 865 0.119038171574
7.39947387309 4.6475805252 4.7328695309 7.10729129425 -0.0577831153642 262 0.118567702158
7.28244768853 4.59064148112 4.67841480705 6.98271456929 -0.0608080997782 258 0.118100936934
9.34319991413 5.58934095434 5.63775562752 9.11440744877 -0.0224146182132 327 0.117637832327
11.1845719332 6.51483513647 6.55443949318 10.9606590802 -0.00381224280288 393 0.117178345442
6.28705671969 4.06821966666 4.16345595871 6.00891428748 -0.0953821432656 221 0.116722434052
6.45532296913 4.13902093912 4.2199608873 6.19787291131 -0.0909939965977 225 0.116270056585
10.2518882335 6.08165804319 6.13767772541 9.98235478627 -0.0107675408083 363 0.11582117211
4.91103471131 3.34517698178 3.4555964055 4.64597413393 -0.169926936168 170 0.115375740328
18.1403550684 9.94402099591 10.0208771186 18.0944478714 0.0143829897542 645 0.114933721554
3.61894352939 2.63935290061 2.75958683705 3.40440404834 -0.291277395193 120 0.114495076712
5.03355874925 3.39105233877 3.48391729501 4.80304438092 -0.166225633172 172 0.114059767318
6.66818388405 4.25158597782 4.3319542123 6.40957280686 -0.0827321250559 233 0.113627755473
8.94905118142 5.44946657131 5.525159725 8.63501001969 -0.0256281698591 319 0.113199003849
17.621088694 9.74029569979 9.76920884733 17.415900877 0.0140323681326 625 0.112773475679
5.3908485208 3.60746724301 3.71820586578 5.10463572554 -0.137617037838 189 0.112351134746
6.1124857165 3.94927081811 4.02626095264 5.88272206592 -0.107150844137 211 0.111931945377
9.29360126255 5.57178669406 5.62388171966 9.05681111276 -0.0228022851213 326 0.111515872426
5.45995962943 3.63921078162 3.74599366538 5.17955457959 -0.13456043148 191 0.111102881268
5.7994617362 3.80792087787 3.90156430179 5.53285510532 -0.118806731086 202 0.110692937791
6.04788556911 3.92619349283 4.01151614617 5.79839437003 -0.108395042516 210 0.110286008382
16.5212528518 9.21829372618 9.24879050278 16.271964072 0.0131390406131 587 0.109882059922
12.1190337467 6.99926860688 7.04000441532 11.8787056662 0.00204876511183 428 0.109481059777
12.8734379411 7.55171531791 7.66946776192 12.4650034917 0.00728363660435 475 0.109082975784
24.1757180782 13.085495863 13.1099894703 23.891084837 0.0157795351173 865 0.108687776248
7.19424692241 4.54711137225 4.63670129377 6.89278377818 -0.0631578610899 255 0.108295429933
14.3321820981 8.10422261987 8.13650363922 14.1007974937 0.00966699235631 507 0.10790590605
8.71498877649 5.23557340054 5.27632144305 8.53942368746 -0.0338712660286 301 0.107519174253
5.00064697114 3.3895442589 3.49665590706 4.74428432856 -0.164405786286 173 0.107135204628
5.04627578951 3.41655038181 3.52464969306 4.78030570498 -0.160817118702 175 0.106753967689
10.8636022136 6.33591056795 6.3727890704 10.6664647262 -0.00657048724178 380 0.106375434366
6.53806969199 4.19694874108 4.28815760157 6.26117460232 -0.0857535606901 230 0.105999576002
5.03655516164 3.42080294127 3.53744233484 4.75188690851 -0.159051006383 176 0.105626364341
7.46678107341 4.67947930667 4.76187347794 7.1762758264 -0.0563158111744 264 0.105255771525
12.0977528914 7.039854543 7.09577291188 11.7952250631 0.00259619496051 432 0.104887770086
12.4648472773 7.21202315185 7.26268537666 12.1760197926 0.00411366179229 444 0.104522332938
5.66173199306 3.74175276875 3.84358224453 5.38982128923 -0.124335101965 198 0.104159433373
3.99788184015 2.85042365134 2.96944059342 3.7616013235 -0.248284733732 135 0.103799045049
6.15253706875 3.9838102816 4.06828539215 5.89440310375 -0.10349565143 214 0.10344114199
5.35681007094 3.57755786396 3.67875725517 5.0920794895 -0.1423160922 186 0.103085698577
5.40557213633 3.61180202718 3.71955450828 5.12227993221 -0.137616594717 189 0.102732689542
5.53477793748 3.67261422795 3.77428889893 5.26630663729 -0.131564513536 193 0.10238208996
5.41405843437 3.61999183006 3.73130790601 5.12617096957 -0.136081423208 190 0.102033875247
14.0832156706 8.01538248652 8.06255234849 13.8217941948 0.00934339619025 502 0.101688021151
5.78286232306 3.77834308576 3.85980323068 5.55543176927 -0.122929878948 199 0.10134450375
5.05207591348 3.41792749105 3.52441515806 4.78821907707 -0.160816871222 175 0.101003299441
4.93843934325 3.33771667516 3.42931221528 4.72024281787 -0.173698161037 168 0.100664384941
6.09567896125 3.94596032037 4.02660565032 5.85547546198 -0.107151297718 211 0.100327737275
5.05156283914 3.42424792073 3.53719584298 4.7779209504 -0.15905024525 176 0.0999933337777
3.96875249795 2.82857249507 2.94167158079 3.74962881044 -0.253648719835 133 0.0996611520829
4.76633321481 3.27779492906 3.39902919803 4.48323877005 -0.177553322539 166 0.0993311701212
7.65490141752 4.76855606493 4.8456054891 7.37204717314 -0.0520863545194 270 0.0990033661144
34.1291777403 18.0923763655 18.1177414651 33.8341503019 0.0159470712735 1226 0.0986777185711
6.48452967367 4.17017730712 4.26163683471 6.20430059453 -0.0878188399944 228 0.0983542062816
10.7569981576 6.29260426554 6.33222099579 10.5412656469 -0.00726011772615 377 0.0980328083132
6.63337182632 4.2182194422 4.29051056527 6.39913307704 -0.0857519604691 230 0.0977135040063
5.24390441058 3.52478946076 3.6345367616 4.96758430441 -0.147161566637 183 0.0973962729693
10.6686848245 6.23901036386 6.27664983687 10.4662183659 -0.0082122002756 373 0.0970810950748
9.50081330323 5.72162574646 5.78961146402 9.20025848439 -0.0184000865869 338 0.0967679504548
7.03780075299 4.4197199328 4.4847007759 6.80824348003 -0.0724027269427 244 0.0964568194971
5.83298062608 3.83822836999 3.94176183756 5.54239344598 -0.114805748122 205 0.0961476828408
5.20958063653 3.50176963611 3.60746097232 4.94257853994 -0.150472646704 181 0.0958405213724
4.8181778222 3.28468693036 3.38689637247 4.58067543971 -0.179504528646 165 0.0955353162219
4.57235034358 3.16196604755 3.27490467194 4.31989023698 -0.1958697371 157 0.0952320487588
7.78191749246 4.80952704698 4.87387930855 7.54014472361 -0.050731474734 272 0.0949307005886
5.86350567774 3.82142762396 3.90143638033 5.63050790819 -0.118804999199 202 0.0946312535487
6.14117140937 3.98107507446 4.06824978594 5.88089629639 -0.10349589969 214 0.094333689705
3.6647110913 2.659891369 2.77426551688 3.45968535604 -0.28820444269 121 0.0940379913485
7.94720999568 4.92230506556 4.99881658161 7.6631816973 -0.0449656529202 281 0.0937441409912
41.2996175598 21.6561742001 21.737778545 41.1355722634 0.0159513701781 1489 0.0934521213632
9.49896951536 5.66113610712 5.70689864762 9.28303307792 -0.0205341490566 332 0.093161915409
5.1964682677 3.49772133981 3.60606456836 4.92676586921 -0.150472989747 181 0.0928735062844
5.70174387234 3.76802955816 3.87233654757 5.41487419386 -0.121544153827 200 0.0925868773532
5.02762775777 3.3962352301 3.49693123981 4.78576340258 -0.164404794011 173 0.0923020121839
5.26478054254 3.54612615693 3.66283343942 4.96673867988 -0.143917283395 185 0.0920188945463
55.6242883923 28.7949340033 28.8042903145 55.3728660801 0.0159515988006 1995 0.0917375084093
8.670185162 5.32256454362 5.41087110918 8.3404571136 -0.0291095066168 311 0.0914578379367
56.1270551536 30.0061335769 30.347003703 55.573436084 0.0159516409546 2109 0.0911798674853
14.9539855979 8.38826483074 8.41496364731 14.7631634048 0.0108114066942 527 0.0909035816011
11.4009909286 6.70182246211 6.76965543238 11.0822917187 -0.000876446496436 409 0.0906289650172
170.557188369 86.92447384 87.2531317053 170.470383702 0.0159522554858 6280 0.0903560026504
13.1105973866 7.56587925423 7.62302820406 12.7895417296 0.00683578327534 470 0.0900846795988
11.0347353902 6.46392130471 6.5122579959 10.7817120286 -0.00441735726575 390 0.0898149811389
9.48384330328 5.67904412353 5.73478196553 9.23039380746 -0.0198084689012 334 0.0895468927228
4.93742687444 3.36580124423 3.48191369374 4.65663905671 -0.166229134775 172 0.0892803999762
37.7310682727 19.7860553597 19.8156553758 37.5769536409 0.0159502648696 1348 0.089015488695
6.09587779073 3.96216272968 4.05385743686 5.83106233609 -0.104702832293 213 0.0887521448435
4.50544964729 3.12261417212 3.23334072732 4.26419745438 -0.202352938185 154 0.0884903545514
8.1258585781 4.99673021215 5.06628256695 7.87042680403 -0.0419790547505 286 0.0882301041115
5.92536839172 3.88149693149 3.98130637797 5.64820289734 -0.110921369011 208 0.0879713799777
6.07098584384 3.92408630913 3.99888532977 5.84491650385 -0.109650176194 209 0.0877141687621
6.44066634498 4.14402882576 4.2335023892 6.16062435317 -0.0899254572478 226 0.0874584572328
8.82138397397 5.38937824826 5.46925167305 8.50280517896 -0.0273338935393 315 0.0872042323121
5.3783427941 3.5967590249 3.70468435982 5.09646555076 -0.139167639959 188 0.0869514810736
5.24911916458 3.5269992723 3.63519305214 4.97012680436 -0.147161466949 183 0.0867001907404
24.2952086121 13.0626816301 13.0807911338 24.1133683878 0.0157760750139 863 0.0864503486831
9.25030763329 5.59542324446 5.66529450345 8.94820121672 -0.0216522917903 329 0.0862019424171
4.7791448818 3.26701399621 3.37266244466 4.5358479896 -0.181479221013 164 0.0859549596012
4.95636334491 3.36385728648 3.4695342996 4.70452551236 -0.168067417508 171 0.085709388035
11.870791273 6.95377309515 7.02452723718 11.5393570578 0.0019079237666 427 0.0854652156572
6.90265377602 4.39271620305 4.48341144995 6.60726572395 -0.0724050613 244 0.0852224305437
12.1194544249 6.98906656572 7.02665581527 11.8948548124 0.00190832063972 427 0.0849810209053
4.58840767996 3.16679905591 3.27539584499 4.34325058609 -0.195869099929 157 0.0847409750862
6.07675511998 3.96398425455 4.06454574406 5.78813339518 -0.10349723647 214 0.0845022815616
7.12460869692 4.50671194449 4.59396039219 6.82811337757 -0.0655789880186 252 0.0842649289366
11.1640814849 6.523501865 6.56831253657 10.9148084413 -0.00361476008623 394 0.0840289059436
12.061243807 6.92662174919 6.95713034201 11.8777423689 0.00118474405175 422 0.0837942014413
7.64092160922 4.76362683028 4.84423055542 7.36398062433 -0.0520861851053 270 0.083560804412
6.11607633212 3.9501500426 4.02620640005 5.88937390561 -0.107150768151 211 0.0833287039609
11.1927682788 6.55827014555 6.60958841836 10.9177778491 -0.00303375138336 397 0.0830978893136
5.86296526686 3.86038489507 3.96867386364 5.55983980466 -0.112204505804 207 0.0828683498149
4.43071625836 3.08166126533 3.19228694923 4.19190716932 -0.209034931439 151 0.082640074927
6.0948838912 3.93679741105 4.01255053681 5.86725151492 -0.10839417962 210 0.0824130542278
10.7241133249 6.28895548721 6.33211903946 10.4943848837 -0.007260173191 377 0.0821872774095
5.6463372721 3.73779962557 3.84319152431 5.36502037082 -0.124335614019 198 0.0819627342768
5.35006439798 3.58164317197 3.6900681555 5.07270288208 -0.140734408837 187 0.0817394147458
4.6016044173 3.1700828927 3.27552204205 4.36377519202 -0.195868590291 157 0.0815173088419
14.0070292612 8.04326978941 8.10904784376 13.6573458999 0.00953922300544 505 0.0812964066988
5.72311021003 3.7790594987 3.8841122402 5.43657476514 -0.120169073036 201 0.0810766985568
4.75908338908 3.24781172392 3.34575589283 4.52944126629 -0.185486688566 162 0.0808581747615
5.81279367615 3.80230095335 3.88749361593 5.56954653181 -0.120166683838 201 0.0806408257621
5.18128877913 3.47188516556 3.56600657727 4.94256680877 -0.155565008574 178 0.0804246421103
5.9878992662 3.92012601333 4.0234321331 5.69806467212 -0.107153909324 211 0.0802096144591
6.03316645429 3.92285225692 4.0111368992 5.77372175291 -0.108395356613 210 0.0799957335609
6.01846262823 3.92069402024 4.01225985757 5.75331646294 -0.108395934904 210 0.0797829902665
5.43164133548 3.60324191431 3.69324609141 5.1937102328 -0.140731973953 187 0.0795713755238
4.33574814034 3.04047487129 3.16263745967 4.07441922851 -0.213604834103 149 0.0793608803767
4.78855076408 3.28312375227 3.39853744779 4.52097822894 -0.177552157094 166 0.0791514959633
33.3993268845 17.7152434975 17.7347119531 33.1132639094 0.0159455475521 1198 0.0789432135151
13.7954805188 7.86029614562 7.89937072835 13.5331008608 0.0084959956457 490 0.0787360243557
6.54987649769 4.17491892552 4.24855502138 6.31924266322 -0.0888650726636 227 0.0785299198995
16.5140503215 9.25287024285 9.29053053304 16.2142326047 0.0132225127325 590 0.0783248916506
26.3068924653 14.1158403645 14.1359766743 26.0689832867 0.015869833288 939 0.0781209312015
18.0180894449 9.94647008046 9.97096477764 17.7986187067 0.0142838637788 639 0.0779180302322
5.67621847723 3.7604532475 3.87047799542 5.38274282463 -0.121544849444 200 0.0777161805088
14.2677490782 8.1631457576 8.22092479102 13.9323968863 0.0100344563953 513 0.0775153738825
15.5425840002 8.75296487454 8.79032995317 15.2601993134 0.012032864374 554 0.0773156022885
10.7936583117 6.37002999452 6.42908705551 10.5028265039 -0.00568378165062 384 0.0771168577451
6.17072333723 4.01004855487 4.10744890978 5.88526317222 -0.0999493161262 217 0.0769191323522
5.92471638923 3.85957821299 3.94327591646 5.68444243224 -0.114803132199 205 0.0767224182906
5.10028336803 3.44389677797 3.55132081748 4.83396955854 -0.15729933558 177 0.076526707821
8.10815013042 4.94828296807 4.99884192294 7.90456858411 -0.0449638525665 281 0.0763319932828
7.05098841947 4.4560316653 4.53847908938 6.77817039871 -0.0689224350585 248 0.076138267093
5.10494247658 3.44597226066 3.55253030541 4.84221276405 -0.157299293371 177 0.0759455217457
12.9362703753 7.39526645568 7.42942061821 12.7160050479 0.00545887191845 456 0.0757537498106
9.1226606953 5.5519206614 5.63493004802 8.79555347044 -0.0224161632728 327 0.0755629439323
6.22914419429 4.03070480594 4.12093389459 5.96212454205 -0.0987893002269 218 0.0753730968293
5.58227101788 3.70838297307 3.81648285065 5.29267900805 -0.127184609788 196 0.0751842012932
5.59225500973 3.70931974527 3.81479248052 5.30951161226 -0.127183940951 196 0.0749962501875
10.4226721355 6.14609650296 6.19331470612 10.1769879287 -0.00971444969276 367 0.0748092364471
5.38113907298 3.57447292374 3.664361926 5.14488816718 -0.143913037652 185 0.074623153077
5.19987088376 3.47780084213 3.56805395619 4.96796618623 -0.155564690426 178 0.0744379931517
90.4229943894 46.9336598571 47.2120107973 90.010837047 0.0159516013405 3326 0.0742537498144
7.15922821072 4.51140069432 4.59255464747 6.88695119193 -0.0655778678548 252 0.0740704162757
11.4487063168 6.67429957882 6.72077955976 11.1955125598 -0.00156692774959 405 0.0738879858135
5.88813151178 3.84326372342 3.92929117178 5.64010247692 -0.116124088073 204 0.0737064517714
7.73056150196 4.81027211512 4.88768610792 7.44945044954 -0.0500657701589 273 0.0735258075585
4.68555811195 3.22802877246 3.34384436469 4.41750303782 -0.185489473488 162 0.0733460466481
4.6772965057 3.21132047276 3.3169616555 4.43897424886 -0.189577563294 160 0.0731671625774
5.25422240537 3.53572274303 3.64887760626 4.96962192467 -0.145531263403 184 0.0729891489465
4.70069788554 3.23149708717 3.34373527721 4.44400017955 -0.18548876186 162 0.0728119994175
10.3604777636 6.12721601873 6.17934809245 10.1008899763 -0.00997382807442 366 0.0726357077139
5.10442410034 3.42352551039 3.51233380113 4.8842414808 -0.162599915527 174 0.0724602676199
7.0528488693 4.43896947862 4.51135558502 6.81009180624 -0.0706448175132 246 0.0722856729796
17.334385358 9.58640129966 9.60969685014 17.1371070233 0.0137858482377 613 0.0721119176963
8.28847796045 5.09319888059 5.16554549614 8.00947652129 -0.0380443957827 293 0.0719389957316
7.40222534146 4.60402674917 4.6654371484 7.17996827775 -0.061581124488 257 0.0717669011052
5.95540358728 3.89757461567 3.99708169437 5.66932431531 -0.109652896589 209 0.0715956278937
8.19382491154 4.99046782255 5.0400560116 7.99212983272 -0.0431545047272 284 0.07142517023
12.4285995036 7.1417727297 7.17868088251 12.2084683033 0.0033782653734 438 0.071255522303
5.84261433404 3.84800620951 3.95531840357 5.54211163406 -0.113498812442 206 0.0710866783565
8.34184687115 5.1018646383 5.16538984483 8.08977558214 -0.0380437152156 293 0.0709186326888
7.7070537248 4.82011476757 4.9110369812 7.384824294 -0.0487527503415 275 0.0707513796519
8.89332700221 5.35218359313 5.40033475353 8.68214675121 -0.029562610729 310 0.0705849136511
6.34947084351 4.11464957369 4.21746105847 6.03905597579 -0.0909965230289 225 0.0704192291442
5.99422677284 3.92176360969 4.02379754887 5.7074161008 -0.107153735493 211 0.0702543206407
5.67946887741 3.75445265071 3.85799930829 5.39859710976 -0.122932715718 199 0.0700901827017
7.63077434807 4.71745416764 4.77666621559 7.41384570061 -0.055591247741 265 0.0699268099389
6.67372389819 4.26029295945 4.34406510559 6.40502763652 -0.081745562449 234 0.0697641970141
26.7025832766 14.4534086023 14.5051969656 26.3420434921 0.0158893371737 966 0.0696023386386
7.82163779761 4.83556747071 4.90159458794 7.56975550813 -0.0494046805787 274 0.0694412295727
4.51685663978 3.11868305145 3.21993622315 4.29474326567 -0.204556588355 153 0.0692808646252
7.78564981102 4.7907323506 4.8459297791 7.57561128221 -0.052084784078 270 0.0691212386526
11.4640149215 6.62997224704 6.66418346098 11.2784015251 -0.00228499933622 401 0.0689623465588
5.75478061546 3.7640684723 3.84593788168 5.52912299808 -0.124332702295 198 0.0688041832943
6.00562419516 3.93346163207 4.03843857334 5.7044135816 -0.105923467572 212 0.0686467438561
5.12064053906 3.46474916234 3.5796189659 4.8361779893 -0.153853239546 179 0.0684900232866
5.20140919794 3.4928749518 3.59464318743 4.94423982702 -0.152153104689 180 0.0683340166735
5.7134469985 3.77060766551 3.87226785778 5.43335756753 -0.121543708784 200 0.0681787191491
5.49616212562 3.66294828645 3.77286989577 5.20548918104 -0.131565876606 193 0.06802412589
5.6944363067 3.75824647046 3.85830348374 5.42164373345 -0.122932235901 199 0.0678702321162
6.08557504684 3.9756878974 4.0798465726 5.78326847734 -0.102303695623 215 0.0677170330911
6.1198281205 3.97562075491 4.06741539547 5.85110545975 -0.103496374552 214 0.0675645241205
5.40459938292 3.61037520562 3.71795155368 5.12727030969 -0.137616391629 189 0.0674127005528
5.24222133325 3.53279871922 3.64849482687 4.94589309959 -0.145531826562 184 0.0672615577777
7.53194687291 4.65385410104 4.70721947301 7.3301975855 -0.0592779021284 260 0.0671110912263
9.7116750297 5.79259628725 5.84609934381 9.46356622916 -0.0170458247412 342 0.0669612963707
9.27063764605 5.55814421091 5.60942969236 9.0377834205 -0.0231936590783 325 0.066812168723
24.1070539402 13.0206263172 13.0628033436 23.8836190078 0.0157764064661 863 0.0666637038354
3.8192547751 2.74533405019 2.85835644304 3.60669442608 -0.270405692788 127 0.0665158972995
12.5834608245 7.22651478691 7.26544840681 12.3510975839 0.00423324619756 445 0.0663687447458
7.17451447709 4.52339175739 4.60764322436 6.89819318808 -0.0647629096494 253 0.0662222418436
7.5921867157 4.6813687714 4.73297484326 7.39990562729 -0.0577803686249 262 0.0660763843003
5.43777131223 3.6111745333 3.70535659778 5.18884834421 -0.139165568154 188 0.0659311678608
6.01345002129 3.9273650712 4.02517192078 5.73205036907 -0.107153332425 211 0.0657865883075
5.6170717948 3.72297707966 3.82852102406 5.3365585738 -0.12575265215 197 0.0656426414599
5.82833834696 3.82700544332 3.92610163477 5.55635588887 -0.116125329523 204 0.0654993231737
5.99691699718 3.92349948278 4.02509467992 5.70636096923 -0.107153890376 211 0.0653566293408
