DEBUT ITERATION : 0
3.78465485747 2.7346699414 2.85752762324 3.5511705471 -0.270407095709 127 0.49983338887
12.9256503595 7.4380330669 7.48470502655 12.6470866012 0.00587214115098 460 0.491642084562
5.91349188923 3.85684348198 3.94319929263 5.6656362348 -0.11480341057 205 0.483714930668
4.16432965951 2.93222522165 3.03992639943 3.94214811724 -0.235333474103 140 0.476039352586
3.7270647357 2.6980826336 2.81594123171 3.50917952855 -0.279171461641 124 0.468603561387
7.00587965841 4.40489979068 4.47110780375 6.77614158936 -0.0732952733282 243 0.461396493387
11.8390769297 6.90172360745 6.95652012154 11.5429924072 0.00118427884259 422 0.454407755226
4.79507580201 3.27816868742 3.38587871416 4.54754693355 -0.17950532779 165 0.447627573859
5.12141043356 3.43570105942 3.52632843061 4.89494298002 -0.160814694583 175 0.441046750956
4.1683413792 2.94601255634 3.06602110819 3.9197772992 -0.230335006889 142 0.434656621269
4.42878626826 3.07984054066 3.19056493572 4.19190897826 -0.20903493258 151 0.428449014567
6.83744876283 4.32781285347 4.40139536898 6.59647353508 -0.0778950671891 238 0.422416220783
7.32695794838 4.59948586186 4.67898059144 7.0519922781 -0.0608072729096 258 0.416550958067
5.84664056751 3.82561283957 3.9151165467 5.59206494857 -0.117458548638 203 0.410846343468
6.16111479169 4.00128125098 4.09524522245 5.88319015126 -0.101119771109 216 0.405295865982
6.83594262714 4.31852750513 4.38767539103 6.60762175747 -0.078842615384 237 0.39989336177
5.92218128267 3.85799514019 3.94270862702 5.67873246015 -0.114803130455 205 0.394632991318
6.81628979563 4.31495608532 4.38753619537 6.57576150869 -0.0788429245111 237 0.389509218385
5.87365515399 3.83079264834 3.91493341362 5.6346522156 -0.117457804776 203 0.384516790567
6.4106023878 4.10386120965 4.17919296409 6.17732676223 -0.094266915217 222 0.379650721336
6.27743934976 4.04253250281 4.12364729371 6.03301912159 -0.0987885596687 218 0.374906273432
7.46218266545 4.63206421346 4.69313261244 7.24315779425 -0.0600381345488 259 0.370278943471
6.52793391234 4.16178930481 4.23484715619 6.29968180968 -0.0899237381637 226 0.365764447696
5.746057431 3.76974052267 3.85910918842 5.50064641117 -0.122930689582 199 0.361358708745
5.97895671263 3.88725610147 3.9709339969 5.73714240943 -0.112201132635 207 0.357057843371
5.64147244245 3.71456595294 3.80403490642 5.39654267537 -0.128627616917 195 0.352858151023
7.01703106733 4.41548645046 4.48492415645 6.7795971369 -0.0724030125049 244 0.348756103232
6.56871003453 4.17849517338 4.24878042677 6.34706612377 -0.0888647945751 227 0.344748333716
6.65352200647 4.23929017785 4.31776989615 6.39979506073 -0.0837286435592 232 0.340831629175
6.51745489708 4.16016393087 4.23483915566 6.28039336814 -0.0899239655023 226 0.337002920692
6.13602714715 3.97068732966 4.05387286348 5.8875909825 -0.104701817169 213 0.333259275717
5.83020895556 3.80476462756 3.88728916911 5.60002446129 -0.120166282431 201 0.329597890574
6.36918400039 4.08686750489 4.16534836551 6.12951679813 -0.0953804794454 221 0.32601608346
5.85236452284 3.81816601113 3.90144611544 5.61866008549 -0.118805269444 202 0.322511287895
6.08884448427 3.94397100826 4.02645241393 5.84748971841 -0.107151412375 211 0.319081046586
6.52253722723 4.16094423872 4.23486266129 6.28936443532 -0.0899238612513 226 0.315723005683
8.09381203789 4.95537497982 5.01262883556 7.87104384183 -0.0443550017138 282 0.312434909394
6.68229349821 4.24464447171 4.31781518817 6.44689168179 -0.0837281112491 232 0.309214594929
5.89621004479 3.84450695878 3.92917416126 5.65391351241 -0.116123900024 204 0.306059987758
7.20209108973 4.50337951824 4.56824619853 6.97742265649 -0.0672322427515 250 0.302969097152
5.67303424551 3.72976959102 3.81802792014 5.4308162792 -0.127181729702 196 0.299940011998
6.17923685468 3.98832194609 4.0681726059 5.94110466858 -0.103494993143 214 0.296970896852
6.44192726389 4.12772406141 4.2069415416 6.19520203142 -0.0920740321789 224 0.294059988238
6.13418887331 3.96151050194 4.04018729058 5.9035856815 -0.10591997355 212 0.291205591147
7.33816158173 4.58286780343 4.65111485066 7.09677019637 -0.0623646832418 256 0.288406075755
6.80498426909 4.30369838977 4.37372732256 6.57563249838 -0.0798001804238 236 0.28565987431
6.30418182093 4.05697381021 4.13765069517 6.05707221336 -0.0976412125039 219 0.282965478212
6.99771295429 4.40251229298 4.47099230981 6.76782351075 -0.07329532451 243 0.280321435246
7.16392365158 4.48705144353 4.55396728532 6.93449847829 -0.0680725486775 249 0.277726346973
6.81487749213 4.31433024452 4.38742727529 6.5758453174 -0.0788429042208 237 0.275178866263
6.30398477525 4.05638331848 4.13728845219 6.05829140387 -0.0976411523644 219 0.272677694965
5.5687224062 3.67364908708 3.76224157204 5.33096840412 -0.13305290186 192 0.270221581697
6.38310795398 4.08982704264 4.16542173477 6.14972788585 -0.0953802448135 221 0.267809319764
6.31956918721 4.05088820982 4.12377445337 6.09678221961 -0.0987877706882 218 0.265439745178
7.00512782211 4.4039170238 4.47096202241 6.77883400864 -0.0732952268691 243 0.263111734783
6.97660184154 4.4074631075 4.48423575422 6.71758867321 -0.0724035713785 244 0.260824204486
5.48006522185 3.62947579331 3.72064039065 5.23979924941 -0.137614110691 189 0.258576107568
6.02979939509 3.91453079919 3.99839074476 5.78506031653 -0.109650954709 209 0.256366433088
6.26492894029 4.03184019249 4.10994147986 6.02652145949 -0.0999472804279 217 0.254194204372
5.7040159871 3.74442078736 3.83172448803 5.46449566777 -0.125750270042 197 0.252058477567
5.93675997279 3.86970419619 3.95673571952 5.68582822519 -0.113495929805 206 0.249958340277
5.02775264385 3.38956358522 3.48438786282 4.7952243532 -0.166225836869 172 0.247892910263
6.48260490071 4.15274207339 4.23433399301 6.22773897147 -0.0899245512346 226 0.245861334208
5.51276383373 3.64476626302 3.73452490829 5.27612457347 -0.136078296571 190 0.243862786539
6.18603892702 3.99811464137 4.08179900914 5.93546558958 -0.102300950641 215 0.241896468312
5.79309312669 3.78865503446 3.8735278055 5.55730520975 -0.121541455941 200 0.239961606143
5.79207168436 3.78894540634 3.8736707071 5.55223416265 -0.121541525678 200 0.238057451198
5.08520615555 3.42675511115 3.52596516898 4.83808202924 -0.160815781898 175 0.236183278224
5.37130090568 3.57288740561 3.66516111217 5.12923107545 -0.143913413057 185 0.234338384627
5.65818951269 3.72628245944 3.81762780062 5.40683547663 -0.127182104633 196 0.232522089599
5.35888099716 3.56189983887 3.6512907737 5.12690850654 -0.145527772482 184 0.230733733272
6.12468368004 3.96812513363 4.0537800727 5.87136093351 -0.104702064203 213 0.228972675927
5.60998165529 3.69955315758 3.79019539202 5.36270843671 -0.130088123867 194 0.227238297228
5.96168999849 3.88346107688 3.97068369185 5.70962350624 -0.112201529186 207 0.225529995489
7.75175050726 4.81303533733 4.88715938283 7.48014554937 -0.050065302779 273 0.223847186987
6.96110192824 4.38720254041 4.4571670538 6.72453242718 -0.0741969747027 242 0.222189305288
5.39793561139 3.57871275658 3.6652299208 5.17369354014 -0.14391266804 185 0.220555800618
6.13415965313 3.97032750018 4.05399993135 5.88624656773 -0.104701868665 213 0.21894613925
6.05221685233 3.92772243611 4.0123383467 5.8061631119 -0.108395057279 210 0.217359802927
5.56277355885 3.67259900471 3.76241151309 5.32117312487 -0.133053095855 192 0.215796288304
7.12289716241 4.47153264701 4.54046055278 6.88250885397 -0.0689215577793 248 0.214255106413
5.86408782665 3.82094788407 3.90154317216 5.63371574215 -0.118805037976 202 0.212735782159
4.74416501296 3.25082951025 3.35869524919 4.49390136724 -0.183473798609 163 0.211237853823
6.24991496924 4.02845860938 4.10966611081 6.00312708161 -0.0999475527364 217 0.209760872605
5.83025499367 3.81331738799 3.9011150821 5.58434662281 -0.118805777031 202 0.208304402166
5.72180725563 3.7486138593 3.83201128649 5.49130675335 -0.125749887355 197 0.206868018204
5.73045236244 3.7584416096 3.8455753765 5.49089515076 -0.124333277274 198 0.20545130804
5.39902293079 3.57910484536 3.66531223714 5.17364216461 -0.143912657626 185 0.204053870222
5.33671826863 3.54886604682 3.63745757157 5.10773428285 -0.147158720708 183 0.202675314147
6.96996282971 4.4153596959 4.49817750848 6.69412561613 -0.0715207140146 245 0.201315259697
5.53461465993 3.6581798731 3.74852155147 5.29222027351 -0.13455820581 191 0.199973336888
6.01777595427 3.90340269479 3.9845715113 5.78215493864 -0.110919312866 208 0.198649185538
7.92914865283 4.87140109685 4.92936066525 7.70595535203 -0.0481034974114 276 0.19734245494
6.45428243647 4.12146116151 4.19326627535 6.22776589653 -0.0931644898201 223 0.196052803555
5.0875878508 3.41929996291 3.51219323816 4.85990098272 -0.162600358501 174 0.194779898714
6.20580592431 4.00205203131 4.0818343814 5.96619760311 -0.102300515959 215 0.193523416333
5.31041782406 3.53464259067 3.62347221373 5.08264463841 -0.148806245625 182 0.192283040636
5.65264421328 3.70868246049 3.79035292601 5.43017107761 -0.130087065436 194 0.19105846389
7.40261495686 4.62242175262 4.6932468886 7.1531977807 -0.060038925119 259 0.189849386154
5.56461962224 3.68067943708 3.77576964209 5.30767263103 -0.13156374331 193 0.18865551503
5.33679722824 3.54885513741 3.63745430443 5.10792371125 -0.147158716648 183 0.187476565429
6.33331981412 4.07124363587 4.1514861583 6.08869597694 -0.0965052391441 220 0.186312259347
6.11588222445 3.95789091532 4.04020735445 5.87504046545 -0.105920370557 212 0.185162325639
5.73353630964 3.75922211762 3.84573314487 5.49549482417 -0.124333221705 198 0.184026499816
5.29999266425 3.53204878393 3.6232551545 5.06777532174 -0.148806504829 182 0.182904523839
6.52690150211 4.17074506008 4.24847693569 6.28119186759 -0.0888655230814 227 0.181796145922
5.74081628493 3.76075164297 3.8457600842 5.50701623544 -0.124333043878 198 0.180701120347
5.52429077173 3.64768888372 3.73471998458 5.29199424206 -0.136078042567 190 0.179619207281
5.66487747485 3.71983565576 3.80421559256 5.43163439905 -0.128627036791 195 0.178550172598
5.83379180701 3.80625596073 3.88768749108 5.60206275294 -0.120166287632 201 0.177493787717
5.56521385095 3.67247781384 3.76204565052 5.32734110725 -0.133052942103 192 0.176449829432
4.92978085065 3.34290241326 3.44272115327 4.68889925557 -0.171802784502 169 0.175418079757
5.91480440493 3.85695122291 3.94307824897 5.66622437248 -0.114803368559 205 0.174398325776
7.49610059076 4.65709483271 4.72103270576 7.2634631368 -0.0585262138091 261 0.173390359496
6.67347610036 4.24332681551 4.31814403733 6.4321729374 -0.0837283101888 232 0.172393977704
5.4916728179 3.63228282193 3.7208275715 5.25708868007 -0.137613824562 189 0.171408981831
5.65342490827 3.71664816495 3.80381093435 5.41752922533 -0.128627245382 195 0.170435177821
5.9315986559 3.85174598008 3.92932404986 5.71036819376 -0.116123123105 204 0.169472376003
5.6693295939 3.72072748903 3.80421854692 5.43972746819 -0.12862693355 195 0.168520390967
5.01508010743 3.38653465221 3.48428362216 4.77632298441 -0.166226214864 172 0.167579041448
5.56014473547 3.6716154196 3.76221726522 5.31897551409 -0.133053122231 192 0.166648150206
5.50468943 3.64294208049 3.73428136048 5.26250407158 -0.136078508371 190 0.165727543918
6.30262794258 4.05564636611 4.13704764233 6.05813625149 -0.0976411121197 219 0.164817053071
5.78624022929 3.78700082863 3.87341315308 5.54759784124 -0.12154159672 200 0.163916511857
5.45435902963 3.61595894882 3.70686471155 5.21233453713 -0.139165261473 188 0.16302575807
7.55666330205 4.71406453639 4.78998893518 7.28244074029 -0.0548770827066 266 0.162144633013
6.30960888807 4.05755611324 4.13724254708 6.06652945963 -0.0976410419053 219 0.1612729814
6.01857904927 3.91213628353 3.99843134087 5.76904740117 -0.109651211542 209 0.160410651267
5.84000663064 3.81510247408 3.90105580695 5.6011622013 -0.118805501812 202 0.159557493884
4.84753776683 3.29918131031 3.400524062 4.60968356548 -0.177549917256 166 0.158713363665
6.17951810425 3.98795200419 4.06800370132 5.94290375125 -0.103494938989 214 0.157878118093
5.39700955157 3.58652665928 3.67884945261 5.15517575134 -0.142314796204 186 0.157051617632
6.01947405409 3.90384795332 3.98473603908 5.78687617829 -0.110919292247 208 0.156233725654
4.56687387599 3.1525145106 3.26031887029 4.32884532792 -0.198008361 156 0.155424308362
6.02109893403 3.91299638826 3.99860864863 5.77080782056 -0.109651201812 209 0.154623234718
5.10606123058 3.45351177804 3.5656103525 4.82837645312 -0.155567816374 178 0.153830376372
4.77160173266 3.26462271597 3.37196270854 4.52221992282 -0.181479487602 164 0.153045607591
4.82658642508 3.29357523081 3.39983524988 4.57625116266 -0.177550635495 166 0.152268805197
5.56831722795 3.68151803457 3.77579980449 5.31434504968 -0.131563624134 193 0.1514998485
6.79859743554 4.32153961003 4.40159161939 6.53131867014 -0.0778958905317 238 0.150738619234
6.05346582055 3.92820201656 4.01250164629 5.80767288613 -0.108395059556 210 0.1499850015
5.4681232751 3.63419660466 3.73362513061 5.20427737295 -0.136079599534 190 0.149238881703
6.76677117285 4.30460007072 4.38654687322 6.50290578135 -0.0788436781911 237 0.1485001485
5.47586358159 3.62071224425 3.70704557144 5.24798568639 -0.139164691633 188 0.14776869274
6.47359110506 4.14981140523 4.23324279238 6.22011492413 -0.0899245194256 226 0.147044407411
5.19252181446 3.48330809378 3.58124456784 4.94545221837 -0.153850520604 179 0.146327187591
5.83107449683 3.82047722112 3.91341903568 5.57313714996 -0.1174586953 203 0.145616930395
5.35000525805 3.56620217971 3.66329285688 5.10295018832 -0.143913790905 185 0.144913534924
6.53168100154 4.18775398347 4.27488893572 6.26181569311 -0.0867805006387 229 0.144216902221
5.29195756029 3.53732617423 3.63594273129 5.04257890933 -0.147159887414 183 0.143526935222
5.48828135308 3.63952802897 3.73440197215 5.23465107826 -0.13607903674 190 0.142843538711
6.86697791446 4.35044576495 4.42844655594 6.61492053927 -0.0760278166551 240 0.142166619278
5.97085800506 3.89269171379 3.98326263399 5.71030738981 -0.110920291522 208 0.141496085275
4.49538122652 3.11254390658 3.21936975786 4.26250004003 -0.204557326641 153 0.140831846775
5.60751859716 3.70547654382 3.80229365491 5.34794685017 -0.128628379463 195 0.140173815531
5.16354404817 3.46853816381 3.5673331762 4.91483291722 -0.155565740704 178 0.139521904939
5.38042719106 3.57458131154 3.66499026617 5.14664921542 -0.143913110708 185 0.138876029997
5.50757593525 3.64404180237 3.73457238899 5.26436185618 -0.136078492113 190 0.138236107271
9.02998387077 5.43305211895 5.48491343412 8.80035716392 -0.0268995268539 316 0.137602054857
10.2726006743 6.05293853329 6.09610604359 10.0541570149 -0.0115849519992 360 0.136973792348
6.50784419488 4.15869027143 4.23494400611 6.26468359942 -0.0899241711546 226 0.136351240796
5.75274390725 3.77202963936 3.85963854203 5.50811463042 -0.122930619908 199 0.135734322686
6.1880396336 3.99893537123 4.08202044806 5.93838947044 -0.102300950237 215 0.135122961895
5.0171888299 3.39403082972 3.49725912549 4.76428506854 -0.164405244544 173 0.13451708367
7.96212970105 4.92424320452 4.9984446566 7.68488082945 -0.0449653253182 281 0.133916614588
5.26002065993 3.52328336798 3.62327247149 5.00161197597 -0.148807802885 182 0.133321482535
6.82993359502 4.32674306569 4.40154055435 6.58301851033 -0.077895240508 238 0.132731616671
8.39511821471 5.13817288679 5.20639471997 8.12770632833 -0.0364401925592 296 0.132146947406
8.64013799548 5.26471310485 5.3315020471 8.36728229833 -0.0319092861285 305 0.131567406368
5.92830812455 3.85946614656 3.94300598429 5.69109332326 -0.114803013929 205 0.130992926382
6.89694806765 4.36505025423 4.44227153071 6.64628535705 -0.0751079782061 241 0.13042344144
6.98390111563 4.40053908512 4.47107399869 6.74523730669 -0.0732955722315 243 0.129858886676
6.61579559443 4.21498033813 4.29052438081 6.37150825324 -0.0857522948546 230 0.129299198345
7.00365573008 4.41360253388 4.48499237584 6.75869725225 -0.0724032485147 244 0.128744313793
9.44874731583 5.63341645632 5.67942592279 9.23562502153 -0.0212749764741 330 0.128194171438
10.7362349879 6.29015840049 6.33220620536 10.5120223492 -0.00726017953185 377 0.127648710748
9.66642205187 5.74510431262 5.79054764116 9.45201312206 -0.0183990495429 338 0.127107872214
9.3965834284 5.61632630987 5.66555097459 9.1711040052 -0.0216511324016 329 0.126571597334
11.2776084723 6.55738934502 6.59610731044 11.063340619 -0.00322520569197 396 0.126039828586
5.47215486102 3.61992792248 3.70700118935 5.24139225469 -0.139164791468 188 0.125512509413
5.63039925916 3.70423790778 3.79039308442 5.39282949933 -0.130087613943 194 0.124989584201
6.49805206355 4.14790365432 4.22108365893 6.26482230119 -0.0909932805156 225 0.124470998257
9.5995094132 5.71584549122 5.76277695599 9.37698775648 -0.0190965690583 336 0.123956697794
9.90337430769 5.86993514856 5.91554908826 9.67903898246 -0.0154283750535 347 0.123446629907
5.7438212446 3.76188503987 3.84593415966 5.50868136361 -0.124333022899 198 0.122940742562
6.38384312333 4.08125413036 4.15165351654 6.16684499346 -0.0965043385088 220 0.122438984573
9.56943557631 5.70140657608 5.74886075685 9.34684376117 -0.0194505972009 335 0.121941305585
5.16089946422 3.46033246424 3.55393847131 4.92726252845 -0.157297479322 177 0.12144765606
5.16936951905 3.46222314902 3.55392480383 4.94094401253 -0.157297230922 177 0.120957987259
10.2975617869 6.06679310911 6.10999789788 10.0772456763 -0.0113096026166 361 0.120472251225
9.03778285672 5.42373326121 5.47110620378 8.82894046511 -0.0273321539804 315 0.119990400768
5.85709371042 3.8196247319 3.90152644759 5.6230845571 -0.118805206092 202 0.119512389451
11.1586189768 6.5006953289 6.54055362669 10.9385207148 -0.00401186957488 392 0.119038171574
7.94353036496 4.90201990252 4.97063039289 7.68858706378 -0.0462016515821 279 0.118567702158
6.394771553 4.10835834218 4.19179733284 6.14104312642 -0.0931653898367 223 0.118100936934
12.1272251659 7.0004942255 7.04053311185 11.8939113405 0.00204872246899 428 0.117637832327
8.96643182232 5.42305807584 5.48468000669 8.7072129947 -0.0268999169887 316 0.117178345442
9.95731063435 5.90781132938 5.95712432264 9.72145242602 -0.0144964675053 350 0.116722434052
5.6342977812 3.71940543901 3.81603072686 5.37646544088 -0.12718257137 196 0.116270056585
8.89035209691 5.37200301477 5.42914880981 8.65030342507 -0.028657425653 312 0.11582117211
5.33610815899 3.56316340238 3.66326054872 5.07870001955 -0.14391429763 185 0.115375740328
9.31587207273 5.59454479206 5.65119487771 9.06205665601 -0.0220312293053 328 0.114933721554
6.283779846 4.05190231064 4.13700952104 6.02904829072 -0.0976415469899 219 0.114495076712
11.6030880701 6.76668998443 6.8178896571 11.3279194128 -0.000376895278978 412 0.114059767318
7.05546553256 4.44956620325 4.52633550576 6.79664740562 -0.0697794690259 247 0.113627755473
6.96349598173 4.40501858638 4.48445995611 6.70329557165 -0.0724038220329 244 0.113199003849
9.91781919743 5.87136091184 5.91554619534 9.70381565073 -0.0154283026593 347 0.112773475679
8.44612610466 5.14657209317 5.20679934806 8.20639370897 -0.036439739612 296 0.112351134746
11.0118898997 6.44017514224 6.48485473291 10.7743334171 -0.00483085900551 388 0.111931945377
9.52602041241 5.67447195543 5.72107924976 9.31186806806 -0.0201693271885 333 0.111515872426
12.6383009231 7.25330178295 7.29052590182 12.4085793112 0.00434947493951 446 0.111102881268
10.2252858846 6.03609151112 6.08212237919 10.0006082489 -0.0118631474289 359 0.110692937791
10.922400594 6.37609049423 6.41555500191 10.7101202402 -0.0059017691554 383 0.110286008382
12.3160851786 7.09730702049 7.13761615674 12.0802644359 0.00299322312359 435 0.109882059922
6.86785230171 4.35184004676 4.42930844301 6.61162683844 -0.0760279985328 240 0.109481059777
9.666183717 5.74496663643 5.79054549593 9.45152769966 -0.0183990472046 338 0.109082975784
10.2143459392 6.02457335844 6.06832018382 9.99412059009 -0.0121440654112 358 0.108687776248
11.3360131753 6.59612441353 6.6376646274 11.1117307941 -0.00265567376078 399 0.108295429933
11.3919888623 6.61364593431 6.65166428153 11.1780763074 -0.00246955577292 400 0.10790590605
12.1483051323 7.00264529281 7.0405390542 11.9260745116 0.00204876531649 428 0.107519174253
9.45683791216 5.65539133091 5.7071811471 9.21828929384 -0.0205344280603 332 0.107135204628
10.640718351 6.23565463548 6.27666143198 10.4264845034 -0.00821227822064 373 0.106753967689
12.544474554 7.21016334501 7.24881161096 12.3086464159 0.00399432061715 443 0.106375434366
9.93376008528 5.88395208091 5.92942555006 9.71337426964 -0.0151145513304 348 0.105999576002
10.6411054874 6.23582202232 6.27666552576 10.4267997208 -0.00821228080067 373 0.105626364341
6.75220756815 4.29414931804 4.37352609063 6.49159777828 -0.0798011208977 236 0.105255771525
11.8075073605 6.82326282297 6.85999911498 11.5919567393 0.000108328091187 415 0.104887770086
10.5080485786 6.17696241225 6.22109880054 10.2850445102 -0.00920355296718 369 0.104522332938
11.1279124698 6.49660253582 6.54045178848 10.8959408922 -0.00401192515765 392 0.104159433373
12.5427188798 7.20982774015 7.24871425228 12.3058585266 0.00399433002989 443 0.103799045049
9.81662098592 5.81637586601 5.85998805291 9.60989648652 -0.0167154726277 343 0.10344114199
8.38008847499 5.1168236436 5.17884579805 8.13237263655 -0.0375035920716 294 0.103085698577
9.92757757102 5.87245678993 5.91554540802 9.72036451124 -0.0154282600129 347 0.102732689542
12.0865761448 6.98469605836 7.02637066382 11.8465870116 0.00190829219822 427 0.10238208996
11.9212854003 6.8901129663 6.92935190274 11.6974428326 0.000884774330576 420 0.102033875247
9.0871987859 5.45078937593 5.49887863128 8.87587213563 -0.0264708334017 317 0.101688021151
9.54776271289 5.69792784699 5.74873580152 9.31730612921 -0.0194506600395 335 0.10134450375
10.2204270118 6.02522432967 6.0683317707 10.0042223214 -0.0121440409705 358 0.101003299441
11.1857313682 6.53494906835 6.58142706564 10.9398645296 -0.00341899113514 395 0.100664384941
8.4080965587 5.11182568167 5.16554018919 8.18927867929 -0.0380431614175 293 0.100327737275
9.68338232297 5.75791107629 5.80443397734 9.46153771782 -0.0180555993226 339 0.0999933337777
11.8125775793 6.84518256787 6.88736337998 11.5733671253 0.000423549034149 417 0.0996611520829
10.6460818347 6.23605183967 6.27665371073 10.437529836 -0.00821225388146 373 0.0993311701212
9.35525831002 5.60953679901 5.66485888276 9.11234867392 -0.0216512503663 329 0.0990033661144
11.3543226163 6.60944308713 6.6515950463 11.1211893302 -0.00246964641755 400 0.0986777185711
10.600874676 6.2092835433 6.24888849751 10.3972641451 -0.00870285050911 371 0.0983542062816
9.64792189705 5.73198279866 5.77664431559 9.44003134331 -0.0187459751666 337 0.0980328083132
9.94325795233 5.90611010908 5.95719239056 9.69874948504 -0.0144965489159 350 0.0977135040063
10.5900002789 6.20810659132 6.24887760914 10.3798993386 -0.00870288540679 371 0.0973962729693
10.6190402585 6.22232564772 6.26277586422 10.4085378544 -0.00845633982609 372 0.0970810950748
9.81325359862 5.81584353206 5.85999085323 9.60549276737 -0.016715478807 343 0.0967679504548
10.1114787981 5.96937349743 6.01276203061 9.89739436413 -0.0132965228376 354 0.0964568194971
10.993741987 6.41688241637 6.45722151832 10.7736794525 -0.00525273757278 386 0.0961476828408
8.90808195036 5.38450157888 5.44270874725 8.66096628138 -0.0282113856528 313 0.0958405213724
9.97763790471 5.89988481048 5.94332931844 9.76610474958 -0.0148038272884 349 0.0955353162219
10.9612591082 6.41285835831 6.45720810723 10.7274654837 -0.00525282401448 386 0.0952320487588
13.4331769263 7.65730391295 7.69331797368 13.1979899148 0.00728280232766 475 0.0949307005886
10.194098853 6.01132352154 6.05442477171 9.97805579418 -0.0124278260758 357 0.0946312535487
8.89745316793 5.35309295293 5.40165137656 8.68844717477 -0.0295628101472 310 0.094333689705
11.3102660717 6.59328328703 6.63755481665 11.0689005057 -0.00265574368009 399 0.0940379913485
10.797669849 6.30758104601 6.34610904631 10.5935390643 -0.00702795602289 378 0.0937441409912
10.2212771134 6.02515018013 6.0683220989 10.0067980313 -0.0121440313948 358 0.0934521213632
9.39331858727 5.62592447205 5.67934939649 9.15123955229 -0.0212752684684 330 0.093161915409
9.04573349735 5.43517950937 5.48498584043 8.82479381028 -0.0268994301145 316 0.0928735062844
10.481290247 6.17374466923 6.22107799009 10.2441196238 -0.00920365214729 369 0.0925868773532
10.4915315254 6.16467146485 6.20722167324 10.2711425352 -0.00945762195698 368 0.0923020121839
10.3837243623 6.10886412426 6.15166539681 10.1658382066 -0.0104998993023 364 0.0920188945463
13.9205439722 7.89609209455 7.92941450068 13.6928243939 0.00864431252359 492 0.0917375084093
11.4419674782 6.62964769193 6.66555371474 11.2422347552 -0.00228528890339 401 0.0914578379367
9.44820975748 5.63328803259 5.67942852696 9.2367115497 -0.0212749805035 330 0.0911798674853
11.5344094165 6.70523150251 6.74867158428 11.2962391825 -0.00121820836189 407 0.0909035816011
11.564153643 6.71985273571 6.7626891727 11.325268925 -0.00104653204158 408 0.0906289650172
11.1630549773 6.48976378984 6.52666088857 10.961547631 -0.00421342953516 391 0.0903560026504
10.2308917636 6.03708197402 6.08221813544 10.0065861642 -0.0118631474945 359 0.0900846795988
12.1787817387 7.02748094407 7.06807254139 11.9424388825 0.00232541813231 430 0.0898149811389
10.6083140156 6.22119569286 6.26276625403 10.390671907 -0.00845637387398 372 0.0895468927228
10.1794067163 6.0297366425 6.08140457405 9.92853599678 -0.0118632685505 359 0.0892803999762
9.93364069882 5.88406007353 5.92942945109 9.7126090955 -0.0151145561446 348 0.089015488695
13.4763221267 7.68381271288 7.72095464934 13.2334670102 0.00745531084073 477 0.0887521448435
12.4475523693 7.16662688075 7.20703363805 12.205674299 0.00362829366964 440 0.0884903545514
12.3797620091 7.12660265002 7.16548535016 12.1443282639 0.00325108949301 437 0.0882301041115
10.618349342 6.22234997549 6.26276919821 10.4081989251 -0.00845634180189 372 0.0879713799777
9.37253198078 5.60284832364 5.65163252726 9.14799195637 -0.0220309393798 328 0.0877141687621
10.4884058699 6.16416158856 6.20720373068 10.2677129759 -0.009457625024 368 0.0874584572328
11.4858499879 6.67827208065 6.72089193552 11.2507758461 -0.00156681641856 405 0.0872042323121
10.6018005126 6.22058084846 6.26277708727 10.3810519106 -0.00845639918039 372 0.0869514810736
11.7288692878 6.79304738395 6.83221190603 11.5006112346 -0.000213408869226 413 0.0867001907404
12.4361827314 7.15481515232 7.19332992232 12.2029394964 0.00350382171367 439 0.0864503486831
20.9385024975 11.4563617879 11.4846022138 20.6682556398 0.0153939478931 748 0.0862019424171
13.4406342346 7.65829492373 7.69321770127 13.209060102 0.00728282722293 475 0.0859549596012
4.40563710991 3.07442547508 3.1914981044 4.15110466519 -0.209036013998 151 0.085709388035
6.33826457049 4.07236970068 4.15149280344 6.09682449733 -0.0965051436221 220 0.0854652156572
23.0433683709 12.4775933196 12.4984740538 22.806392369 0.0156838543022 821 0.0852224305437
34.296512564 18.1002713084 18.1176177563 34.0775659952 0.0159470702907 1226 0.0849810209053
15.4658451917 8.69942320259 8.73499562752 15.2050004883 0.0118721484149 550 0.0847409750862
25.0023319022 13.4401385322 13.4572189785 24.7897759036 0.0158177673431 890 0.0845022815616
38.5800345889 20.4268692066 20.4710077478 38.218460324 0.0159507643551 1395 0.0842649289366
12.3576938255 7.13432296447 7.17931417403 12.1023046478 0.00337804666165 438 0.0840289059436
17.6117240983 9.73835756826 9.76276663735 17.3967741636 0.0140124991845 624 0.0837942014413
35.969404616 18.910414563 18.9292738205 35.7954538964 0.0159490497326 1284 0.083560804412
37.3957536045 19.9209475456 20.0114717541 36.999871797 0.0159504399765 1362 0.0833287039609
15.6928278403 8.80045077746 8.83222125426 15.445439703 0.0121492981006 557 0.0830978893136
16.3773588596 9.15999195637 9.19332730106 16.1115296298 0.013023645715 583 0.0828683498149
22.3266198664 12.1165203547 12.1377760641 22.0956917282 0.0156038872542 795 0.082640074927
23.0491756133 12.4783967873 12.4988877201 22.8158501727 0.0156838460177 821 0.0824130542278
28.1499959713 15.0247410642 15.0405436695 27.9238004436 0.0159090427301 1004 0.0821872774095
30.009333236 15.9561089555 15.9710792967 29.7854085497 0.0159298967111 1071 0.0819627342768
29.7852689221 15.8221270013 15.845267892 29.6038876239 0.0159278511635 1062 0.0817394147458
28.9214906076 15.4136497577 15.4294395491 28.695079638 0.0159194810856 1032 0.0815173088419
18.6804154614 10.2927972597 10.3183319886 18.4406494184 0.0146543870622 664 0.0812964066988
10.2200540141 6.06676715328 6.12387685246 9.94720657793 -0.0110374435476 362 0.0810766985568
27.4842744121 14.7532570789 14.7766528317 27.1939627771 0.0159000872361 985 0.0808581747615
8.40316383081 5.14139297587 5.20717718052 8.13412756662 -0.0364403232764 296 0.0806408257621
28.743634943 15.3297348145 15.3461022781 28.5091200254 0.0159174847446 1026 0.0804246421103
17.6024468587 9.74976400342 9.77665037607 17.3659930658 0.0140318799385 625 0.0802096144591
19.8672538661 10.8664266755 10.8877688437 19.6563157623 0.0150924858464 705 0.0799957335609
17.9507595374 10.0167319227 10.068065993 17.6190041639 0.0143971668224 646 0.0797829902665
22.1752770973 12.0464277132 12.0683235448 21.932774927 0.0155859666576 790 0.0795713755238
22.8801296755 12.3920404989 12.4136023425 22.6514234766 0.0156672393868 815 0.0793608803767
22.7110836316 12.2862951742 12.3044393085 22.5067152107 0.0156433950889 807 0.0791514959633
35.831396041 18.8421519895 18.8738490381 35.6979386372 0.0159489457607 1280 0.0789432135151
42.1599977643 22.0302197796 22.0405113399 41.9411624917 0.0159513315153 1508 0.0787360243557
19.8498422722 10.9014405741 10.9294391505 19.5883905456 0.0151179901242 708 0.0785299198995
52.6691983613 27.3122235879 27.3318063551 52.4405787319 0.0159515971822 1889 0.0783248916506
25.3936774508 13.7096287963 13.7349901146 25.0941130548 0.0158421341878 910 0.0781209312015
31.876431612 16.901650259 16.9276735691 31.6477231541 0.0159407615844 1140 0.0779180302322
18.8752983354 10.3900824511 10.4154892885 18.6372976945 0.0147425157334 671 0.0777161805088
26.3627146209 14.1465772071 14.1655276546 26.1193962864 0.0158714400255 941 0.0775153738825
9.02166716171 5.45247075655 5.51273636875 8.75956588071 -0.0260472930328 318 0.0773156022885
43.4745838929 22.6718733288 22.693239434 43.313820662 0.0159514333184 1555 0.0771168577451
18.4757472414 10.1814189471 10.2066490828 18.2481554341 0.0145458097646 656 0.0769191323522
32.8177123097 17.3602507906 17.3738798954 32.595347512 0.0159437353202 1172 0.0767224182906
10.6554932771 6.2903803266 6.3461001591 10.3750037159 -0.00702848991452 378 0.076526707821
23.3234673111 12.6293515378 12.651646084 23.0767620985 0.0157118696234 832 0.0763319932828
29.6688867986 15.7738381118 15.789063103 29.4592781591 0.0159268781024 1058 0.076138267093
135.740452466 75.1864271123 78.8960381387 135.740452466 0.0159516058354 5929 0.0759455217457
22.1448306673 12.0199854165 12.0405539738 21.9191077487 0.0155785441458 788 0.0757537498106
11.9165110746 6.89023548374 6.92937150016 11.6861148918 0.000884746785477 420 0.0755629439323
14.9355011926 8.41160860266 8.44333061643 14.6997592134 0.0109135830605 529 0.0753730968293
15.3864413166 8.63515082184 8.66555367238 15.1556304586 0.0116619465873 545 0.0751842012932
28.0008584368 14.9290438141 14.943318547 27.802661134 0.0159059412382 997 0.0749962501875
44.8639175727 23.3944515508 23.4261887709 44.6685047258 0.0159515270081 1609 0.0748092364471
18.8051008102 10.3493766295 10.3738871196 18.5728155415 0.014705505345 668 0.074623153077
15.6440398401 8.76116732232 8.79054106782 15.4182345262 0.0120329337368 554 0.0744379931517
27.6795806973 14.7883247954 14.8044401506 27.4570503797 0.0159011133826 987 0.0742537498144
21.886730745 11.8800211427 11.9007506491 21.6745796887 0.0155391253642 778 0.0740704162757
21.2176991677 11.5601584292 11.5822138553 20.9833455272 0.0154318282145 755 0.0738879858135
21.113375009 11.5048230538 11.5266506818 20.8856121813 0.0154105075653 751 0.0737064517714
45.9734152247 23.9299156382 23.9637211367 45.8278697114 0.0159516195488 1650 0.0735258075585
26.8257230174 14.3576813776 14.3738861545 26.6045924048 0.0158826578197 956 0.0733460466481
21.3961419171 11.6548952301 11.6794306353 21.1576280666 0.0154671544243 762 0.0731671625774
33.5584219998 17.7353474144 17.7488645868 33.3272972888 0.0159456046913 1199 0.0729891489465
27.841043209 14.8706565028 14.8875744782 27.6164097415 0.0159040722944 993 0.0728119994175
23.1921077577 12.5357720974 12.5544289555 22.9751007599 0.0156943987083 825 0.0726357077139
38.0315582377 19.9729932175 19.9849768678 37.8038052318 0.0159504113115 1360 0.0724602676199
12.4103350103 7.18490081898 7.2349985243 12.1199959072 0.00387327450652 442 0.0722856729796
22.1334366978 12.0442312796 12.0683168477 21.8697674596 0.0155859637928 790 0.0721119176963
18.6367271112 10.2655778816 10.2905529725 18.4052354406 0.0146280512269 662 0.0719389957316
15.1535247459 8.52273486332 8.55442880423 14.915724574 0.0113027953292 537 0.0717669011052
23.4818654165 12.7606174795 12.7905361945 23.1823038112 0.0157347879821 842 0.0715956278937
28.0571532771 14.9824927733 14.9988852434 27.8287550777 0.0159077398779 1001 0.07142517023
16.3308926654 9.15621875089 9.19333220313 16.0375721808 0.0130236080257 583 0.071255522303
23.6575309942 12.7719573919 12.7905397334 23.4385951842 0.0157347931476 842 0.0710866783565
20.1315966565 11.0171677096 11.0405440816 19.896833315 0.0151823975291 716 0.0709186326888
18.1357996327 10.0147940412 10.0405499444 17.9032204033 0.0143655896894 644 0.0707513796519
24.7146953846 13.325356014 13.3460773544 24.4685444294 0.0158065616047 882 0.0705849136511
17.8633369886 9.87581660738 9.90166522627 17.6364251781 0.014197904918 634 0.0704192291442
26.8766650951 14.434906635 14.4567143896 26.5960713638 0.0158866958818 962 0.0702543206407
23.2963350827 12.5911901784 12.6099977006 23.0752681659 0.0157045324115 829 0.0700901827017
17.7201882419 9.82915095107 9.85995628406 17.462378327 0.0141442122005 631 0.0699268099389
54.4468563369 28.1978927812 28.2471558561 54.277420354 0.0159516063923 1958 0.0697641970141
15.4905154986 8.73598495046 8.77666609315 15.1981888365 0.0119932641291 553 0.0696023386386
23.377027925 12.6463874239 12.6695590633 23.1415668188 0.0157167902525 834 0.0694412295727
15.6831222429 8.82284514692 8.85999793113 15.4019370225 0.0122249124444 559 0.0692808646252
35.4783871653 18.7323703255 18.7483602701 35.209846249 0.0159486938096 1271 0.0691212386526
22.1442183293 12.0075475282 12.0266619089 21.9332957535 0.0155747774751 787 0.0689623465588
21.281424145 11.6366854964 11.6654921185 20.9962181556 0.0154622379563 761 0.0688041832943
25.679950542 13.7828166465 13.8036281203 25.4702445764 0.0158475215329 915 0.0686467438561
22.960597018 12.4365455533 12.4572200348 22.7221044008 0.0156756496146 818 0.0684900232866
13.5199296313 7.69985822988 7.73499842772 13.2854710906 0.00754027223341 478 0.0683340166735
24.2612914994 13.0902149641 13.1099919718 24.0202344089 0.015779537912 865 0.0681787191491
17.2264808804 9.56762022694 9.5961101575 16.981970948 0.0137639296897 612 0.06802412589
14.6687257749 8.27284849708 8.30444248033 14.4420359028 0.0103809395405 519 0.0678702321162
25.1158576357 13.5086038353 13.5266596198 24.8867526141 0.015824326136 895 0.0677170330911
34.2976191905 18.130749037 18.1473429314 34.0383638235 0.0159471526775 1228 0.0675645241205
24.3996284778 13.1472371919 13.1655539365 24.1741996991 0.0157863184413 869 0.0674127005528
32.3503486007 17.1370872552 17.1516467449 32.1122044185 0.0159423632641 1156 0.0672615577777
23.2728406848 12.5897719511 12.6099830239 23.0409918308 0.0157045318268 829 0.0671110912263
15.1690499313 8.5356014756 8.5683325908 14.9251948451 0.0113492735839 538 0.0669612963707
17.6489093497 9.76475634409 9.79045320059 17.4234262915 0.0140510898133 626 0.066812168723
20.6876999142 11.3192586742 11.346108446 20.4301768799 0.0153349804502 738 0.0666637038354
23.8208550645 12.8678544572 12.8877730379 23.5820070107 0.0157495206159 849 0.0665158972995
23.8530187061 12.8564109015 12.8738678334 23.650707623 0.0157474832517 848 0.0663687447458
18.7922014714 10.3484096512 10.3738704799 18.5540545269 0.0147055034649 668 0.0662222418436
18.3309169834 10.1242261922 10.15166036 18.0840179539 0.0144881106299 652 0.0660763843003
24.8729184885 13.383619424 13.4016288564 24.6485381992 0.0158122777379 886 0.0659311678608
19.1403306222 10.5165096321 10.5405529571 18.9094596405 0.0148470809706 680 0.0657865883075
23.1303642567 12.5202112439 12.5405515235 22.89426751 0.0156917984435 824 0.0656426414599
15.9368627575 8.92530197588 8.95721805058 15.6884980434 0.0124781295617 566 0.0654993231737
23.7252885995 12.8128911401 12.8322209214 23.4974619234 0.0157412317746 845 0.0653566293408
