DEBUT ITERATION : 0
5.85623929507 3.52667693189 3.54613336768 5.85623929507 -0.17052743089 177 0.49983338887
3.47099178567 2.52413799564 2.62584079908 3.36473094763 -0.321201074565 114 0.491642084562
2.79167709091 2.20001333856 2.38242318518 2.48321282586 -0.388783918074 95 0.483714930668
2.15750342906 1.82129800107 1.92970545189 1.83332206774 -0.484991370274 73 0.476039352586
3.2108494233 2.40503878358 2.51572632403 3.03137739865 -0.348093114492 106 0.468603561387
5.70108159368 3.7273179165 3.80054352793 5.54937239 -0.142307487782 195 0.461396493387
4.18617596081 2.85348004069 2.92352559048 4.14165480886 -0.268046716917 132 0.454407755226
5.19533973676 3.433572011 3.49628929668 5.02865388568 -0.175747301491 174 0.447627573859
3.49836799806 2.56926945624 2.68595721122 3.25945122449 -0.314809173181 116 0.441046750956
4.44272336324 3.0623344098 3.14630288625 4.24774483506 -0.228230460135 148 0.434656621269
5.23774195242 3.40423010813 3.45512179375 5.21956561474 -0.182956518309 170 0.428449014567
9.419402567 5.51219592739 5.55435295195 9.419402567 -0.0401108874869 321 0.422416220783
4.70808776666 3.21408171011 3.30464894052 4.45838262856 -0.202300027129 160 0.416550958067
5.14152207955 3.46573737064 3.58190189549 5.12434225282 -0.167133935015 179 0.410846343468
5.55459939407 3.46203013753 3.47421949179 5.53772135217 -0.179315683595 172 0.405295865982
3.09328520979 2.33186764196 2.43740253513 2.89289100826 -0.366032341273 101 0.39989336177
5.58295320637 3.57291097739 3.60992558752 5.48397292912 -0.163807969708 181 0.394632991318
4.06853855003 2.84467684842 2.92826919287 4.02233198698 -0.260085461378 135 0.389509218385
5.9403873212 3.83153904084 3.89673908551 5.72151062295 -0.132639878109 202 0.384516790567
2.16501758511 1.82885528369 1.93099652181 1.82094402594 -0.480141456571 74 0.379650721336
6.66640542326 4.210481223 4.27463106994 6.43947669793 -0.101117044709 229 0.374906273432
6.63686301436 4.17102899241 4.21886228205 6.46160008415 -0.105264901848 225 0.370278943471
9.09643130239 5.50065448078 5.56639025164 8.78683798652 -0.0393126808259 323 0.365764447696
4.89480251988 3.22981720887 3.30413388111 4.893324455 -0.202300027129 160 0.361358708745
4.1414972369 2.98038411657 3.14957708369 3.92499649334 -0.223688673979 150 0.357057843371
5.99815623968 3.70330520166 3.72110880446 5.99815623968 -0.151152934953 189 0.352858151023
3.774024864 2.70274753527 2.810818372 3.62848801432 -0.29048849431 124 0.348756103232
5.70580930188 3.59673237195 3.62387162852 5.69917659698 -0.162169890011 182 0.344748333716
6.24021088456 3.70735671262 3.73355977007 6.24021088456 -0.149641405604 190 0.340831629175
11.5942064263 6.55719007529 6.56813126749 11.5469683554 -0.0192588999423 394 0.337002920692
5.80248585958 3.75735838862 3.81827433678 5.62903117094 -0.140884412904 196 0.333259275717
12.3344230566 6.8820893377 6.92139732391 12.3344230566 -0.0146818820574 421 0.329597890574
6.75484190833 4.09807055569 4.12277104978 6.75484190833 -0.112937254973 218 0.32601608346
6.7983976326 4.49606333049 4.67943420851 6.2705184236 -0.0755518340675 258 0.322511287895
4.43179254321 2.80610053012 2.82329812872 4.43179254321 -0.28186069554 127 0.319081046586
8.52328822036 5.12431810163 5.16437232384 8.33995570285 -0.0531467635278 293 0.315723005683
7.60499982967 4.38112457094 4.41187424164 7.60499982967 -0.0914484427123 239 0.312434909394
8.21982960455 4.74232490555 4.75547005811 8.21982960455 -0.0711305520254 264 0.309214594929
4.49914945924 2.79118553465 2.76845696717 4.49914945924 -0.28186069554 127 0.306059987758
6.33633728979 3.9642733089 3.99726680788 6.24749256725 -0.123629034136 209 0.302969097152
3.88307245971 2.7782568897 2.88805523132 3.62077878291 -0.270754259512 131 0.299940011998
3.81668329679 2.73063415486 2.82375673694 3.66301226147 -0.28186069554 127 0.296970896852
2.6341016687 2.13192572049 2.32580217168 2.38859221097 -0.400684652952 92 0.294059988238
5.99665657988 4.09453242986 4.32878393172 5.39406320489 -0.09713262969 233 0.291205591147
3.29423267364 2.48749896587 2.64959678126 3.00917939804 -0.324445529863 113 0.288406075755
9.04802331839 5.3856279733 5.42086914412 8.87315422508 -0.0439081884851 312 0.28565987431
4.66573193945 3.06846989218 3.13497091027 4.66573193945 -0.228230460135 148 0.282965478212
5.16479102979 3.38680243317 3.44666846075 5.15165976275 -0.182956518309 170 0.280321435246
14.8313704348 8.59613408682 8.67737629225 14.3521881923 -0.00418004594801 546 0.277726346973
2.45674153172 2.01421249889 2.17621627936 2.11644417241 -0.429889013524 85 0.275178866263
2.73363043905 2.19847233106 2.41867182419 2.43849369738 -0.377236646924 98 0.272677694965
6.89866484596 4.05658421116 4.0682273952 6.89866484596 -0.117569981342 214 0.270221581697
8.04864951905 5.13136936733 5.27643052548 7.54946252016 -0.0490408940713 301 0.267809319764
2.47937818559 2.04288945852 2.20397126263 2.37131608969 -0.421334222155 87 0.265439745178
11.0376645749 6.67733294659 6.79045184236 10.5046682307 -0.0163981400186 410 0.263111734783
5.96872781431 4.11135720759 4.35979671761 5.46803628017 -0.0951996903592 235 0.260824204486
10.0281263102 6.1652321318 6.29029428498 9.50094237424 -0.023546566311 374 0.258576107568
2.53027752317 2.07498592333 2.24161103697 2.42017061065 -0.412949671134 89 0.256366433088
4.71950862468 3.11339144779 3.143922558 4.64445568514 -0.225948155534 149 0.254194204372
23.4823013729 12.7630311325 12.8738289252 23.4667590441 -0.000198904687797 849 0.252058477567
2.96349932583 2.31672629537 2.53036195994 2.63088924957 -0.355160814705 104 0.249958340277
8.44220931916 5.18844094861 5.26033823229 8.14102305785 -0.0490408940713 301 0.247892910263
4.77638320604 3.09816619213 3.11553505799 4.72841148098 -0.225948155534 149 0.245861334208
9.12347698889 5.56008790933 5.63687515198 8.7871680582 -0.0377636043438 327 0.243862786539
6.01752246164 3.92859316607 4.02518587714 5.7101887564 -0.121168816357 211 0.241896468312
1.90264058152 1.65543012158 1.71642289459 1.55439559611 -0.525596487526 65 0.239961606143
17.4388205665 9.95901609017 10.0383009218 17.0157632944 -0.00156109785224 644 0.238057451198
5.91754698409 3.80644859071 3.86330005618 5.75811571883 -0.135333004907 200 0.236183278224
9.65259976117 5.96669646432 6.09331028615 9.18087389191 -0.0271040918585 360 0.234338384627
3.72821600438 2.70928165698 2.82942281625 3.60474648841 -0.287583609367 125 0.232522089599
7.83645093963 4.6708814689 4.6996412108 7.81729581981 -0.0740483525696 260 0.230733733272
4.82880253119 3.10046626518 3.12555484779 4.8054623172 -0.230535818319 147 0.228972675927
2.67178260735 2.09945725421 2.19332514674 2.56844033352 -0.417120879933 88 0.227238297228
6.86939386354 4.02001980093 4.0887987079 6.86939386354 -0.115230338714 216 0.225529995489
7.29442209235 4.4970762098 4.53929695178 7.13794689461 -0.0835397296732 248 0.223847186987
5.16504667507 3.50949272187 3.63393162839 4.81839527675 -0.160548191111 183 0.222189305288
5.47595395562 3.68582660585 3.80440792796 5.16787183489 -0.140884412904 196 0.220555800618
5.0916537885 3.47208805899 3.60369889352 4.70410573422 -0.163807969708 181 0.21894613925
6.36771641409 3.96597377413 3.99888660138 6.35056569449 -0.123629034136 209 0.217359802927
17.8931089674 9.63215055456 9.63714951278 17.8931089674 -0.0020893417515 615 0.215796288304
3.12962527071 2.40157532704 2.57681065364 2.87267190145 -0.341166061514 108 0.214255106413
9.60611042328 5.54099611854 5.55434529396 9.56590589078 -0.0401108874869 321 0.212735782159
4.40005762402 2.91976078176 2.9396238386 4.38979335709 -0.257484606764 136 0.211237853823
15.179302743 8.36440260504 8.37362679034 15.1190523294 -0.0052144291929 524 0.209760872605
8.40266563823 4.95446163857 4.9708556311 8.38870769028 -0.0611764255397 279 0.208304402166
3.5020275364 2.66924470975 2.92179478789 3.1104711528 -0.26271258725 134 0.206868018204
4.66717761113 3.07611293918 3.10404525943 4.63409910868 -0.230535818319 147 0.20545130804
4.70537779497 3.32301705115 3.51549763092 4.23001601606 -0.172249930192 176 0.204053870222
10.796814789 6.1020935428 6.10363737042 10.7692452006 -0.0265647204305 362 0.202675314147
6.37440338091 3.95815220554 3.98389410424 6.30241901132 -0.124877812259 208 0.201315259697
14.6954560787 8.16519587595 8.21212237889 14.6155543573 -0.00582397676866 513 0.199973336888
22.5805872267 12.0853317763 12.1038923382 22.512019739 -0.000345707909433 794 0.198649185538
7.56183353156 4.53957191824 4.56092989781 7.49067455062 -0.0818772890527 250 0.19734245494
8.29871814819 5.04655131351 5.09403758314 8.08677887834 -0.0558857198699 288 0.196052803555
6.13366039922 3.74292546779 3.75873049125 6.13366039922 -0.146663541632 192 0.194779898714
7.00887472729 4.21924366925 4.23255102547 6.97388364269 -0.10421225283 226 0.193523416333
531.019996922 281.053011292 288.359397476 529.946648518 -3.4352816891e-93 21185 0.192283040636
2.92293064448 2.29552744949 2.48329747528 2.66633251817 -0.36237201786 102 0.19105846389
7.68358857658 4.54445436392 4.55371247398 7.65950748115 -0.0827043323765 249 0.189849386154
3.16529189654 2.46057722799 2.66829344797 2.94817952355 -0.314809173181 116 0.18865551503
2.6869492996 2.14879536356 2.29447379384 2.55384602864 -0.400684652952 92 0.187476565429
8.47563672637 4.92347437806 4.92348265878 8.47563672637 -0.061794369232 278 0.186312259347
7.55554823067 4.59454388334 4.63602940459 7.42282944743 -0.0770858423299 256 0.185162325639
4.29977258987 3.06670979835 3.22042401383 4.22496334224 -0.217044896673 153 0.184026499816
4.96083736535 3.18586001566 3.23367193145 4.95584915553 -0.208492461735 157 0.182904523839
11.9968004786 7.17021295907 7.27581131215 11.4519579984 -0.0115352337984 445 0.181796145922
6.63858555558 4.41971977977 4.60936793118 6.13092572326 -0.0794454516906 253 0.180701120347
5.93258616529 4.04409049252 4.26277356094 5.36382128062 -0.102138428999 228 0.179619207281
12.6612058793 7.41988420121 7.49859029017 12.1074792251 -0.00972354681444 462 0.178550172598
6.0474777249 3.73908525443 3.7541786394 6.00828923788 -0.146663541632 192 0.177493787717
7.41376269496 4.39991189797 4.40726382408 7.39467052591 -0.0914484427123 239 0.176449829432
1.85869393672 1.62584544252 1.68128656051 1.52024632023 -0.536268225207 63 0.175418079757
6.69810855819 4.10661906074 4.14069740291 6.69810855819 -0.110689803599 220 0.174398325776
7.23129999596 4.37441944616 4.40087196427 7.22960470155 -0.0923721643559 238 0.173390359496
5.99650868702 4.0132066244 4.18580186669 5.55468032225 -0.107402205743 223 0.172393977704
3.71331170994 2.58374521037 2.69563773869 3.71331170994 -0.308544470635 118 0.171408981831
8.26442543538 5.31040713518 5.48362188401 7.8485876224 -0.0421780306651 316 0.170435177821
5.09296200591 3.2087113518 3.21426380977 5.09296200591 -0.212725703229 155 0.169472376003
2.26572315921 1.89286659665 2.01184036858 1.9132402098 -0.461221967418 78 0.168520390967
5.30619025392 3.35987595813 3.37880394482 5.27828226563 -0.190461459765 166 0.167579041448
5.35384189405 3.58545660112 3.69138477162 5.06113929896 -0.154221951794 187 0.166648150206
6.6824957696 4.4579565498 4.6514414565 6.21208726877 -0.0770858423299 256 0.165727543918
7.47348717016 4.88197852209 5.07923821808 6.93315795569 -0.0564502220908 287 0.164817053071
8.23259237651 5.05883740285 5.12308559288 7.96066998466 -0.053683599523 292 0.163916511857
4.90155946005 3.24900805541 3.28829914432 4.80888706111 -0.200277026857 161 0.16302575807
5.49964243978 3.45385623003 3.46937818575 5.49930645784 -0.177522526759 173 0.162144633013
6.1403713151 4.18757179634 4.41819828378 5.68628215031 -0.0905339582852 240 0.1612729814
6.16727657841 3.91095982653 3.94902574328 6.03107452649 -0.122392743795 210 0.160410651267
6.76207994481 4.45283134991 4.63767939522 6.13293697561 -0.0778644872019 255 0.159557493884
11.6355699206 6.97723612944 7.0822048689 11.0992012034 -0.0132780309601 431 0.158713363665
7.19406618222 4.29336035776 4.31821127206 7.19406618222 -0.0981137673637 232 0.157878118093
6.50908342029 4.32183067476 4.51124864618 5.90093688433 -0.0852359245722 246 0.157051617632
5.30681542561 3.7113930869 3.9737396006 4.6491087407 -0.124877812259 208 0.156233725654
6.39234581902 3.89018949296 3.91523441538 6.36960107722 -0.131313479328 203 0.155424308362
12.699686828 7.21187571859 7.22958709171 12.5775838493 -0.0117694457692 443 0.154623234718
4.25004933773 2.95409779123 3.03671002063 4.13725457934 -0.244865299035 141 0.153830376372
9.10770340573 5.63285626845 5.74754036951 8.57493527187 -0.0348461655507 335 0.153045607591
4.5375708347 3.08896392535 3.16066627618 4.35535133895 -0.223688673979 150 0.152268805197
12.3849547626 7.03100652405 7.05264929348 12.3466915739 -0.0135476287727 429 0.1514998485
4.07623233166 2.89423651055 3.01629017022 3.81022955442 -0.249837056458 139 0.150738619234
5.184082624 3.48760407766 3.59580718112 5.14052716741 -0.165462595665 180 0.1499850015
6.46941079511 4.30415685931 4.49877445157 5.84184309946 -0.0860968935073 245 0.149238881703
11.5031725578 6.86893946136 6.95921063931 11.0173976636 -0.0143897126044 423 0.1485001485
13.252063052 7.78302758466 7.87217815905 12.7229911947 -0.00748755057737 488 0.14776869274
2.85264226606 2.26815871772 2.45352425807 2.72875095311 -0.366032341273 101 0.147044407411
3.00899409819 2.31875358303 2.46522035919 2.9783051166 -0.358748297682 103 0.146327187591
10.2541700651 6.26645911628 6.38542158245 9.68945013615 -0.0219469385206 381 0.145616930395
7.00182475933 4.54408617056 4.68958534895 6.47579601923 -0.0747963157269 259 0.144913534924
7.71866908156 4.95604797992 5.10716755636 7.18317801896 -0.0553268626712 289 0.144216902221
4.25924150289 2.86073417977 2.91469402293 4.25924150289 -0.265366249748 133 0.143526935222
4.24445575885 2.79504433186 2.84263572659 4.24445575885 -0.279042088585 128 0.142843538711
7.75121635267 4.84686729851 4.92859825826 7.42656617256 -0.0630490452321 276 0.142166619278
12.03114303 7.17520409683 7.3225395967 11.3508087894 -0.0107515917035 452 0.141496085275
41.6707351629 21.588975497 21.5936237045 41.6505117739 -3.64680071592e-07 1476 0.140831846775
10.6353046577 6.43813838039 6.5389861386 10.1678549276 -0.0196499336214 392 0.140173815531
8.36872869397 4.89498434246 4.94933781895 8.36872869397 -0.061794369232 278 0.139521904939
4.38100059071 3.04847330174 3.14940919986 4.3006444181 -0.228230460135 148 0.138876029997
5.71672210703 3.91669588001 4.13457657806 5.12443597372 -0.111807882424 219 0.138236107271
8.876191664 5.55992599505 5.69029386637 8.37759793417 -0.0362755676558 331 0.137602054857
5.00125246315 3.42356529031 3.55387372865 4.63342501062 -0.17052743089 177 0.136973792348
7.14763197552 4.38783643292 4.42218069655 7.07496171133 -0.0905339582852 240 0.136351240796
4.06691025206 2.92558548611 3.07882996953 3.73805928491 -0.239992479584 143 0.135734322686
4.71300167835 3.33052711626 3.54195175955 4.17635958599 -0.168822156581 178 0.135122961895
6.57173002202 4.10566562975 4.15160570547 6.55703755425 -0.110689803599 220 0.13451708367
4.46957658205 2.95089820258 2.96560448858 4.42031111998 -0.247338685894 140 0.133916614588
7.67292564641 4.5691751606 4.60838754136 7.64097219042 -0.0794454516906 253 0.133321482535
5.96249376386 3.68293042686 3.72071252814 5.96249376386 -0.151152934953 189 0.132731616671
7.75603050446 4.61163952029 4.64538991515 7.75603050446 -0.0770858423299 256 0.132146947406
4.45650586155 3.04772405024 3.15911425845 4.45650586155 -0.225948155534 149 0.131567406368
7.04613554591 4.1844982464 4.21475247926 7.04613554591 -0.105264901848 225 0.130992926382
4.22021965866 3.06213832441 3.3052082753 3.66882089463 -0.198274256589 162 0.13042344144
13.6624578591 7.8630907248 7.91864937444 13.2536839784 -0.0071925112093 492 0.129858886676
16.3918378676 9.37245989061 9.44169307982 15.9492586833 -0.00240500929131 601 0.129299198345
3.5782131742 2.429960816 2.46050043178 3.5782131742 -0.344612183348 107 0.128744313793
9.94288884883 6.10350114719 6.22085513571 9.43434203174 -0.0247600553901 369 0.128194171438
5.18311468018 3.47719159296 3.57212437999 5.1501865547 -0.167133935015 179 0.127648710748
4.31340941062 2.96120199157 3.0898209212 4.31329927401 -0.237592554788 144 0.127107872214
5.02375784392 3.35646102991 3.45414066539 5.01970005987 -0.182956518309 170 0.126571597334
11.5243767725 6.32840446145 6.32879872336 11.5243767725 -0.022847209745 377 0.126039828586
21.2244712322 11.768111073 11.8216007594 20.8410118514 -0.000426943326272 773 0.125512509413
26.094209475 14.2314692627 14.2758192018 25.5727811774 -7.28055485646e-05 949 0.124989584201
10.8497943353 6.57782342312 6.693228 10.2742598447 -0.0175933372649 403 0.124470998257
1.92201673858 1.67070676767 1.73663676597 1.59205133093 -0.525596487526 65 0.123956697794
2.72850869176 2.17669808402 2.38778865304 2.38778865304 -0.388783918074 95 0.123446629907
2.98134254046 2.34353879969 2.53180007591 2.85142247378 -0.348093114492 106 0.122940742562
7.88466668715 5.2495055141 5.60873752405 6.86573237744 -0.0385303584775 325 0.122438984573
6.60844815019 4.2410321297 4.32853169784 6.30117599019 -0.09713262969 233 0.121941305585
5.09060065422 3.25484052766 3.26984581091 5.05799934355 -0.204343461746 159 0.12144765606
5.44731657981 3.29845487457 3.30619924382 5.44731657981 -0.200277026857 161 0.120957987259
7.56173528043 4.83038772746 5.02421645888 7.21211325504 -0.0587658302795 283 0.120472251225
2.69224953839 2.17278135971 2.35066002917 2.57444372666 -0.388783918074 95 0.119990400768
7.51593309957 4.59011436814 4.80467819212 7.51571946768 -0.0676444472201 269 0.119512389451
6.59730837777 4.05706417962 4.10419539247 6.5440185025 -0.114078035327 217 0.119038171574
11.4405288827 6.56994532 6.61995140084 11.324655491 -0.017950553275 401 0.118567702158
5.08711629923 3.20240642213 3.21445410963 5.08711629923 -0.214874447706 154 0.118100936934
5.78499419616 3.97423569825 4.20547941968 5.20008255062 -0.106328183685 224 0.117637832327
5.53853998424 3.84795934151 4.07896193892 5.03537165634 -0.115230338714 216 0.117178345442
6.01474711295 3.96913969434 4.08253920282 5.66673402881 -0.112937254973 218 0.116722434052
9.43064844468 5.86537905457 5.99622889315 8.95044095397 -0.0290796046858 353 0.116270056585
5.40165470851 3.75536144501 3.98285162642 4.85402983687 -0.123629034136 209 0.11582117211
7.58903930504 4.71045313628 4.77120153338 7.4536768558 -0.0704192465052 265 0.115375740328
5.87715343607 3.6590042073 3.68282108436 5.87715343607 -0.146663541632 192 0.114933721554
7.08906165216 4.57420804338 4.70960993125 6.59474985323 -0.0733078690439 261 0.114495076712
2.88044474976 2.26117544549 2.47201953788 2.53620672763 -0.36972963765 100 0.114059767318
8.93002409136 5.04059620278 5.04740059925 8.93002409136 -0.0575963902569 285 0.113627755473
4.43975173345 2.83315860308 2.85412107465 4.43975173345 -0.273489151022 130 0.113199003849
15.9001617696 9.0058028986 9.05734838946 15.518813051 -0.00315476129836 574 0.112773475679
15.1548849104 8.29661393078 8.32774600486 15.1548849104 -0.00537404366376 521 0.112351134746
73.1168482118 37.2948600602 37.3066688219 73.1168482118 -4.17784492686e-12 2608 0.111931945377
32.2764511152 17.0238403224 17.0398079205 32.2764511152 -9.85299366115e-06 1148 0.111515872426
5.07268343954 3.2200284819 3.2263101579 5.07268343954 -0.206407537117 158 0.111102881268
5.85876895346 3.57539075422 3.60867996857 5.85876895346 -0.162169890011 182 0.110692937791
6.68058682701 4.37901494592 4.54046513563 6.11544126088 -0.0835397296732 248 0.110286008382
2.55138665987 2.07735324245 2.2266346985 2.49245888437 -0.412949671134 89 0.109882059922
14.5490176192 8.32503269617 8.37492493376 14.4221908115 -0.00516228490097 525 0.109481059777
5.46190435048 3.76277718359 3.94728274097 5.07170412683 -0.127413337679 206 0.109082975784
6.00930985676 4.01173717576 4.17499964253 5.48332406935 -0.108487076508 222 0.108687776248
15.0484989845 8.69968079484 8.77622646918 14.6117183961 -0.0038960759808 553 0.108295429933
8.14207814726 4.88022615607 4.97311213519 8.12104336303 -0.0599590146715 281 0.10790590605
4.83519552774 3.01377791579 3.03080804695 4.83519552774 -0.242416646045 142 0.107519174253
6.21391222657 3.66930778138 3.63165942157 6.21391222657 -0.148144991548 191 0.107135204628
3.80258566085 2.61218152239 2.69035226015 3.80258566085 -0.302404435669 120 0.106753967689
14.3808413115 8.28479839271 8.35597953025 13.8866806919 -0.0052144291929 524 0.106375434366
24.8813918563 13.6013286543 13.6402304417 24.3295508357 -0.000112163385854 906 0.105999576002
44.9084098943 23.6269578273 23.6545624796 44.3367803043 -8.15748016409e-08 1625 0.105626364341
5.73248692975 3.62976147303 3.71187499809 5.6719457652 -0.146663541632 192 0.105255771525
7.34952703552 4.76996254811 4.91202568421 6.98630494063 -0.0630490452321 276 0.104887770086
7.66830604444 4.79084489915 4.86786808134 7.40695229649 -0.0656353394932 272 0.104522332938
6.41201169266 4.14885796699 4.24252735927 6.37186228584 -0.103170130302 227 0.104159433373
3.54464562131 2.6634907529 2.84923188026 3.44303379933 -0.28186069554 127 0.103799045049
6.42855165028 4.24668459743 4.41554839163 5.85906678266 -0.0914484427123 239 0.10344114199
4.32618064085 2.87175942688 2.88114453421 4.31739008844 -0.265366249748 133 0.103085698577
5.13376033178 3.39544603041 3.48351494455 5.13376033178 -0.173989828476 175 0.102732689542
13.6510499645 8.05129654271 8.15629114428 13.170536665 -0.00606287836722 509 0.10238208996
7.63046484693 4.87351866299 5.01216246829 7.05252737936 -0.0570204263544 286 0.102033875247
9.47029102724 5.85162871647 5.98414531582 8.83565437006 -0.0293733380665 352 0.101688021151
16.6351333505 9.45077208836 9.51802669365 16.119327312 -0.00226426850689 607 0.10134450375
6.16572061955 4.08092874346 4.2289743178 5.66586171633 -0.10421225283 226 0.101003299441
7.68871748182 4.96413589421 5.12170993545 7.21866345686 -0.0547735940445 290 0.100664384941
12.6533425236 7.49141602723 7.58217218429 12.2441081077 -0.00924699627027 467 0.100327737275
7.25608918019 4.76418380119 4.94332631403 6.83535124465 -0.0624185547798 277 0.0999933337777
5.16515141488 3.55475036449 3.73080188489 4.67310453378 -0.148144991548 191 0.0996611520829
7.24425448398 4.56943009539 4.64861612831 6.95796426588 -0.0770858423299 256 0.0993311701212
6.95115249056 4.40465698345 4.4840489218 6.70343215859 -0.0860968935073 245 0.0990033661144
4.15623063433 2.97785807494 3.13148212109 3.8282838745 -0.230535818319 147 0.0986777185711
8.5409439523 5.3507588962 5.48359426079 7.95154601437 -0.0421780306651 316 0.0983542062816
6.23283630674 3.67550425949 3.66280233331 6.23283630674 -0.146663541632 192 0.0980328083132
4.22131561688 3.10387118613 3.34943402636 3.90891437751 -0.192385312894 165 0.0977135040063
13.0011387575 7.59953519611 7.67620088386 12.4964548035 -0.00861880479574 474 0.0973962729693
27.816054275 15.2329828604 15.3193484525 27.2543433852 -3.29112859328e-05 1028 0.0970810950748
13.9831517866 8.17693318583 8.26248152046 13.566796476 -0.00565099883466 516 0.0967679504548
11.1475481435 6.68340060438 6.7865426106 10.5798717925 -0.0163981400186 410 0.0964568194971
5.42103314284 3.58711747247 3.69813711841 5.41616944179 -0.149641405604 190 0.0961476828408
5.42446965831 3.703305452 3.88568802028 4.89833607344 -0.133979674858 201 0.0958405213724
4.48950239222 3.03311728086 3.06852951272 4.37275771512 -0.232864462948 146 0.0955353162219
43.3056412667 22.7951322084 22.817852005 42.8034178933 -1.50594515633e-07 1564 0.0952320487588
5.46251000052 3.41399618235 3.42924650521 5.46251000052 -0.182956518309 170 0.0949307005886
6.49313586532 3.83586448937 3.84556048404 6.49313586532 -0.135333004907 200 0.0946312535487
38.6309101009 20.6196980301 20.6695443198 38.1838848236 -7.07928159819e-07 1410 0.094333689705
18.1192264305 10.2210003914 10.3008231193 17.6336843487 -0.00128973006426 663 0.0940379913485
49.0690111 25.7250609297 25.750552576 48.4799194799 -1.78842367609e-08 1776 0.0937441409912
7.08723161232 4.23014572812 4.24314889038 7.08723161232 -0.103170130302 227 0.0934521213632
6.02253531484 3.89747035707 3.97083543642 5.93517861037 -0.126139204302 207 0.093161915409
7.95039038685 5.04083918789 5.1773032634 7.38219295627 -0.0526152958925 294 0.0928735062844
5.42541592251 3.57728944261 3.64877227577 5.20752525008 -0.1589427092 184 0.0925868773532
8.76724161422 5.52651259466 5.67521442835 8.19887422249 -0.0366419875311 330 0.0923020121839
7.04726139724 4.39331333196 4.44225550898 6.8676995207 -0.0896286187023 241 0.0920188945463
4.28902429047 2.974636145 3.08859796028 4.28486338677 -0.237592554788 144 0.0917375084093
5.48007902591 3.73355950546 3.90552762166 4.99057325725 -0.131313479328 203 0.0914578379367
4.08018520859 2.95085933507 3.10917959285 3.94680926874 -0.23521662924 145 0.0911798674853
2.27459996031 1.91979120441 2.0753876174 2.13220353507 -0.452043650266 80 0.0909035816011
4.82630019219 3.26021052369 3.37418959799 4.82483735184 -0.192385312894 165 0.0906289650172
7.67442081799 4.89912444649 5.0404661446 7.10521387117 -0.0581781719767 284 0.0903560026504
4.01327409661 2.75173501734 2.7801832096 3.92816138018 -0.284707773273 126 0.0900846795988
8.94135426847 5.53800530688 5.65163720819 8.40757039358 -0.0373859683003 328 0.0898149811389
13.0360090832 7.657258291 7.74732280961 12.4527995915 -0.00819639760278 479 0.0895468927228
6.58186036498 4.31468295005 4.45308249035 6.07718023987 -0.0869665590982 244 0.0892803999762
6.7195559453 4.32552003222 4.4279001943 6.36909779527 -0.0905339582852 240 0.089015488695
9.06555227279 5.60532482001 5.72021449722 8.50648656439 -0.0355536838595 333 0.0887521448435
19.1795550101 10.7403521877 10.8003850088 18.6288820999 -0.000898185064465 699 0.0884903545514
33.1911259222 17.7555133242 17.7880743263 32.6489484345 -5.72622899438e-06 1202 0.0882301041115
8.35505764104 5.2462253837 5.37835894683 7.78910088587 -0.0452522248143 309 0.0879713799777
6.19828544961 4.17043043084 4.35865575274 5.68623875273 -0.0951996903592 235 0.0877141687621
7.28871664191 4.76853804135 4.95039443311 6.74339936477 -0.061794369232 278 0.0874584572328
4.73845756292 3.34399874682 3.54178176799 4.24751969171 -0.168822156581 178 0.0872042323121
4.15476557289 2.83695656728 2.93946778151 4.15476557289 -0.26271258725 134 0.0869514810736
7.75320617106 4.94456191211 5.0909516807 7.15766139961 -0.0558857198699 288 0.0867001907404
6.44184918679 4.09411018139 4.15148797735 6.26107157825 -0.110689803599 220 0.0864503486831
8.26115669876 5.18892954695 5.30833444069 7.75666450928 -0.0475843304765 304 0.0862019424171
6.71235898327 4.40863769724 4.58011634017 6.10609807717 -0.0810585161622 251 0.0859549596012
8.11319190582 4.94016169074 4.98495259133 7.9251756987 -0.0605646612843 280 0.085709388035
14.2518394699 8.27252764002 8.35662291448 13.6409137204 -0.00526710019485 523 0.0854652156572
6.35585426401 3.79715254903 3.80799566008 6.35585426401 -0.140884412904 196 0.0852224305437
5.83970957843 3.86243241029 3.97346773334 5.48356926414 -0.124877812259 208 0.0849810209053
8.24016591741 5.18782095205 5.31519294308 7.71040749301 -0.0471084871717 305 0.0847409750862
6.43714943086 4.35270955325 4.58130258921 5.97429672242 -0.0810585161622 251 0.0845022815616
7.00624723467 4.64045284837 4.84333929133 6.51263378951 -0.0669680027479 270 0.0842649289366
17.788525792 10.0314613066 10.0947833389 17.2230375162 -0.00149958436808 648 0.0840289059436
7.67880996346 4.92411801334 5.08075716421 7.06284507119 -0.0564502220908 287 0.0837942014413
12.1894564391 7.22229695032 7.31781382275 11.5906920633 -0.0111926258193 448 0.083560804412
13.5753203172 8.02105704179 8.14094963828 12.9556942759 -0.00612411956285 508 0.0833287039609
12.6982155717 7.54038951625 7.64964837148 12.0687831583 -0.00879380144449 472 0.0830978893136
7.29571878862 4.69961844709 4.84610333264 6.73332353574 -0.0669680027479 270 0.0828683498149
3.80198008145 2.79372170056 2.98347357031 3.4253837633 -0.257484606764 136 0.082640074927
5.39485651066 3.641660033 3.7733023525 5.00230199352 -0.145196906216 193 0.0824130542278
11.2643517238 6.37628081666 6.38763533112 11.2134783251 -0.0219469385206 381 0.0821872774095
5.57779295516 3.4904159206 3.50037339055 5.54700125658 -0.172249930192 176 0.0819627342768
45.8962220834 24.1521471343 24.1770705233 45.6546034593 -5.62416724213e-08 1662 0.0817394147458
82.7529253381 42.7062464429 42.8737894425 82.5718726206 -6.58093626246e-14 3021 0.0815173088419
5.5069869935 3.60005242604 3.70624821017 5.5069869935 -0.152679732276 188 0.0812964066988
7.21288522609 4.70006413484 4.85963884263 6.72229124417 -0.0662983227204 271 0.0810766985568
8.60620138365 5.41235083333 5.53858792007 8.17458689634 -0.0405160479665 320 0.0808581747615
3.99736423724 2.78476155957 2.83309119522 3.84284026471 -0.276251667699 129 0.0806408257621
10.4784981824 6.20787137149 6.26156859567 10.1847267453 -0.024024656985 372 0.0804246421103
8.71920460884 5.4866484304 5.61841395238 8.44568803674 -0.0381450548927 326 0.0802096144591
18.355661075 10.2499350559 10.2995735057 17.9486604149 -0.00128973006426 663 0.0799957335609
5.94381059436 3.93050313376 4.03991260981 5.78044127891 -0.119957128193 212 0.0797829902665
6.60178359426 4.43845687355 4.66545627163 6.08324969721 -0.0763149839066 257 0.0795713755238
7.26713545833 4.60082157357 4.69261249282 7.22525945817 -0.0747963157269 259 0.0793608803767
10.8178560745 6.52081096278 6.61356527948 10.4071435136 -0.0185000224416 398 0.0791514959633
13.3047000805 7.85302236454 7.94864902259 12.9725468548 -0.00704938023623 494 0.0789432135151
7.96674303668 4.97042991025 5.05322116741 7.81569910892 -0.0575963902569 285 0.0787360243557
16.1362767651 9.25522926615 9.33178707755 15.5906497685 -0.0026063648004 593 0.0785299198995
7.2161805944 4.22183770357 4.24603375568 7.2161805944 -0.103170130302 227 0.0783248916506
6.42222547827 4.24654800547 4.4131574616 5.86299600171 -0.0914484427123 239 0.0781209312015
7.4987017979 4.85658465625 5.03748912023 6.89172747405 -0.0581781719767 284 0.0779180302322
8.6381170507 5.48234487431 5.63739965139 8.25754436432 -0.0377636043438 327 0.0777161805088
8.21499691509 5.27010317352 5.42942501421 7.9777607049 -0.0439081884851 312 0.0775153738825
5.46130861652 3.7723920996 4.01088175672 4.8516757506 -0.119957128193 212 0.0773156022885
8.06224114566 5.13893978474 5.28676154601 7.51995908899 -0.0485504851306 302 0.0771168577451
7.24829231673 4.80289125515 5.02020652111 6.77208642539 -0.0587658302795 283 0.0769191323522
16.8097026327 9.59407157682 9.66424912599 16.3573909328 -0.00204776385064 617 0.0767224182906
7.99238919797 5.11814634863 5.27314182007 7.45360484988 -0.0490408940713 301 0.076526707821
7.99747491417 4.58106799447 4.63667893618 7.99747491417 -0.0778644872019 255 0.0763319932828
9.67459860312 6.03175104939 6.17829459841 9.3630166468 -0.0255179644523 366 0.076138267093
51.2817481088 27.7888190484 28.1894547416 50.4937954788 -2.62296550273e-09 1967 0.0759455217457
207.250957037 49.7738960052 79.0529701888 -169.6043017 -2.74804448893e-148 33808 0.0757537498106
7.6196772866 4.87065387149 5.01149044707 7.06234944198 -0.0593594245248 282 0.0755629439323
29.21991297 16.3640728913 16.6048885007 28.9408027168 -1.27953786938e-05 1122 0.0753730968293
5.59137720853 3.80929098796 3.98509574342 5.56477036887 -0.119957128193 212 0.0751842012932
6.85003232244 4.48161139592 4.62919968895 6.39540349579 -0.0778644872019 255 0.0749962501875
10.5357066614 6.36761454706 6.47105930896 9.97114746983 -0.0206626069573 387 0.0748092364471
5.00125628649 3.05015462912 3.03980082063 5.00125628649 -0.23521662924 145 0.074623153077
6.45837890817 4.27742235711 4.45529216851 5.85671629266 -0.0887323325153 242 0.0744379931517
6.12301284158 4.13887803361 4.34462996239 5.54322820811 -0.0961613033931 234 0.0742537498144
7.17169243015 4.67842917568 4.84585826326 6.61591667883 -0.0669680027479 270 0.0740704162757
5.95343193823 4.06323260004 4.2872585263 5.5523686227 -0.100105874261 230 0.0738879858135
13.3422406237 7.85692484799 7.95141076198 13.025258749 -0.00704938023623 494 0.0737064517714
5.85574788131 3.48642296432 3.47320374404 5.85574788131 -0.168822156581 178 0.0735258075585
4.14538627074 2.80116471077 2.89920129129 4.14538627074 -0.270754259512 131 0.0733460466481
5.461667083 3.85612930288 4.17563756837 4.93489740677 -0.108487076508 222 0.0731671625774
8.87511975498 5.38559250375 5.44699934073 8.79643334028 -0.0430344155342 314 0.0729891489465
6.45952026692 4.42284098547 4.7294298668 5.80483238818 -0.0725747903534 262 0.0728119994175
7.54436419201 4.8669917585 5.01091628655 7.11848912421 -0.0593594245248 282 0.0726357077139
7.11422465019 4.32203153733 4.3547589262 7.11422465019 -0.0951996903592 235 0.0724602676199
10.9286327212 6.33549794077 6.35346589561 10.812969309 -0.0219469385206 381 0.0722856729796
3.51273899437 2.4689939556 2.55173955952 3.51273899437 -0.33437685689 110 0.0721119176963
5.63564126872 3.81758866769 3.98846987648 5.13004205334 -0.123629034136 209 0.0719389957316
6.15891063982 4.11207260193 4.29051327881 5.58343850553 -0.100105874261 230 0.0717669011052
7.9035473097 5.03581628322 5.18644067658 7.27815961141 -0.0520891429336 295 0.0715956278937
5.3051743372 3.66726979146 3.88683417574 4.69243206835 -0.133979674858 201 0.07142517023
7.65679561369 4.8952182221 5.03880564162 7.08614343203 -0.0581781719767 284 0.071255522303
6.50971259446 4.28904948484 4.44849748723 5.97046330137 -0.0887323325153 242 0.0710866783565
11.4980829918 6.90543708832 7.01086639783 11.1939150765 -0.0139623237504 426 0.0709186326888
10.2371973 5.99967431744 6.03732860157 10.2186756581 -0.028215911347 356 0.0707513796519
5.11175816457 3.17240061557 3.18157929462 5.11175816457 -0.212725703229 155 0.0705849136511
10.3648769235 5.79379792708 5.80761602268 10.3648769235 -0.032154114383 343 0.0704192291442
23.6378944153 12.646999558 12.6645179114 23.6364482716 -0.000231268828125 834 0.0702543206407
8.90164746068 5.60914872982 5.77898799946 8.82996792426 -0.0334730875918 339 0.0700901827017
11.895839379 6.74462224167 6.76726816961 11.895839379 -0.0162341586184 411 0.0699268099389
6.15888074561 3.91335539717 3.96926656419 6.15087738224 -0.126139204302 207 0.0697641970141
14.0810678203 8.28685070496 8.40277448916 13.7003777648 -0.00505955543144 527 0.0696023386386
96.9381597659 20.91792376 22.2479461908 83.4184601892 0.0 100001 0.0694412295727
57.7718594321 32.7896672646 34.2185632147 56.5150712077 -2.28351794485e-11 2439 0.0692808646252
87.1381364094 0.770044793029 4.08888127379 80.9016198995 0.0 100001 0.0691212386526
15.6650456582 9.08617742766 9.17897370075 15.2273009762 -0.00291103925025 582 0.0689623465588
11.712819182 7.12113147322 7.25853798092 11.4006826554 -0.0116517513115 444 0.0688041832943
15.5983960932 8.58366046796 8.60908495435 15.5983960932 -0.00439546759554 541 0.0686467438561
12.1407725966 7.30401667247 7.42935831094 11.7327802871 -0.0103279360915 456 0.0684900232866
7.22583849345 4.77119258046 4.98462199673 6.77518093317 -0.0605646612843 280 0.0683340166735
4.61201193284 3.30423033192 3.59094244324 3.93184778584 -0.163807969708 181 0.0681787191491
5.07976293639 3.53718691299 3.76016173457 4.49059296125 -0.146663541632 192 0.06802412589
4.89534948581 3.02553337566 3.01734340907 4.89534948581 -0.239992479584 143 0.0678702321162
6.93250215411 4.56274017789 4.73231585894 6.46701605863 -0.0725747903534 262 0.0677170330911
6.52733692839 4.30217916747 4.46940928257 5.95673199752 -0.0878450091901 243 0.0675645241205
7.01919254297 4.63339985155 4.81830075497 6.73558506913 -0.0683277244647 268 0.0674127005528
9.36943590341 5.75225252517 5.85692203403 8.86463535636 -0.032154114383 343 0.0672615577777
6.3163698081 4.27379962069 4.47942901796 5.90256116663 -0.0869665590982 244 0.0671110912263
14.3867771672 8.38158956531 8.48120869955 13.704633599 -0.0047634710035 533 0.0669612963707
7.15990672967 4.64324300548 4.8028223763 6.57443218553 -0.0690179034997 267 0.066812168723
6.76361943373 4.34736507075 4.45255041227 6.76231253117 -0.0869665590982 244 0.0666637038354
4.45783530809 2.93495490059 2.9489871812 4.44175917123 -0.257484606764 136 0.0665158972995
13.839601754 8.09370196136 8.18885887491 13.3513353397 -0.00594222708771 511 0.0663687447458
21.8942797255 12.2462114522 12.3360140529 21.285184622 -0.000288498007864 812 0.0662222418436
16.8683061594 9.52845360792 9.58275986195 16.4749102332 -0.00211044621363 614 0.0660763843003
7.81424157198 5.01878215028 5.17292751742 7.4935793756 -0.0526152958925 294 0.0659311678608
7.18467880668 4.70826645609 4.88275416475 6.90165388827 -0.0649789860982 273 0.0657865883075
8.31850096238 5.33814948576 5.51237905294 7.9822102082 -0.0413386878549 318 0.0656426414599
7.13580664792 4.72355165763 4.92941505811 6.77939011354 -0.0630490452321 276 0.0654993231737
29.0746132464 15.719985752 15.766250148 28.8085062726 -2.45903944375e-05 1057 0.0653566293408
DEBUT ITERATION : 1
11.9071348731 6.86875813021 6.90162702218 11.7103987892 -0.0151312967007 418 0.49983338887
4.75341422248 3.23946130347 3.33339103807 4.49193599868 -0.198274256589 162 0.491642084562
2.83683386802 2.23542339178 2.42266311008 2.5535188419 -0.381047118105 97 0.483714930668
2.96884305774 2.31768861665 2.54106915062 2.60261010697 -0.351609206558 105 0.476039352586
2.7538620972 2.18663402167 2.36592721209 2.4876605672 -0.392711028358 94 0.468603561387
2.67669735965 2.15041645871 2.35077035344 2.33204850898 -0.392711028358 94 0.461396493387
3.16776906212 2.43183410273 2.63384733618 2.82835594543 -0.331033088321 111 0.454407755226
3.91149383134 2.78303373685 2.88398962098 3.80192270655 -0.276251667699 129 0.447627573859
3.97067513307 2.70578909896 2.71904725205 3.91650611495 -0.296386587399 122 0.441046750956
7.04492143278 4.23564778032 4.24887303239 7.02330716885 -0.103170130302 227 0.434656621269
2.79533411945 2.22036112101 2.4389695019 2.4389695019 -0.373464280454 99 0.428449014567
3.21929831945 2.46296049047 2.6652798655 2.87440600845 -0.324445529863 113 0.422416220783
6.4078777911 3.91066407828 3.92933295819 6.4078777911 -0.130000344535 204 0.416550958067
4.63188998743 3.23090349389 3.3708046928 4.28324716166 -0.194328598883 164 0.410846343468
2.57703895932 2.08368084021 2.27282409486 2.25386670813 -0.417120879933 88 0.405295865982
2.06391362759 1.76511122445 1.8497904678 1.71637315906 -0.4948386596 71 0.39989336177
5.80500412717 3.7322667743 3.79210294615 5.67490032506 -0.142307487782 195 0.394632991318
2.1337737977 1.80831088337 1.90182302001 1.78571216031 -0.484991370274 73 0.389509218385
3.65692074718 2.77687986911 3.07288880015 3.24517390795 -0.228230460135 148 0.384516790567
3.54330297845 2.5192531763 2.62844909276 3.54330297845 -0.327722757438 112 0.379650721336
4.59240988484 3.19760454511 3.33134390203 4.26676498131 -0.200277026857 161 0.374906273432
2.74238862387 2.17946106955 2.39619911395 2.40996520683 -0.392711028358 94 0.370278943471
5.62816279394 3.63426578862 3.68694022683 5.47646561829 -0.154221951794 187 0.365764447696
4.86022895426 3.45374170809 3.75013097611 4.06543173802 -0.142307487782 195 0.361358708745
9.57601408903 5.63444127825 5.70247497733 9.57601408903 -0.0359128119793 332 0.357057843371
8.85552331373 4.98416087349 4.98419856533 8.85552331373 -0.0605646612843 280 0.352858151023
6.59851050706 3.85910419646 3.85987100893 6.59851050706 -0.136700004957 199 0.348756103232
3.48114783392 2.54532198251 2.63044488936 3.32462567566 -0.321201074565 114 0.344748333716
5.46416007972 3.65299431527 3.7572861142 5.17343765819 -0.146663541632 192 0.340831629175
2.36040465185 1.96342941936 2.1034471258 2.27813926379 -0.443047981626 82 0.337002920692
5.72481737495 3.72608413817 3.79054126282 5.52486161313 -0.143744937154 194 0.333259275717
11.139122236 6.34713554346 6.47835242681 11.139122236 -0.0204559808877 388 0.329597890574
3.40983846371 2.59986819082 2.86923885215 2.86182170807 -0.26271258725 134 0.32601608346
3.85687636501 2.73610048994 2.81813458478 3.66721847116 -0.287583609367 125 0.322511287895
3.22217392979 2.42885564898 2.56655595186 2.99818665175 -0.344612183348 107 0.319081046586
5.62253844748 3.68271102339 3.77600499353 5.51591257541 -0.145196906216 193 0.315723005683
4.79315983486 3.23264045948 3.30142891675 4.61242928339 -0.202300027129 160 0.312434909394
2.48474231125 2.04793700199 2.22162487441 2.33129932005 -0.421334222155 87 0.309214594929
4.25295549784 2.97061368736 3.06262199803 4.04448563435 -0.242416646045 142 0.306059987758
2.54804681718 2.06772275996 2.24218050784 2.20208018685 -0.417120879933 88 0.302969097152
3.40612215247 2.53850096454 2.67529194766 3.33008303582 -0.314809173181 116 0.299940011998
3.96207116947 2.86068018751 3.0122197484 3.64975186746 -0.252360663089 138 0.296970896852
7.33062642984 4.4714090831 4.56693122286 7.33062642984 -0.0778644872019 255 0.294059988238
5.56588443848 3.73797982421 3.87248543656 5.1802989999 -0.135333004907 200 0.291205591147
4.82694210083 2.97423471921 2.97838878874 4.82694210083 -0.252360663089 138 0.288406075755
4.78343684789 3.3856110958 3.57567872013 4.26388379733 -0.155779749287 186 0.28565987431
3.43362194949 2.5275448192 2.64490108621 3.25612133857 -0.324445529863 113 0.282965478212
4.66542189962 3.23481560146 3.37221364335 4.56601004644 -0.194328598883 164 0.280321435246
7.52371094388 4.31819230883 4.31832796322 7.52371094388 -0.0981137673637 232 0.277726346973
8.17172949795 4.88855969351 4.91553256437 8.14723427512 -0.0636859042749 275 0.275178866263
3.9113769837 2.85868503825 3.02256713283 3.72169998132 -0.249837056458 139 0.272677694965
7.49972820058 4.42548568528 4.46999167708 7.49972820058 -0.0878450091901 243 0.270221581697
5.9979206308 4.00986946743 4.17170309247 5.53781127329 -0.108487076508 222 0.267809319764
3.78851843581 2.77452993815 2.94120690774 3.53752998493 -0.265366249748 133 0.265439745178
7.31628999574 4.26481614523 4.27626130909 7.31628999574 -0.101117044709 229 0.263111734783
5.12048294532 3.37191265793 3.46893991478 5.11695292237 -0.181126953126 171 0.260824204486
7.56330740894 4.65889465519 4.70599747713 7.39173051775 -0.0740483525696 260 0.258576107568
6.31268485994 4.02468671604 4.08167983701 6.1423132647 -0.116394281529 215 0.256366433088
5.65548915929 3.69256944653 3.75862447271 5.45838564897 -0.146663541632 192 0.254194204372
4.59389138712 3.01341877154 3.08027847062 4.59389138712 -0.23521662924 145 0.252058477567
5.30190008501 3.48209725786 3.54046070933 5.14549031075 -0.172249930192 176 0.249958340277
4.90879999364 3.49109338663 3.80135732488 4.08747139988 -0.138080813087 198 0.247892910263
13.8712035372 7.81240307495 7.8620094449 13.7870122056 -0.0074126750716 489 0.245861334208
15.745120074 8.68594765152 8.70853648071 15.738893292 -0.00401533545928 550 0.243862786539
8.70549388391 4.98341208325 4.99824926243 8.70549388391 -0.0599590146715 281 0.241896468312
2.81510218641 2.23330061935 2.44547687107 2.49411912915 -0.373464280454 99 0.239961606143
6.03170204897 4.24825686311 4.63754832148 6.02363375639 -0.0711305520254 264 0.238057451198
6.5411320037 4.08618398607 4.20328248119 6.5411320037 -0.101117044709 229 0.236183278224
7.80419749477 4.9036403962 5.00399563898 7.57534314599 -0.0593594245248 282 0.234338384627
2.5084527863 2.05890147312 2.2375797199 2.19526618668 -0.412949671134 89 0.232522089599
4.55658880116 2.98686597938 3.06994682049 4.55658880116 -0.239992479584 143 0.230733733272
4.99516914468 3.37460608749 3.47070853012 4.73941765154 -0.181126953126 171 0.228972675927
2.8363235645 2.25116025585 2.42799771477 2.70439363018 -0.373464280454 99 0.227238297228
7.08093988444 4.71387994467 4.9225294769 6.52272584449 -0.0605646612843 280 0.225529995489
8.96383913644 5.62718844575 5.76239626566 8.67973408793 -0.0344977038952 336 0.223847186987
7.5613375881 4.88965347196 5.07691716403 6.97568112889 -0.0564502220908 287 0.222189305288
4.18911370802 3.08985287935 3.39303341127 3.32570679524 -0.173989828476 175 0.220555800618
10.2803521054 6.22689189554 6.32714648384 9.80311112337 -0.0226187376475 378 0.21894613925
8.17966378946 5.11709938777 5.2172247153 7.91959217826 -0.0510525689892 297 0.217359802927
4.57605143926 2.83881723156 2.82086227704 4.57605143926 -0.268046716917 132 0.215796288304
6.3295114906 4.29825284924 4.5257902002 5.84833325835 -0.0843835653265 247 0.214255106413
9.04001775212 5.70310389966 5.8593739321 8.5619443764 -0.032154114383 343 0.212735782159
9.63057658349 5.96371834012 6.09436800855 9.13059557288 -0.0271040918585 360 0.211237853823
6.06820303252 3.99820848842 4.11957164311 5.69979632487 -0.112937254973 218 0.209760872605
4.37506028834 2.87752517865 2.95274232628 4.37506028834 -0.260085461378 135 0.208304402166
9.9165456701 6.051578353 6.16335092418 9.37274019761 -0.025775721669 365 0.206868018204
3.850215091 2.76381058151 2.91486148379 3.84392725231 -0.268046716917 132 0.20545130804
10.1299186739 6.07884846977 6.15660914419 10.1081429111 -0.025775721669 365 0.204053870222
9.92627422992 5.83942066938 5.92854677699 9.92627422992 -0.0305782428416 348 0.202675314147
2.12171326442 1.80075585568 1.89806262334 1.78666770539 -0.489890273004 72 0.201315259697
7.62895366375 4.58086046804 4.66299346433 7.62895366375 -0.0747963157269 259 0.199973336888
1.85317448395 1.62284771397 1.6795036531 1.52854011928 -0.541685075967 62 0.198649185538
3.80156676468 2.79776847515 2.96461339744 3.67827858853 -0.260085461378 135 0.19734245494
8.45184517373 5.32166471567 5.45684873435 7.95803632591 -0.0430344155342 314 0.196052803555
3.14353558898 2.4120202474 2.60833761896 2.80898214804 -0.337754400899 109 0.194779898714
6.68732456122 4.42064129221 4.60917383363 6.15792834502 -0.0794454516906 253 0.193523416333
4.1333116713 2.69832949231 2.73552565018 4.1333116713 -0.296386587399 122 0.192283040636
8.96072416137 5.70784534666 5.88694429382 8.77715793154 -0.0315142475068 345 0.19105846389
3.29477833731 2.49847158275 2.69274889027 2.93904234416 -0.317989063819 115 0.189849386154
6.93775481215 4.56189085312 4.7451050387 6.4064101742 -0.0718490424499 263 0.18865551503
5.20957316923 3.15412205985 3.13189117642 5.20957316923 -0.217044896673 153 0.187476565429
7.56275500664 4.82781924912 4.96166488413 7.06962922004 -0.0611764255397 279 0.186312259347
89.2572285864 45.9550860335 46.1987971897 89.2017816411 -6.01816372791e-15 3259 0.185162325639
10.7301735253 6.55820092741 6.69969976768 10.1480275923 -0.0174174038922 404 0.184026499816
3.63883790673 2.60982834285 2.75753844314 3.63883790673 -0.293422721525 123 0.182904523839
4.24187553587 3.10969392788 3.43121029043 3.47731514948 -0.173989828476 175 0.181796145922
6.6241911583 4.2888036607 4.39961334377 6.25011309047 -0.0923721643559 238 0.180701120347
10.0564135537 6.27361536682 6.42654493717 9.77578614905 -0.0212950924996 384 0.179619207281
5.32230835944 3.21393977088 3.2046562806 5.32230835944 -0.212725703229 155 0.178550172598
7.85991578389 4.92508266941 5.02164546482 7.51677280412 -0.0587658302795 283 0.177493787717
6.92975136225 4.52258960154 4.67820422784 6.41822327357 -0.0755518340675 258 0.176449829432
4.62831607515 3.17514417162 3.26823252141 4.37508534393 -0.208492461735 157 0.175418079757
8.75366811271 5.23983291964 5.27523976819 8.59442606428 -0.0490408940713 301 0.174398325776
7.0663717566 4.66908828361 4.88718171911 6.65737179706 -0.0649789860982 273 0.173390359496
6.47481630261 3.85576166489 3.87376029491 6.47481630261 -0.135333004907 200 0.172393977704
3.96333753104 2.8600281737 3.01268187176 3.6383746095 -0.252360663089 138 0.171408981831
4.44656135351 2.76523411644 2.7313093288 4.44656135351 -0.28186069554 127 0.170435177821
7.22156248357 4.4895752893 4.5394659793 7.04065937926 -0.0835397296732 248 0.169472376003
10.6889596618 6.13553954717 6.15137725677 10.6117717299 -0.0260360824939 364 0.168520390967
6.83523333428 4.02852188481 4.05427962047 6.83523333428 -0.118757556912 213 0.167579041448
8.77378875594 5.47242947793 5.59416758286 8.2851888227 -0.0389195540176 324 0.166648150206
8.15793500208 4.78005124116 4.80372692934 8.15793500208 -0.0690179034997 267 0.165727543918
4.20342234352 3.06525821018 3.30344585037 3.62009334578 -0.190461459765 166 0.164817053071
2.87470044333 2.28605557574 2.47562990964 2.76419831316 -0.358748297682 103 0.163916511857
6.80420179992 4.52049780522 4.72036463068 6.29931147222 -0.0733078690439 261 0.16302575807
7.60879527174 5.023854358 5.290509529 7.06538432409 -0.0485504851306 302 0.162144633013
6.15535809512 3.6636055744 3.72868429233 6.15535809512 -0.149641405604 190 0.1612729814
3.31196984143 2.28904473834 2.30831295977 3.31196984143 -0.381047118105 97 0.160410651267
3.35043032488 2.46192970749 2.60660665584 3.35043032488 -0.324445529863 113 0.159557493884
8.56993079844 5.38773475419 5.52558972972 8.07440760989 -0.0409253009763 319 0.158713363665
3.51538041262 2.62291109356 2.80391353615 3.17611355567 -0.293422721525 123 0.157878118093
8.12035954033 5.19383258462 5.35973233673 7.63390893088 -0.046171028277 307 0.157051617632
6.86621398684 4.58233599853 4.80437194294 6.42108413582 -0.0690179034997 267 0.156233725654
8.50316723643 4.90610255699 4.92928967292 8.50316723643 -0.0630490452321 276 0.155424308362
7.4542110889 4.8700907751 5.05359441182 7.00527913551 -0.0575963902569 285 0.154623234718
15.3483738226 8.54190845928 8.56419821161 15.2711969027 -0.00453001352731 538 0.153830376372
12.1842908136 6.95880087613 6.9956192485 12.1358565876 -0.0141033573236 425 0.153045607591
6.26532811549 3.68765030973 3.68675799592 6.26532811549 -0.152679732276 188 0.152268805197
2.98150821019 2.32506030594 2.53614696151 2.64845964735 -0.355160814705 104 0.1514998485
10.4859552058 5.79632711148 5.78692119884 10.4859552058 -0.0331383567159 340 0.150738619234
4.17259064497 2.95282820406 3.0946752399 4.14371553719 -0.237592554788 144 0.1499850015
5.47630700193 3.29003174973 3.27883925361 5.47630700193 -0.202300027129 160 0.149238881703
6.17407507659 4.11250202904 4.28969966303 5.57466553714 -0.100105874261 230 0.1485001485
6.53195255309 4.27864040184 4.42404798383 6.00779356314 -0.0905339582852 240 0.14776869274
8.95208487026 5.03391952077 5.03928778212 8.95208487026 -0.0581781719767 284 0.147044407411
13.682548274 7.98783374498 8.07962312686 13.0246273447 -0.00643973042987 503 0.146327187591
5.11508565446 3.40276810015 3.47011183224 4.94498784201 -0.181126953126 171 0.145616930395
10.3047297007 6.24172006745 6.34579521553 9.72958840281 -0.0226187376475 378 0.144913534924
7.58782415249 4.86701528733 5.02400526144 6.9472449938 -0.0587658302795 283 0.144216902221
2.32672833913 1.94734570987 2.09243138336 2.23827830483 -0.447523213764 81 0.143526935222
3.77284063946 2.75384849861 2.89249825626 3.68790785721 -0.273489151022 130 0.142843538711
13.8802281257 7.51564339902 7.52477509039 13.8802281257 -0.0096263113463 463 0.142166619278
109.366472559 55.5386604666 55.6413840796 109.366472559 -6.74303706277e-18 3935 0.141496085275
15.088636109 8.13760247358 8.15223053472 15.088636109 -0.00606287836722 509 0.140831846775
12.2723785742 7.60903897524 7.84444480436 11.5956719211 -0.00763957818322 486 0.140173815531
9.87011358387 6.05030742116 6.17475119326 9.21832037993 -0.0252627848078 367 0.139521904939
4.66046936575 3.30276201385 3.54643608121 4.00068163762 -0.167133935015 179 0.138876029997
5.11253156034 3.28386753227 3.34610047797 5.11253156034 -0.196291514023 163 0.138236107271
3.58669570749 2.71565383681 2.95882309921 2.86340241007 -0.221451787239 151 0.137602054857
7.84458831376 4.97169725694 5.10388664537 7.285106222 -0.0553268626712 289 0.136973792348
12.3969381666 7.04641130554 7.08604240523 12.3969381666 -0.013013798144 433 0.136351240796
11.1624030729 6.15506433248 6.16044935108 11.1624030729 -0.025775721669 365 0.135734322686
4.25830553174 3.01233805627 3.13813949769 3.98259928611 -0.228230460135 148 0.135122961895
11.8006893889 7.03300057999 7.14642248874 11.1485957508 -0.0126272753253 436 0.13451708367
5.74525495147 3.71084831622 3.76261501286 5.60099745903 -0.146663541632 192 0.133916614588
13.7350742849 7.71884663899 7.74494170819 13.6510154753 -0.00819639760278 479 0.133321482535
7.27598571855 4.67600783098 4.81755321433 6.71761108941 -0.0683277244647 268 0.132731616671
6.55884657201 3.85362042893 3.85645534187 6.55884657201 -0.135333004907 200 0.132146947406
9.86532752758 5.64065145507 5.6504197762 9.86532752758 -0.0373859683003 328 0.131567406368
11.7753094482 6.71488993455 6.73448255372 11.6556812451 -0.0170707975548 406 0.130992926382
8.35610496203 4.98759342967 5.01253349539 8.2491494613 -0.0593594245248 282 0.13042344144
2.20366797189 1.85459359391 1.9633950737 1.85765284923 -0.470586641586 76 0.129858886676
7.45744006418 4.28324153952 4.28266948099 7.45744006418 -0.100105874261 230 0.129299198345
13.0388193994 7.17527797805 7.26158427698 13.0388193994 -0.0113056826458 447 0.128744313793
7.13618792889 4.34795396562 4.37341968433 7.10217039379 -0.0942476934556 236 0.128194171438
11.1564670428 6.14852245609 6.14978272383 11.1564670428 -0.0260360824939 364 0.127648710748
10.3092087966 5.71508979936 5.72031382372 10.3092087966 -0.0355536838595 333 0.127107872214
8.69646598054 5.40146238328 5.52027511548 8.12236952697 -0.0409253009763 319 0.126571597334
3.26270841641 2.49585061554 2.68708938129 3.00225622452 -0.317989063819 115 0.126039828586
8.78974207729 5.45424761749 5.56815067182 8.25000684754 -0.039709778612 322 0.125512509413
4.99422915495 3.38835511938 3.51132359637 4.97695500424 -0.175747301491 174 0.124989584201
5.74922675825 3.90804670602 4.12375302429 5.0985627921 -0.112937254973 218 0.124470998257
12.8559534633 6.98626671703 6.98779078114 12.8559534633 -0.0141033573236 425 0.123956697794
3.78887855858 2.6543732962 2.71489269708 3.74253994311 -0.296386587399 122 0.123446629907
4.94330224777 3.36886646583 3.47904227855 4.8733764243 -0.179315683595 172 0.122940742562
3.45696009676 2.60544226761 2.81217713202 3.09802909618 -0.287583609367 125 0.122438984573
5.22886080537 3.17249763853 3.18159014347 5.22886080537 -0.217044896673 153 0.121941305585
3.42790769863 2.42435287272 2.44853602054 3.42688248062 -0.348093114492 106 0.12144765606
8.06099158095 5.11670632827 5.27326642798 7.4039467002 -0.0490408940713 301 0.120957987259
11.3370758765 6.52671351922 6.55319209619 11.2092837198 -0.0194534342852 393 0.120472251225
2.19106102957 1.85010978609 1.9780201365 1.93678485195 -0.475340042006 75 0.119990400768
7.05387217396 4.19353658699 4.22107102279 7.05387217396 -0.105264901848 225 0.119512389451
4.56302309888 3.15881838785 3.28619874478 4.54662495845 -0.206407537117 158 0.119038171574
26.8277852062 14.2241709795 14.2378829265 26.8227462119 -7.42837961071e-05 947 0.118567702158
15.1462675839 8.43838057044 8.45702973409 15.0070392424 -0.00490928157557 530 0.118100936934
8.2642515432 5.02106290377 5.06788489498 8.14989151598 -0.0570204263544 286 0.117637832327
5.05221534671 3.08382569312 3.08667415029 5.05221534671 -0.230535818319 147 0.117178345442
4.36760434251 2.83509548512 2.8782050436 4.36760434251 -0.270754259512 131 0.116722434052
7.09811777573 4.59567711382 4.74887399229 6.51294597195 -0.0718490424499 263 0.116270056585
6.64157132474 4.37335521021 4.55431852796 6.0016804411 -0.0827043323765 249 0.11582117211
9.83079049871 5.78954994845 5.82621388441 9.8133078289 -0.0328069731487 341 0.115375740328
1.96610714009 1.69808986737 1.7726984251 1.62481166506 -0.515137117424 67 0.114933721554
11.4297804594 6.58028476219 6.6095379265 11.4165924315 -0.0186868913551 397 0.114495076712
5.12198229449 3.31615668798 3.38326980803 5.12198229449 -0.190461459765 166 0.114059767318
8.37612792135 5.09382578487 5.16306181389 8.24890124319 -0.0531467635278 293 0.113627755473
7.73810380329 4.92774566313 5.06762200393 7.15823615556 -0.0570204263544 286 0.113199003849
7.37458903858 4.74659926028 4.89989008816 6.76962682605 -0.0643291962373 274 0.112773475679
13.9644497652 7.88860922132 7.91504235414 13.7795691857 -0.00726516283768 491 0.112351134746
10.7480202657 6.54083443229 6.66534286354 10.4104025395 -0.017950553275 401 0.111931945377
3.03797916063 2.35689515395 2.56416060132 2.70353524367 -0.348093114492 106 0.111515872426
6.01232925852 3.56785810136 3.568010455 6.01232925852 -0.167133935015 179 0.111102881268
7.47815683531 4.47311291979 4.52352605838 7.47815683531 -0.0843835653265 247 0.110692937791
4.10872078067 2.63452503829 2.64265962026 4.10872078067 -0.305459025928 119 0.110286008382
11.2299895821 6.75268253351 6.85955040719 10.7899289345 -0.0155944679946 415 0.109882059922
10.5814034789 6.39028740005 6.49591711975 9.98218746788 -0.0202514210788 389 0.109481059777
10.7131904689 6.47016637859 6.57706063206 10.2759604329 -0.0190663109429 395 0.109082975784
5.57514309761 3.34251111381 3.34199438315 5.57514309761 -0.190461459765 166 0.108687776248
6.23685386441 4.20892071157 4.48067659412 5.78616579266 -0.0860968935073 245 0.108295429933
11.3829645837 6.8170460333 6.92775909876 10.7308874659 -0.0146818820574 421 0.10790590605
4.4655838595 3.20321860702 3.4679482186 3.82362609564 -0.177522526759 173 0.107519174253
8.46977126046 4.79999707115 4.80411221717 8.46977126046 -0.0690179034997 267 0.107135204628
6.98200671188 4.58473959574 4.78983029204 6.25117793475 -0.0697150540401 266 0.106753967689
13.3855037204 7.79643474772 7.87383607741 12.8308240964 -0.00748755057737 488 0.106375434366
15.1708170851 8.67134017404 8.7335275816 14.6815635385 -0.00401533545928 550 0.105999576002
16.1135877207 9.16909379066 9.23419749052 15.5473178888 -0.00279633268874 586 0.105626364341
6.90018954036 4.46869205961 4.6018883413 6.40766929099 -0.0794454516906 253 0.105255771525
9.14653252555 5.41019256534 5.45707187384 9.14653252555 -0.0430344155342 314 0.104887770086
6.79403579827 4.19354847816 4.2675426555 6.79403579827 -0.101117044709 229 0.104522332938
10.4239710371 6.28639800891 6.38176888443 9.88703921498 -0.0219469385206 381 0.104159433373
6.75297073346 3.9386532712 3.96294014718 6.75297073346 -0.124877812259 208 0.103799045049
7.51431135947 4.49440562792 4.54138142887 7.51431135947 -0.0818772890527 250 0.10344114199
8.28473052038 5.24116089842 5.40479288563 7.59798641496 -0.0439081884851 312 0.103085698577
11.1987076919 6.71712141164 6.82734524561 10.5647278897 -0.0159110988619 413 0.102732689542
2.80465382088 2.2279898129 2.45711927649 2.46964052085 -0.373464280454 99 0.10238208996
8.30334841677 5.22533718546 5.35981168833 7.70893249442 -0.046171028277 307 0.102033875247
7.54666807019 4.80964304759 4.9385569704 7.01747562468 -0.0624185547798 277 0.101688021151
7.15070986727 4.63130212093 4.79054924237 6.54088991603 -0.0697150540401 266 0.10134450375
4.46695532258 3.15862435401 3.31047747051 4.1496638353 -0.202300027129 160 0.101003299441
11.4328266368 6.97625381292 7.13519055517 10.9287332963 -0.0126272753253 436 0.100664384941
5.93137177921 3.67693705337 3.73483166874 5.93137177921 -0.149641405604 190 0.100327737275
7.9946446717 5.11686483386 5.27632109587 7.5732141841 -0.0490408940713 301 0.0999933337777
10.8640302176 6.55938234429 6.67497178833 10.2094418199 -0.0177710477423 402 0.0996611520829
10.3451115732 6.31110574549 6.43692717059 9.92058391938 -0.0210821415746 385 0.0993311701212
3.55750916561 2.62311803585 2.76942515786 3.5250935934 -0.296386587399 122 0.0990033661144
9.5841412131 5.38061863098 5.32480752962 9.5841412131 -0.0344977038952 336 0.0986777185711
4.85534988643 2.97483615367 2.95129864423 4.85534988643 -0.247338685894 140 0.0983542062816
17.0601429129 9.64361416715 9.72406079019 17.0601429129 -0.00192792901604 623 0.0980328083132
9.13714571009 5.38801916899 5.45117740845 9.13714571009 -0.0430344155342 314 0.0977135040063
25.313996093 13.5803245813 13.5949978413 25.1104012861 -0.00011913515747 900 0.0973962729693
6.65242404924 4.39405212595 4.57284694759 6.29308158682 -0.0810585161622 251 0.0970810950748
6.61841944163 3.86795610256 3.88034755772 6.61841944163 -0.132639878109 202 0.0967679504548
6.99690678337 4.47527764544 4.57831244122 6.63248176403 -0.0810585161622 251 0.0964568194971
8.13007431833 5.21072505512 5.43234036447 7.30356891145 -0.0430344155342 314 0.0961476828408
4.93296629051 3.4025539911 3.54785496566 4.60207524921 -0.17052743089 177 0.0958405213724
10.3573884686 6.37708110243 6.52250250674 9.93047887667 -0.0198484177994 391 0.0955353162219
7.97455683909 4.67483001844 4.73218846405 7.97455683909 -0.0725747903534 262 0.0952320487588
7.31156458102 4.32516314108 4.40760999529 7.31156458102 -0.0887323325153 242 0.0949307005886
9.61394328001 5.85082280425 6.15936203307 9.61394328001 -0.025775721669 365 0.0946312535487
12.2589498676 7.23926283036 7.33168687544 11.6596959478 -0.0110806995611 449 0.094333689705
7.74045151054 4.42631161477 4.42714605686 7.74045151054 -0.0905339582852 240 0.0940379913485
5.91084275941 3.90985411191 4.02432817516 5.5699650241 -0.121168816357 211 0.0937441409912
5.13272960175 3.5054816644 3.63603135596 4.79822057334 -0.160548191111 183 0.0934521213632
7.08887791324 4.11103531352 4.10892246723 7.08887791324 -0.111807882424 219 0.093161915409
10.3970590595 6.22026531763 6.3422183433 10.3970590595 -0.0226187376475 378 0.0928735062844
3.53089146328 2.64294630699 2.8274165838 3.20345886714 -0.287583609367 125 0.0925868773532
8.72748964825 5.17960999169 5.24885331055 8.72748964825 -0.0500366228663 299 0.0923020121839
8.48609742466 5.01175407655 5.06307965649 8.48609742466 -0.0570204263544 286 0.0920188945463
11.0242404529 6.07603357137 6.07936247257 11.0242404529 -0.0273778705641 359 0.0917375084093
7.86021410471 4.90608961425 5.0663663018 7.86021410471 -0.0570204263544 286 0.0914578379367
4.96675826727 3.09260675801 3.13515857346 4.96675826727 -0.223688673979 150 0.0911798674853
3.58192256902 2.67798326395 2.85513762188 3.47992178179 -0.28186069554 127 0.0909035816011
8.62227295059 5.13531901134 5.20716433026 8.62227295059 -0.0515682515043 296 0.0906289650172
47.1074245175 24.2836009603 24.2900343409 47.1074245175 -5.18967048325e-08 1670 0.0903560026504
25.3662398281 13.2448802026 13.2466150902 25.3662398281 -0.000153165191507 875 0.0900846795988
5.31527778514 3.46297406076 3.55403367745 5.20672383628 -0.17052743089 177 0.0898149811389
6.44247363724 3.78221384917 3.77509948898 6.44247363724 -0.140884412904 196 0.0895468927228
44.4073336627 23.2083012388 23.2533127074 44.3592900666 -1.07005419093e-07 1598 0.0892803999762
4.31375852451 3.07925726419 3.24907647243 3.89867833441 -0.208492461735 157 0.089015488695
14.87358248 8.38391853168 8.44295301777 14.87358248 -0.00495887027835 529 0.0887521448435
4.60871666033 2.94152141459 2.99153766193 4.60871666033 -0.254909760696 137 0.0884903545514
6.38336989541 4.26440690091 4.45343848345 5.95025183792 -0.0887323325153 242 0.0882301041115
9.53436943825 5.45450294619 5.49857714929 9.53436943825 -0.0417562503584 317 0.0879713799777
3.46591530703 2.61134457351 2.80792546189 3.10556353992 -0.287583609367 125 0.0877141687621
5.71732697021 3.88017612175 4.0820264007 5.09337836822 -0.116394281529 215 0.0874584572328
23.0283042529 12.2110780808 12.233056062 23.0283042529 -0.000315810137859 803 0.0872042323121
5.2217557858 3.63029765423 3.87646632929 4.5321740729 -0.133979674858 201 0.0869514810736
11.6282144936 6.77127254019 6.8924043282 11.6282144936 -0.0151312967007 418 0.0867001907404
9.26529668154 5.28786051855 5.29611151777 9.26529668154 -0.0480649802793 303 0.0864503486831
35.1580831059 18.4622599401 18.4824789763 35.1580831059 -3.46440328342e-06 1252 0.0862019424171
32.9948887251 17.6590124173 17.6922941869 32.4218138195 -6.14359176343e-06 1195 0.0859549596012
17.7077074447 9.98889687604 10.0518919379 17.1141292929 -0.00154548687372 645 0.085709388035
78.552893087 41.3341188359 41.7026178578 77.6975137918 -1.3034502268e-13 2953 0.0854652156572
5.86479606054 3.99110648299 4.20282407183 5.39821283298 -0.106328183685 224 0.0852224305437
14.3954592301 8.3649755845 8.45617686457 13.8396709022 -0.00490928157557 530 0.0849810209053
10.45034393 6.36355073092 6.48459500593 9.8774169766 -0.0204559808877 388 0.0847409750862
5.68306819519 3.80857159285 3.94101326054 5.33055482738 -0.12870034109 205 0.0845022815616
5.4139309184 3.42281356818 3.50675885812 5.4139309184 -0.175747301491 174 0.0842649289366
9.71009133376 5.54340756512 5.59970568645 9.71009133376 -0.0385303584775 325 0.0840289059436
5.30700448828 3.65267998838 3.85419298664 4.72976497091 -0.136700004957 199 0.0837942014413
5.87000836171 3.94539776392 4.12162878126 5.30637097974 -0.112937254973 218 0.083560804412
7.88397128701 5.00048343115 5.13506574341 7.33315031563 -0.0542258581041 291 0.0833287039609
17.1885169494 9.71548938639 9.77615522452 16.6305393631 -0.00188956322862 625 0.0830978893136
9.09086143073 5.58966388774 5.76098581004 8.87352503811 -0.0311991050317 346 0.0828683498149
5.81687242441 3.90984936064 4.07941788975 5.27646012926 -0.116394281529 215 0.082640074927
7.70553655496 4.71678744361 4.78964714162 7.55171947648 -0.0697150540401 266 0.0824130542278
37.7873579911 20.0403499339 20.0673272587 37.2375643875 -1.10164235679e-06 1366 0.0821872774095
7.18248689967 4.62257348819 4.75789911851 6.65376446044 -0.0711305520254 264 0.0819627342768
3.37711354003 2.54419277774 2.72492878448 3.05779654228 -0.308544470635 118 0.0817394147458
2.96467629444 2.32600191449 2.5022003833 2.82833843571 -0.355160814705 104 0.0815173088419
8.25212015695 5.18121254781 5.30427012114 7.70275947734 -0.0480649802793 303 0.0812964066988
5.64419074916 3.50932211739 3.56293195516 5.64419074916 -0.162169890011 182 0.0810766985568
6.28146830804 4.24391009232 4.47217111488 5.86758896623 -0.0869665590982 244 0.0808581747615
7.58739089206 4.8374291024 4.97108240576 7.03481364221 -0.0611764255397 279 0.0806408257621
2.48617279182 2.05123890787 2.22314833426 2.34321855233 -0.417120879933 88 0.0804246421103
2769.51150829 1387.18453037 1388.48116048 2769.51150829 0.0 100001 0.0802096144591
5.83136243097 3.89984170231 4.04599428405 5.41127773848 -0.118757556912 213 0.0799957335609
6.91116616767 4.49662597492 4.65124601732 6.33310868428 -0.0770858423299 256 0.0797829902665
6.73227852844 4.44465993961 4.62291347366 6.23631700118 -0.0786509971736 254 0.0795713755238
5.68775843583 3.66926708581 3.72918628483 5.68115264523 -0.149641405604 190 0.0793608803767
10.5453639416 6.42358556241 6.56559323027 10.0846424625 -0.0190663109429 395 0.0791514959633
4.99911299716 3.48791667931 3.70715794171 4.40048696625 -0.152679732276 188 0.0789432135151
8.17706526615 5.13765218862 5.26781204454 7.67483548632 -0.0490408940713 301 0.0787360243557
5.86917927833 3.95575553202 4.13650084255 5.31622058819 -0.111807882424 219 0.0785299198995
6.81200306458 4.23226788429 4.27666182634 6.80138293217 -0.101117044709 229 0.0783248916506
5.38068224217 3.68898728868 3.88777118557 4.79400822779 -0.133979674858 201 0.0781209312015
7.49308179291 4.79108610218 4.92766299783 6.93909737973 -0.0630490452321 276 0.0779180302322
18.1081534964 10.2588630407 10.3312120406 17.5226702162 -0.00126406443598 665 0.0777161805088
8.82968945498 5.39754034484 5.47004064702 8.50735734758 -0.0426040713789 315 0.0775153738825
5.28937711385 3.6521601425 3.87244647561 4.653605311 -0.135333004907 200 0.0773156022885
12.4072776692 7.08044198357 7.10801387182 12.3867504161 -0.013013798144 433 0.0771168577451
11.1960973275 6.50495460409 6.53997371473 10.9774825724 -0.0196499336214 392 0.0769191323522
5.2806707514 3.64419096163 3.85820776937 4.66467837745 -0.136700004957 199 0.0767224182906
8.57926228696 5.3242572312 5.43620127384 8.1919219016 -0.0417562503584 317 0.076526707821
4.91246227659 3.44144421896 3.66554663472 4.31127855792 -0.157353282108 185 0.0763319932828
5.65395390201 3.83620741404 4.02666158462 5.06631871211 -0.121168816357 211 0.076138267093
5.66690430612 3.83255127777 4.0075380989 5.12489990142 -0.122392743795 210 0.0759455217457
4.66825842816 3.34117565521 3.63541136517 3.91846282159 -0.154221951794 187 0.0757537498106
6.36797768385 3.94351008456 3.99239689481 6.36797768385 -0.123629034136 209 0.0755629439323
51.2957086661 26.9020197957 26.9275989911 50.9494118332 -7.68823689875e-09 1860 0.0753730968293
6.08714359479 4.06867428502 4.24888547689 5.49285890184 -0.103170130302 227 0.0751842012932
6.57501337293 4.31491752733 4.4710041723 6.01949469095 -0.0878450091901 243 0.0749962501875
23.2359056936 12.7693891259 12.8177008447 22.64759484 -0.000209155382665 844 0.0748092364471
10.6489164578 6.42003978818 6.523712327 10.0474208987 -0.0198484177994 391 0.074623153077
6.9941385811 4.54667562187 4.7067775522 6.38619351035 -0.0740483525696 260 0.0744379931517
24.9148861233 13.5829555999 13.6224438396 24.3822756231 -0.000116764367837 902 0.0742537498144
4.23703537128 3.00955327881 3.14957180311 3.92778770644 -0.228230460135 148 0.0740704162757
13.2296142856 7.73296537039 7.81717280906 12.6305075085 -0.00779469256527 484 0.0738879858135
11.7410811524 6.95977453429 7.05084755493 11.2181224478 -0.0134121524849 430 0.0737064517714
7.70077204979 4.40813996377 4.41282526955 7.70077204979 -0.0905339582852 240 0.0735258075585
11.6425015948 6.79718971004 6.88676920858 11.6425015948 -0.0152841380815 417 0.0733460466481
5.45154690476 3.53693414664 3.61989413555 5.45008185316 -0.162169890011 182 0.0731671625774
7.28265850857 5.05675851221 5.66364581107 6.04360553752 -0.0370121086173 329 0.0729891489465
4.8363656813 3.03853637079 3.07253610697 4.8363656813 -0.239992479584 143 0.0728119994175
12.5193465118 7.13784158305 7.19251341711 12.5193465118 -0.0122522326209 439 0.0726357077139
18.7390759676 10.2246597554 10.2581221392 18.7390759676 -0.00132920889773 660 0.0724602676199
3.87420195649 2.70427720802 2.8119602477 3.87420195649 -0.287583609367 125 0.0722856729796
3.18801234485 2.45091397239 2.63129975209 3.11892994609 -0.327722757438 112 0.0721119176963
2.95727006631 2.239246944 2.35616892825 2.95727006631 -0.381047118105 97 0.0719389957316
5.91365642024 4.02627776283 4.30322541481 5.02504417755 -0.0991048155189 231 0.0717669011052
4.3720902526 3.08087972656 3.21925754668 4.05704685453 -0.217044896673 153 0.0715956278937
8.08800126306 4.82204774636 4.90011866346 8.08800126306 -0.0636859042749 275 0.07142517023
6.2356543122 4.07759608559 4.30377508816 6.2356543122 -0.0951996903592 235 0.071255522303
2.68006563705 2.14905669152 2.35309636548 2.35309636548 -0.396677806422 93 0.0710866783565
7.74827740261 4.67946105537 4.76186148208 7.74827740261 -0.0711305520254 264 0.0709186326888
8.22513513286 5.25298457034 5.44277285323 7.71711169069 -0.0434691066002 313 0.0707513796519
8.53788321177 5.43393590275 5.65093856727 7.93606719994 -0.0373859683003 328 0.0705849136511
7.45201404542 4.4229436183 4.46128184114 7.45201404542 -0.0878450091901 243 0.0704192291442
11.1278237184 6.28884129457 6.36482153363 11.1278237184 -0.0221686247683 380 0.0702543206407
4.86946017297 3.07717206024 3.11531460079 4.86946017297 -0.228230460135 148 0.0700901827017
8.84795670433 5.13873128459 5.17442289093 8.84795670433 -0.0526152958925 294 0.0699268099389
13.3630075488 7.49305791758 7.52905777037 13.3630075488 -0.00953004823283 464 0.0697641970141
3.93897810166 2.73121860501 2.78186514238 3.87732822204 -0.284707773273 126 0.0696023386386
8.30917568533 4.9764996212 5.05203941149 8.30917568533 -0.0575963902569 285 0.0694412295727
8.37685296884 5.22884171702 5.34495595572 7.83316651793 -0.0466374023 306 0.0692808646252
9.5379671518 5.56557742311 5.62359779368 9.5379671518 -0.0381450548927 326 0.0691212386526
10.7456781032 6.37478140164 6.48469718693 10.7456781032 -0.0204559808877 388 0.0689623465588
10.1252481327 5.84956386364 5.8999577264 10.1252481327 -0.0311991050317 346 0.0688041832943
8.91936093716 5.60641957967 5.77459716631 8.47092424136 -0.0341527268562 337 0.0686467438561
10.2126398004 6.2616209406 6.38600699424 9.87005261603 -0.0219469385206 381 0.0684900232866
9.858564862 6.11237782699 6.26163014819 9.4981702573 -0.024024656985 372 0.0683340166735
9.17258129766 6.06867016221 6.53225785669 8.30688881033 -0.0186868913551 397 0.0681787191491
7.34699312112 4.76362600986 4.99725558125 7.34699312112 -0.0599590146715 281 0.06802412589
6.2339775053 4.02937415283 4.10901580681 6.16536733194 -0.114078035327 217 0.0678702321162
8.62951618429 5.42545570663 5.59207066202 8.16706032641 -0.0389195540176 324 0.0677170330911
5.38293899617 3.32764825548 3.33455879832 5.38293899617 -0.190461459765 166 0.0675645241205
20.3479830258 11.0994304622 11.1360975924 20.3479830258 -0.00070568437155 723 0.0674127005528
8.65288935758 5.00816648725 5.03602220925 8.65288935758 -0.0581781719767 284 0.0672615577777
9.83173086311 5.66996935565 5.87207782873 9.83173086311 -0.0311991050317 346 0.0671110912263
9.55648411568 5.90342843918 6.02299963543 9.24823858124 -0.0285009205526 355 0.0669612963707
59.954468076 31.219922905 31.2335038952 59.6556917854 -3.21031944759e-10 2176 0.066812168723
159.313847837 80.9859430969 81.0662302356 158.699473281 -7.29601448081e-26 5760 0.0666637038354
10.5593205567 6.49043871928 6.63687807122 10.2501504435 -0.0183150222172 399 0.0665158972995
4.31992399861 2.78907856052 2.81949327608 4.31992399861 -0.279042088585 128 0.0663687447458
9.10003349119 5.62106565079 5.74444078859 8.4955139327 -0.0348461655507 335 0.0662222418436
5.50383684342 3.33318911191 3.34266505705 5.50383684342 -0.192385312894 165 0.0660763843003
6.28402114866 4.18899659324 4.38457148907 5.61704399543 -0.0933052165211 237 0.0659311678608
2.63337978815 2.11303866355 2.30149478961 2.28068924133 -0.404731972678 91 0.0657865883075
6.70888057743 4.02933023403 4.06762977516 6.70888057743 -0.116394281529 215 0.0656426414599
6.84138240585 4.43950103342 4.57820942471 6.32282569981 -0.0810585161622 251 0.0654993231737
8.71202063018 5.47854787692 5.63673009316 8.16101321198 -0.0377636043438 327 0.0653566293408
