DEBUT ITERATION : 0
2.13320896823 1.82357099619 1.93089105802 1.84760110105 -0.475340042006 75 0.49983338887
3.02506783014 2.32499175185 2.4870425304 2.74036894971 -0.366032341273 101 0.491642084562
4.39724048083 2.93536656607 2.99221582111 4.35754262699 -0.254909760696 137 0.483714930668
6.55360802538 4.07727674104 4.13632826324 6.53462462852 -0.108487076508 222 0.476039352586
5.70990671068 3.60739484894 3.64870368997 5.70820287902 -0.157353282108 185 0.468603561387
3.33929360045 2.48521537385 2.60553606363 3.22697777076 -0.33437685689 110 0.461396493387
4.51256713821 2.9319726492 2.99127826828 4.51256713821 -0.254909760696 137 0.454407755226
6.88384463067 4.01847965131 4.02539032196 6.88384463067 -0.121168816357 211 0.447627573859
10.7893231194 6.17912842846 6.27480364883 10.7893231194 -0.0237844104151 373 0.441046750956
5.49376168325 4.1885286192 4.63853346949 4.07232942691 -0.0377636043438 327 0.434656621269
8.13763518577 4.74202122358 4.78616455968 8.13763518577 -0.0669680027479 270 0.428449014567
20.896591517 11.6774904064 11.7417592543 20.8144307566 -0.000444456693373 769 0.422416220783
7.67480858067 4.7111115111 4.78315094793 7.6131994208 -0.0669680027479 270 0.416550958067
4.60092553787 3.39789442421 3.79488594474 3.81468944377 -0.132639878109 202 0.410846343468
5.26881092375 3.19295036008 3.2022301948 5.26881092375 -0.217044896673 153 0.405295865982
6.33483903223 4.43352976162 4.82727534759 6.33483903223 -0.0389195540176 324 0.39989336177
7.17128193145 4.42424373197 4.97012793016 -0.209006386819 -0.000600860442096 739 0.394632991318
7.92728714656 5.77044978959 6.68713586243 6.36298108811 -0.012501002572 437 0.389509218385
11.2015914315 6.57944182998 6.82058208541 11.2015914315 -0.0159110988619 413 0.384516790567
10.1306343183 5.93200571524 6.05020364634 9.99363654125 -0.0273778705641 359 0.379650721336
17.6088648504 9.95582936272 10.1517640115 17.4715860048 -0.00142608981303 653 0.374906273432
13.2855216918 7.4498383817 7.54611667238 13.2855216918 -0.0094347477505 465 0.370278943471
15.1552581265 8.96401903468 9.81830465567 14.9760878744 -0.00183344131117 628 0.365764447696
14.8358202229 8.65668519697 9.2865574792 14.8358202229 -0.00268614602344 590 0.361358708745
16.1341201144 10.6487960448 11.6564071786 14.0727605334 -4.0644872462e-05 1007 0.357057843371
8.72123892902 5.45517168526 5.92461228429 8.41149193957 -0.0255179644523 366 0.352858151023
8.43760064632 5.60546680107 5.77933081819 7.51680345465 -1.971241239e-05 1079 0.348756103232
15.4166083493 1.15621885736 0.864513452419 1.64124209625 -7.89430214869e-15 3232 0.344748333716
17.0297753347 9.46224164743 9.681366182 -2.66895743812 -2.35092774914e-10 2207 0.340831629175
18.0234126028 -1.96056643806 -1.44080764864 18.0234126028 -9.93680550184e-33 7333 0.337002920692
28.8189177478 14.3976032811 14.55817305 4.642677678 -2.66352809141e-33 7464 0.333259275717
14.7108705391 10.4297475091 11.3406928113 8.24651564225 -6.59137449668e-06 1188 0.329597890574
28.5492987276 16.422470369 16.4358099681 7.63703719825 -2.42802315489e-12 2662 0.32601608346
8.18341437839 4.65490310436 4.92742922872 7.23590672772 -7.68010564362e-08 1631 0.322511287895
21.6975615517 13.6318457349 14.2861641096 6.98233989463 -4.24466749209e-08 1690 0.319081046586
7.65352244766 4.99052380011 5.24762965051 6.84457407062 -0.0485504851306 302 0.315723005683
24.7061114647 13.8716897374 15.5821287493 -2.43245917298 -3.35263411422e-13 2859 0.312434909394
6.6563282135 4.9955104347 5.54399568229 5.00345025519 -0.0188756478335 396 0.309214594929
12.2353949394 6.4882504448 8.00539249214 -7.11017581882 -3.63717473652e-14 3080 0.306059987758
47.5619425283 26.3922349774 29.6826703019 -10.4942816518 -4.20224097357e-27 6044 0.302969097152
17.6142548827 9.37833297429 9.38742250593 17.6142548827 -0.00200701335001 619 0.299940011998
35.474971512 7.23809901091 9.19474959097 -25.1753974004 -2.58033828264e-60 13653 0.296970896852
345.527858166 156.951451835 160.657790673 345.527858166 0.0 100001 0.294059988238
312.952499683 140.499997367 140.889561514 127.20167189 0.0 100001 0.291205591147
38.8113078338 8.47503255375 12.5718712542 -40.1704779458 -3.21883117081e-22 4925 0.288406075755
24.603495624 -1.92520957408 -5.09044848185 -2.85466097416 -2.89723119783e-27 6081 0.28565987431
74.2168590027 3.79115077515 8.44946802998 64.6364453265 -3.43707501809e-65 14770 0.282965478212
17.1279462659 -94.3217145135 -106.944883839 -166.473127118 -5.19822611527e-247 56426 0.280321435246
