DEBUT ITERATION : 0
2.18152790382 1.85092016679 1.96917372412 1.89324050548 -0.470586641586 76 0.49983338887
2.04436955874 1.75044516318 1.83956334991 1.71407113281 -0.504885888787 69 0.491642084562
2.84009573924 2.24210783363 2.45155250014 2.51126986566 -0.373464280454 99 0.483714930668
2.89589839966 2.24375594968 2.36583733427 2.7073764598 -0.381047118105 97 0.476039352586
2.21303404571 1.86109679411 1.97647671036 1.8973840004 -0.470586641586 76 0.468603561387
3.57147626898 2.62015950694 2.74722495838 3.33099917549 -0.305459025928 119 0.461396493387
3.55563573006 2.64609490864 2.83003423617 3.19630124477 -0.287583609367 125 0.454407755226
3.36508740324 2.48986047891 2.60031413476 3.1564339762 -0.33437685689 110 0.447627573859
2.19169155366 1.84277118584 1.94808737382 1.84942700537 -0.475340042006 75 0.441046750956
2.36262924625 1.96382962492 2.10867406693 2.06073771178 -0.43861750181 83 0.434656621269
3.12440540842 2.38712297729 2.55776310996 2.81706086464 -0.348093114492 106 0.428449014567
3.35093634253 2.51548489049 2.68052266847 3.03227191635 -0.317989063819 115 0.422416220783
2.56699307458 2.08136670027 2.2572053082 2.21041082324 -0.408820174423 90 0.416550958067
2.50257208768 2.02898835889 2.20093476626 2.18911655294 -0.434231326792 84 0.410846343468
2.87057572651 2.24457876759 2.40313857969 2.64867386417 -0.384896078893 96 0.405295865982
3.36476072509 2.51879779253 2.66816394766 3.11691757434 -0.321201074565 114 0.39989336177
2.58243129474 2.07611175213 2.26427571421 2.27743320666 -0.421334222155 87 0.394632991318
2.59420228027 2.08839341166 2.28100788774 2.29024112597 -0.417120879933 88 0.389509218385
2.75876611189 2.19184497796 2.40543428315 2.42034424789 -0.384896078893 96 0.384516790567
3.00195729255 2.33513504998 2.54644558407 2.65211687919 -0.351609206558 105 0.379650721336
5.6702861086 3.75608092476 3.85316765693 5.39333441626 -0.136700004957 199 0.374906273432
3.12574530603 2.38173290558 2.53642758319 2.87373133448 -0.351609206558 105 0.370278943471
2.21003228278 1.85532889642 1.96542122982 1.87889720917 -0.470586641586 76 0.365764447696
2.250009088 1.88096910574 2.00167936192 1.92920615598 -0.46588077517 77 0.361358708745
2.24843976572 1.87988050224 2.00126486384 1.92600139902 -0.46588077517 77 0.357057843371
2.22908661592 1.86698490107 1.9829875458 1.9097906847 -0.470586641586 76 0.352858151023
2.22952409108 1.86727272449 1.98346161478 1.91077662453 -0.470586641586 76 0.348756103232
2.24810105027 1.87930299455 2.00186194005 1.92291985921 -0.46588077517 77 0.344748333716
2.24700710293 1.87816535383 1.99896931036 1.91831178959 -0.46588077517 77 0.340831629175
2.22923246846 1.86706732296 1.98310941726 1.91004444734 -0.470586641586 76 0.337002920692
2.22969365839 1.86776416817 1.9761666649 1.89037992501 -0.46588077517 77 0.333259275717
2.22991246382 1.86745203193 1.98370296062 1.91124660474 -0.470586641586 76 0.329597890574
2.24344382143 1.87644883913 1.99608147741 1.91517549921 -0.46588077517 77 0.32601608346
2.23199327537 1.8690034706 1.97635316563 1.89400449792 -0.46588077517 77 0.322511287895
2.24453754252 1.87711508643 1.99800765928 1.91716550634 -0.46588077517 77 0.319081046586
2.23048421594 1.86780564103 1.98429761426 1.9125322822 -0.470586641586 76 0.315723005683
2.249975089 1.88034260059 2.00206324627 1.92595609912 -0.46588077517 77 0.312434909394
2.24871162001 1.87966012797 2.00170279076 1.92426648423 -0.46588077517 77 0.309214594929
2.24815069196 1.87933942053 2.00168709412 1.9232518303 -0.46588077517 77 0.306059987758
2.24954813482 1.88017030318 2.00188613615 1.92571627586 -0.46588077517 77 0.302969097152
2.22985577702 1.86738699722 1.98356063427 1.91080415452 -0.470586641586 76 0.299940011998
2.23240853653 1.86926473931 1.97650645159 1.8945608729 -0.46588077517 77 0.296970896852
2.24793916202 1.87921762749 2.00173512464 1.9228081501 -0.46588077517 77 0.294059988238
2.23253574992 1.86980073202 1.97874751218 1.89714573936 -0.46588077517 77 0.291205591147
2.24771290802 1.8790789448 2.00163568689 1.92246986409 -0.46588077517 77 0.288406075755
2.22855167416 1.86666922724 1.9825173909 1.9089818059 -0.470586641586 76 0.28565987431
2.22989841291 1.86749075999 1.98379695534 1.91142356621 -0.470586641586 76 0.282965478212
2.23078167096 1.86844994198 1.97624154533 1.89252604242 -0.46588077517 77 0.280321435246
2.20807090039 1.85375479702 1.96265090815 1.87283833649 -0.470586641586 76 0.277726346973
2.23089316146 1.86843745828 1.97619461648 1.89239555905 -0.46588077517 77 0.275178866263
2.24996690383 1.88037981971 2.00193224168 1.92629177449 -0.46588077517 77 0.272677694965
2.24806507722 1.87929727959 2.00170341514 1.92311637599 -0.46588077517 77 0.270221581697
2.25215951048 1.88272981897 1.99826240373 1.91230191341 -0.461221967418 78 0.267809319764
2.23026079622 1.86766518462 1.98404268284 1.91190762155 -0.470586641586 76 0.265439745178
2.2310322395 1.86846735595 1.97623449892 1.89236801641 -0.46588077517 77 0.263111734783
2.25022228845 1.88054760216 2.00200896346 1.92676191308 -0.46588077517 77 0.260824204486
2.25028096264 1.88052372687 2.00207782019 1.92653539209 -0.46588077517 77 0.258576107568
2.22457246755 1.86423585925 1.97879993289 1.90199204637 -0.470586641586 76 0.256366433088
2.25066866521 1.88087893062 2.00176079284 1.92819897332 -0.46588077517 77 0.254194204372
2.23156647902 1.86927336186 1.97738174854 1.89572685413 -0.46588077517 77 0.252058477567
2.22848403459 1.86666578052 1.98253516511 1.90903296525 -0.470586641586 76 0.249958340277
2.24305167451 1.87616308266 1.99491700161 1.91399350615 -0.46588077517 77 0.247892910263
2.24858167932 1.87958762825 2.00177239889 1.92395581278 -0.46588077517 77 0.245861334208
2.23153421358 1.8688715178 1.9763275571 1.89373913123 -0.46588077517 77 0.243862786539
2.23210519356 1.86910520102 1.97651762509 1.89405843135 -0.46588077517 77 0.241896468312
2.2477597405 1.87910329246 2.00153807136 1.92266159199 -0.46588077517 77 0.239961606143
2.249355803 1.88005624189 2.00190791449 1.92532419672 -0.46588077517 77 0.238057451198
2.25225151285 1.88226599246 2.00203679318 1.93294528084 -0.46588077517 77 0.236183278224
2.24952348965 1.88012957719 2.00194564693 1.92546585539 -0.46588077517 77 0.234338384627
2.24861943876 1.87961503351 2.00183662414 1.92396996763 -0.46588077517 77 0.232522089599
2.2306433316 1.86789139072 1.98442598054 1.91276222398 -0.470586641586 76 0.230733733272
2.23235572234 1.86926097727 1.97648607932 1.89461292884 -0.46588077517 77 0.228972675927
2.24893204258 1.8798182003 2.00171440189 1.92479343907 -0.46588077517 77 0.227238297228
2.26526126235 1.89046243511 2.00990381636 1.93280674643 -0.461221967418 78 0.225529995489
2.2480056174 1.87915564105 2.00144766941 1.92282304988 -0.46588077517 77 0.223847186987
2.23098134711 1.86811690914 1.98477188 1.91329887997 -0.470586641586 76 0.222189305288
2.23013313074 1.86763492199 1.98403793186 1.91192774813 -0.470586641586 76 0.220555800618
2.24933962609 1.88001690938 2.00176356541 1.92532478021 -0.46588077517 77 0.21894613925
2.22927573855 1.86709480328 1.98315504343 1.91014295538 -0.470586641586 76 0.217359802927
2.23299592765 1.86965635225 1.97739053614 1.89581200499 -0.46588077517 77 0.215796288304
2.24676645153 1.87848563811 2.00121920896 1.92100536391 -0.46588077517 77 0.214255106413
2.24634570189 1.87818114452 2.00003890691 1.91934807913 -0.46588077517 77 0.212735782159
2.24462720341 1.87678081845 1.99550330425 1.91468661359 -0.46588077517 77 0.211237853823
2.23143120361 1.8688432153 1.97642029004 1.89357864444 -0.46588077517 77 0.209760872605
2.2306702351 1.8682977228 1.97618854075 1.89193803629 -0.46588077517 77 0.208304402166
2.23017193511 1.86764230274 1.98405595838 1.91206076417 -0.470586641586 76 0.206868018204
2.24554442126 1.87769064673 1.99908631787 1.91832456563 -0.46588077517 77 0.20545130804
2.23143570502 1.86917612897 1.97696084969 1.89530129333 -0.46588077517 77 0.204053870222
2.25000489167 1.88036778089 2.00198785382 1.92613459279 -0.46588077517 77 0.202675314147
2.2322932856 1.8696855088 1.97854859769 1.89693125908 -0.46588077517 77 0.201315259697
2.23073021467 1.86828954172 1.97620703404 1.89194469385 -0.46588077517 77 0.199973336888
2.25216778976 1.88232104336 2.00210051174 1.93335414207 -0.46588077517 77 0.198649185538
2.22943499693 1.86720736173 1.98336277282 1.91066457506 -0.470586641586 76 0.19734245494
2.22987953036 1.86781637404 1.9761770914 1.89051552751 -0.46588077517 77 0.196052803555
2.22928392197 1.86711601798 1.98320588031 1.91030811143 -0.470586641586 76 0.194779898714
2.22987688038 1.86746105036 1.9837417353 1.91131023286 -0.470586641586 76 0.193523416333
2.24400315357 1.87677678505 1.99704525898 1.91617017992 -0.46588077517 77 0.192283040636
2.23067144675 1.86827926852 1.9762148574 1.8918276977 -0.46588077517 77 0.19105846389
2.23017710664 1.8676244527 1.98399626479 1.9118639992 -0.470586641586 76 0.189849386154
2.24459207488 1.87714163503 1.99755223465 1.91673658244 -0.46588077517 77 0.18865551503
2.24828690891 1.87939287202 2.00164073916 1.92344045566 -0.46588077517 77 0.187476565429
2.23049930305 1.86816216327 1.97622139561 1.89142470263 -0.46588077517 77 0.186312259347
2.24918225269 1.87995661796 2.00183320776 1.92509012465 -0.46588077517 77 0.185162325639
2.2284874617 1.86662843209 1.98244831178 1.90878132654 -0.470586641586 76 0.184026499816
2.23170349236 1.8693443396 1.97755596245 1.89590855457 -0.46588077517 77 0.182904523839
2.22853358611 1.86664397794 1.98245502801 1.90872460834 -0.470586641586 76 0.181796145922
2.24838315265 1.87947758978 2.00166561115 1.92373238374 -0.46588077517 77 0.180701120347
2.25001679069 1.88035612947 2.00203236891 1.92602483736 -0.46588077517 77 0.179619207281
2.25075284395 1.88079363024 2.00213903341 1.9273221499 -0.46588077517 77 0.178550172598
2.24986209791 1.88090036241 2.00136083552 1.92932043054 -0.46588077517 77 0.177493787717
2.23078579121 1.86895820145 1.97667453918 1.89499533302 -0.46588077517 77 0.176449829432
2.2327509687 1.86942709402 1.97676978574 1.89517143536 -0.46588077517 77 0.175418079757
2.23161214864 1.8687842928 1.97629943813 1.89337769021 -0.46588077517 77 0.174398325776
2.22831576511 1.86655830725 1.98237943574 1.90876796443 -0.470586641586 76 0.173390359496
2.23786251177 1.87313106433 1.98747510333 1.90621286434 -0.46588077517 77 0.172393977704
2.26604063016 1.89094887067 2.01068943637 1.93439568537 -0.461221967418 78 0.171408981831
2.24437250424 1.87695764777 1.99687681345 1.91604753684 -0.46588077517 77 0.170435177821
2.24472157369 1.87718169665 1.99801064598 1.91718063947 -0.46588077517 77 0.169472376003
2.26417153386 1.88986655679 2.00901716179 1.93111813279 -0.461221967418 78 0.168520390967
2.23042637781 1.8681056842 1.97606535093 1.89153897686 -0.46588077517 77 0.167579041448
2.24473448196 1.87725822291 1.9979799988 1.91717613285 -0.46588077517 77 0.166648150206
2.24631636083 1.87810414035 2.00019836719 1.91947894805 -0.46588077517 77 0.165727543918
2.24867570491 1.87963265446 2.00182355436 1.92401524121 -0.46588077517 77 0.164817053071
2.23215951078 1.86968338097 1.97849571855 1.89687649522 -0.46588077517 77 0.163916511857
2.24928056524 1.87989859955 2.0021985666 1.92432298921 -0.46588077517 77 0.16302575807
2.23046233652 1.86813441773 1.97618130551 1.89149372274 -0.46588077517 77 0.162144633013
2.22823557237 1.86650762098 1.98229988408 1.90860475749 -0.470586641586 76 0.1612729814
2.24881972901 1.87972662419 2.00177207275 1.92438664487 -0.46588077517 77 0.160410651267
2.24640324924 1.87820382547 2.00057810655 1.91986575315 -0.46588077517 77 0.159557493884
2.24902910056 1.87981201459 2.00193602826 1.92443263132 -0.46588077517 77 0.158713363665
2.22845925333 1.86664135436 1.98249363589 1.90897860678 -0.470586641586 76 0.157878118093
2.24843339126 1.87943281525 2.00198946017 1.92311531909 -0.46588077517 77 0.157051617632
2.24845253756 1.87952377356 2.00188733402 1.92361601414 -0.46588077517 77 0.156233725654
2.23106097568 1.86808103617 1.98463654635 1.91292636712 -0.470586641586 76 0.155424308362
2.23194910141 1.86957198025 1.97807613802 1.89644976835 -0.46588077517 77 0.154623234718
2.23160794476 1.8684430659 1.9852631231 1.91430249764 -0.470586641586 76 0.153830376372
