DEBUT ITERATION : 0
2.92756474639 2.25336181703 2.38322192971 2.68633208906 -1765.14965567 96 0.49983338887
3.0051561979 2.33419283375 2.54034281593 2.66117677842 -1634.77557231 105 0.491642084562
3.2120387594 2.41182924359 2.53229112786 3.00041975626 -1513.85713791 106 0.483714930668
1.88129415701 1.64557533604 1.70880979412 1.55358237727 -2652.66373566 64 0.476039352586
5.40373691302 3.73995206629 3.9853222435 4.70805703464 -220.743917258 209 0.468603561387
2.26219490945 1.89497512982 2.01817693765 1.93705426468 -2309.67091633 78 0.461396493387
2.3620487723 1.96767855073 2.12476629834 2.08227047998 -2309.85327176 83 0.454407755226
5.19427765307 3.46393482263 3.5404242587 4.98103755771 -98.9182162835 176 0.447627573859
5.63951076005 3.63350230602 3.67940839231 5.50754621555 50.5885189154 186 0.441046750956
2.18806251542 1.84486171153 1.96213432196 1.8999623541 -2400.84807667 74 0.434656621269
2.93823755138 2.24814408875 2.35026715711 2.79078813225 -1811.45510957 97 0.428449014567
2.37626132444 1.96917916885 2.1146884317 2.06252224674 -2240.93560249 83 0.422416220783
4.57535812771 3.11644631788 3.19296338673 4.37543920241 -594.899464945 152 0.416550958067
3.04764307853 2.36827275697 2.59564404307 2.67416956242 -1285.88165148 109 0.410846343468
2.49956280091 2.04570519649 2.2273641816 2.20685390043 -2094.26735868 87 0.405295865982
2.48221967557 2.03396463333 2.20940633169 2.19774430607 -2125.61278143 86 0.39989336177
4.71340497891 3.37871733532 3.66233338617 4.15826431719 -613.506360497 189 0.394632991318
4.29934516727 2.91730210787 2.99424012235 4.25322653958 -706.479028111 137 0.389509218385
3.6159060993 2.64030419935 2.76014586953 3.40597331991 -1042.57449037 120 0.384516790567
3.59766945104 2.63426231615 2.75984448453 3.37354871872 -1080.68032021 120 0.379650721336
3.69564147929 2.68388556835 2.80224635276 3.48369700806 -991.396866432 123 0.374906273432
3.58634129651 2.62492468148 2.74616305578 3.37511206557 -1069.03020004 119 0.370278943471
3.66236476672 2.6672903618 2.78797326212 3.44781148415 -1018.51835026 122 0.365764447696
3.60683731586 2.63748059016 2.7598818023 3.39218740933 -1061.82510312 120 0.361358708745
3.69334361857 2.683091744 2.80202825037 3.48085689739 -991.666629642 123 0.357057843371
3.61359245653 2.63961957938 2.76013344304 3.40280157162 -1045.69127187 120 0.352858151023
3.6905769937 2.68240559351 2.80187999621 3.48234327272 -1008.18622457 123 0.348756103232
3.67013339856 2.6695986081 2.788071105 3.45971746033 -1005.95996112 122 0.344748333716
3.65128866169 2.66355311401 2.78800467543 3.42525604841 -1047.53320596 122 0.340831629175
3.64015863817 2.65408376442 2.77406025289 3.42857477124 -1029.03841529 121 0.337002920692
3.64981346752 2.66292466962 2.78771598422 3.42309964769 -1052.45219424 122 0.333259275717
3.70289398635 2.69197335713 2.81572135878 3.47508392111 -1014.17401399 124 0.329597890574
3.74014738682 2.71033405079 2.82984988825 3.52843694569 -978.748753687 125 0.32601608346
3.67465700484 2.67106450586 2.78830818957 3.46735183466 -992.731178114 122 0.322511287895
3.69611529273 2.68408140535 2.80231849068 3.48420337528 -990.446171788 123 0.319081046586
3.69504455122 2.68392607737 2.80224900127 3.48842486374 -999.935787785 123 0.315723005683
3.63148164362 2.65160155319 2.77382772861 3.42056472073 -1055.20953456 121 0.312434909394
3.6304540265 2.65083278106 2.7741042132 3.40906035833 -1052.67433004 121 0.309214594929
3.67273113308 2.6704387621 2.78821404721 3.46367403126 -999.052908581 122 0.306059987758
3.71432605347 2.69561232891 2.81604606834 3.49420362946 -989.360876722 124 0.302969097152
3.62649210241 2.64951220333 2.77395139426 3.40248429464 -1061.82769178 121 0.299940011998
3.73213688244 2.70738007752 2.82995949028 3.50500776423 -991.803532952 125 0.296970896852
3.6838880004 2.67986736421 2.80194150089 3.4620502839 -1014.94449589 123 0.294059988238
3.67893058866 2.67831844279 2.80189417608 3.45327585248 -1026.28323032 123 0.291205591147
3.70966930518 2.69424242596 2.81618577219 3.48526614805 -1002.22007053 124 0.288406075755
3.65362382745 2.6642378015 2.78798516111 3.42921681017 -1042.62193856 122 0.28565987431
3.68514163227 2.68026732957 2.80199754582 3.46347995888 -1015.65403441 123 0.282965478212
3.61214018869 2.63920537169 2.76014734592 3.39963595518 -1054.11497197 120 0.280321435246
3.70958055031 2.69457701127 2.81564677909 3.49644849261 -1003.70321793 124 0.277726346973
3.6527306954 2.66447436172 2.78768632085 3.43856482691 -1045.30490649 122 0.275178866263
3.64349095144 2.6551763243 2.77423432653 3.43367196369 -1021.95156829 121 0.272677694965
3.70613153554 2.69292914674 2.81574708178 3.48013788103 -1010.50602022 124 0.270221581697
3.65139456468 2.6634615726 2.78782822519 3.4260133601 -1046.87642512 122 0.267809319764
3.72498898319 2.69914267879 2.8162272445 3.51447462324 -965.854241354 124 0.265439745178
3.71343152263 2.69531171261 2.81603087646 3.49209592578 -994.173116954 124 0.263111734783
3.69045529045 2.68230432669 2.80212184171 3.47577755586 -1000.65531751 123 0.260824204486
3.64968776927 2.66299469327 2.78786774265 3.42293201485 -1050.2682304 122 0.258576107568
