DEBUT ITERATION : 0
3.61495256889 2.53893192154 2.59376513419 3.56144919378 -56.9787090884 113 0.49983338887
1.94991049717 1.68592128668 1.74759165795 1.59624080991 -41.1126049548 67 0.491642084562
5.69243183462 3.51626429482 3.55184828259 5.69243183462 -68.6078256197 178 0.483714930668
2.44969471375 2.00525576987 2.16837212364 2.13023351912 -46.8517332389 83 0.476039352586
2.41361099157 1.9930122637 2.14718641027 2.12115223112 -47.9696377646 85 0.468603561387
3.50123215472 2.4442259998 2.49456836828 3.50050046296 -55.3865184343 107 0.461396493387
4.24340963268 3.00239789833 3.12766769509 3.96776635084 -63.0812795046 147 0.454407755226
3.10416976676 2.35056199178 2.46871300522 2.88733743822 -53.8723823656 103 0.447627573859
2.03586515604 1.74435467615 1.82667802611 1.69842357619 -41.7665991454 69 0.441046750956
3.55941552014 2.67496000328 2.89441508124 3.13498422735 -60.2677004696 132 0.434656621269
5.14936374432 3.12466323297 3.09833561495 5.14936374432 -65.3702362367 150 0.428449014567
2.09965347701 1.78305471355 1.87785805662 1.76647927675 -42.6731871868 71 0.422416220783
6.53187667454 4.06750497745 4.10996475228 6.52725507189 -72.1928962206 217 0.416550958067
2.49785870095 2.03261275579 2.19358464663 2.14751227042 -47.9888814957 86 0.410846343468
2.52245067213 2.02980189552 2.161756227 2.29450054859 -48.3502110557 85 0.405295865982
3.04987798807 2.29343730273 2.37726095964 2.86768711665 -52.5713805891 98 0.39989336177
7.10629340781 4.21904805113 4.24681830831 7.10629340781 -73.2357824674 227 0.394632991318
4.3256658276 2.84548378343 2.84886969933 4.29454162781 -61.801350799 131 0.389509218385
3.18226153356 2.32137193722 2.37004824609 3.12627069005 -53.2556210628 99 0.384516790567
3.75915532974 2.49905551438 2.52162788223 3.75915532974 -56.4293202992 110 0.379650721336
3.42904085786 2.66568436046 2.94460267282 2.88470532413 -63.8966496955 144 0.374906273432
3.47473358623 2.65143619104 2.90703086996 2.85691191267 -63.4092187358 141 0.370278943471
2.53534102261 2.04880532305 2.22682543223 2.24123127211 -48.3984710056 86 0.365764447696
2.32653010964 1.95393493771 2.12303907498 2.16470877863 -47.1152713934 82 0.361358708745
6.03842622181 4.05442751109 4.25324176598 5.37374067017 -73.3346410696 228 0.357057843371
8.22230823885 4.96142391746 4.99828252465 8.09015348582 -76.1297538163 281 0.352858151023
3.28037176466 2.25739536111 2.27145806098 3.28037176466 -52.2509985593 95 0.348756103232
3.99239462499 2.98410125186 3.29955790707 3.24452009351 -69.0146196436 171 0.344748333716
2.76967327352 2.16262400196 2.26981143601 2.62316747816 -50.4547156784 91 0.340831629175
2.80566628957 2.21850241167 2.39727004007 2.54375872428 -51.7524786147 97 0.337002920692
2.39932045512 1.99385942882 2.14868201713 2.2951500888 -47.8684073551 84 0.333259275717
3.71708449463 2.78972217011 2.99533222377 2.77154209659 -68.5061367611 162 0.329597890574
3.44261466106 2.63016491129 2.86495857063 2.7759083839 -64.3734976913 143 0.32601608346
3.75580564159 2.43980424071 2.41069913792 3.75580564159 -55.9732408973 106 0.322511287895
3.76345679972 2.74832182922 2.90114305232 3.44917467945 -59.6412353749 130 0.319081046586
6.09547733632 4.20418184875 4.676985786 4.71082282803 -77.470365019 260 0.315723005683
3.53241443672 2.58351468205 2.72359741317 3.52546993377 -57.9282670132 120 0.312434909394
5.44797239574 3.51422265813 3.55332523776 5.38226216259 -68.6032597056 177 0.309214594929
3.44875742127 2.46197742178 2.55461270253 3.44690907128 -55.9754530932 111 0.306059987758
4.90078726696 3.3863901774 3.53660725512 4.50019790447 -67.4329879941 176 0.302969097152
4.36475227077 2.75343091424 2.72201327843 4.36475227077 -61.2065946881 126 0.299940011998
4.41708360507 2.75065525362 2.71953073356 4.41708360507 -61.3042444188 126 0.296970896852
4.51191550045 2.89323443253 2.95085216695 4.51191550045 -62.1939609405 138 0.294059988238
4.85406512483 3.45855225222 3.73320308387 4.04528822399 -71.9762507539 201 0.291205591147
3.29766612667 2.52465497095 2.77239366681 2.85497401711 -58.5124641633 123 0.288406075755
3.53108436714 2.6505611952 2.85184761722 3.15583949053 -59.1391919733 128 0.28565987431
2.82573983769 2.2385477343 2.46389649507 2.46914541815 -52.1183518237 100 0.282965478212
6.68911829591 4.21607915985 4.2298760037 6.57329196645 -75.5977653685 245 0.280321435246
5.77110891372 3.60790651671 3.62314555991 5.75075764629 -69.9743412256 186 0.277726346973
4.83479194748 2.98460439576 2.99873172768 4.83479194748 -63.2415546943 141 0.275178866263
9.79422608001 5.76553004417 5.86845655742 9.79422608001 -78.3194047883 344 0.272677694965
4.52698254916 2.873882993 2.87137993987 4.52698254916 -62.2799301795 132 0.270221581697
3.7430845007 2.8103889898 3.07252340736 2.97568266789 -66.5189320453 155 0.267809319764
4.07739413309 2.93850698091 3.1037852102 3.71317916375 -62.3577944658 145 0.265439745178
7.10800206617 4.02082193387 3.65656425904 0.802701826178 -83.1909843086 702 0.263111734783
2.18802476935 1.8448388846 1.94860676412 1.84958226328 -44.1705742971 75 0.260824204486
4.56652518206 3.29411584154 3.64061675699 3.71219503321 -70.7256573447 186 0.258576107568
3.8175220245 2.90533767386 3.14090158575 2.88533865992 -70.2590621964 174 0.256366433088
2.03582304582 1.74775155092 1.83159891514 1.69314626902 -42.2509718949 70 0.254194204372
5.10703920479 3.34837114626 3.49030883801 5.10703920479 -67.6921393219 174 0.252058477567
4.68300882657 3.46193257254 3.84434875889 3.75524421018 -73.6747212377 210 0.249958340277
2.34497628322 1.94597248937 2.08928453765 2.03457885914 -46.4102628666 81 0.247892910263
9.32807375717 5.3525550342 5.45584172613 9.32807375717 -78.4391341673 315 0.245861334208
6.21308215398 4.00071336931 4.08182181975 6.01484756912 -71.571311618 215 0.243862786539
7.56659050044 4.82022190485 4.95447387799 6.99219819722 -75.843049993 278 0.241896468312
3.17743302668 2.42673109091 2.61443214547 2.8458485804 -54.9475428706 110 0.239961606143
8.72165841426 4.97862603181 5.03212919853 8.72165841426 -77.3131760119 284 0.238057451198
4.6909776075 3.31187099669 3.52666531311 4.13163146293 -67.7593209698 175 0.236183278224
3.80381207927 2.53992252877 2.58107830773 3.80381207927 -57.05310862 113 0.234338384627
5.7888863752 3.75565122273 3.81632897624 5.62386465575 -70.1003399018 196 0.232522089599
4.97467722011 3.4698278829 3.67556528151 4.42209602742 -69.1778246627 186 0.230733733272
2.79665508496 2.13811084252 2.21007908171 2.70742043526 -50.381095252 90 0.228972675927
7.15245357015 4.46343976713 4.51977427483 6.94648367844 -73.9532129813 247 0.227238297228
2.29816337883 1.91334977974 2.04906868346 2.02166041125 -45.9494709397 79 0.225529995489
7.56386970122 4.39822290824 4.41543627635 7.56386970122 -74.6774001518 239 0.223847186987
4.51552629493 3.15020862829 3.27658328278 4.21443335257 -64.5869170654 157 0.222189305288
4.99758588958 3.41479665805 3.54015980018 4.65786918516 -67.1251642829 176 0.220555800618
4.4990937507 3.09621629571 3.17944279696 4.30389848672 -63.8914421313 150 0.21894613925
4.00220744828 2.81651919495 2.91138019732 3.95228388929 -60.6521154314 131 0.217359802927
7.95262313331 4.59753141009 4.60999784373 7.95262313331 -75.4822920541 253 0.215796288304
3.37369577271 2.57374113862 2.8404973134 2.88135545527 -59.8680526803 128 0.214255106413
2.27172777127 1.89773014369 2.02517998201 1.96596398864 -44.9403347602 77 0.212735782159
4.39194344958 2.96464756909 3.00546657474 4.27648369195 -62.8281118538 140 0.211237853823
2.45736848395 2.0138776904 2.17821492854 2.1211013739 -47.4354862547 85 0.209760872605
2.63359814041 2.11855697938 2.31486703111 2.31486703111 -49.5439571939 91 0.208304402166
3.57382509778 2.66169443354 2.85121870335 3.20949633521 -58.8232161282 127 0.206868018204
2.10853037153 1.78816336668 1.87790053992 1.78194074584 -42.6952402141 71 0.20545130804
3.45940954786 2.39909157662 2.40900545728 3.45940954786 -54.4542629212 103 0.204053870222
7.06593862887 4.13760974777 4.15943919385 7.06593862887 -74.2366268965 222 0.202675314147
4.52522682875 3.18038756862 3.33168635363 4.16401501463 -64.9549204903 161 0.201315259697
4.29791748408 3.05727684877 3.21794896599 3.92462089408 -63.7331812184 153 0.199973336888
3.99397215703 2.75059835302 2.80963885982 3.91974609583 -59.761548477 126 0.198649185538
3.20321462094 2.41428926766 2.55321428586 2.94267253162 -54.4533500705 106 0.19734245494
1.93362116911 1.67753197301 1.74292539025 1.58938601867 -40.5707451371 66 0.196052803555
7.70542343528 4.56312304954 4.57982215048 7.69326804824 -75.5975193891 252 0.194779898714
3.84159555952 2.61881664776 2.66768941026 3.8397340356 -58.0458356024 117 0.193523416333
3.88737532397 2.82537956473 2.98497007344 3.55608340461 -60.5921878061 136 0.192283040636
3.09275358352 2.36082578713 2.51293830229 2.83188585348 -53.5942202762 103 0.19105846389
5.58465086423 3.91899524016 4.20071757863 4.98946906002 -73.5367584051 226 0.189849386154
5.37454348811 3.57253147052 3.67351269928 5.10537691742 -68.7133033233 186 0.18865551503
7.16868263071 4.50466023313 4.57700983385 7.130211034 -74.2625122567 251 0.187476565429
4.27893672029 3.03867339998 3.19210541998 3.90460662724 -63.3098392257 151 0.186312259347
9.93377876334 7.0522507893 8.12759099611 8.70722974494 -80.8811442958 517 0.185162325639
2.71403321091 2.16204053785 2.36437137061 2.36261054627 -50.4505786486 94 0.184026499816
2.6259149125 2.11800177884 2.31771073541 2.29734961712 -49.411555122 91 0.182904523839
4.26030086329 3.03290216844 3.18918599464 3.90354882625 -63.3254598959 151 0.181796145922
4.00543052436 2.72521913821 2.77413678662 4.00543052436 -59.3631661806 123 0.180701120347
3.35573317473 2.57872613335 2.81756549958 2.76593302411 -61.9143062136 135 0.179619207281
3.33642063892 2.58946835779 2.87503609019 2.87503609019 -61.7875410353 135 0.178550172598
2.92817276058 2.31574216718 2.53310553853 2.4927219972 -56.0545601643 112 0.177493787717
3.28941959902 2.53949390133 2.78368313819 2.73451991181 -61.0000437055 131 0.176449829432
3.3671321446 2.58777775844 2.85211513097 2.83152905687 -61.542949664 134 0.175418079757
3.18061518152 2.46315523253 2.7175410976 2.69572686152 -58.8894846206 123 0.174398325776
3.00614723649 2.35872905392 2.58607847168 2.55148501445 -56.8490793162 115 0.173390359496
3.78104835258 2.89592113079 3.15152621813 2.90547363698 -70.2968389069 174 0.172393977704
4.61586126057 2.96248180051 2.98681885443 4.61586126057 -65.4878472351 143 0.171408981831
5.02323502487 3.27376067348 3.30774803762 4.98746370583 -68.4542023937 167 0.170435177821
4.23745613796 3.11366998229 3.39350795184 3.27541502469 -70.6539969312 180 0.169472376003
3.82186137991 2.85222076269 3.1411860376 3.20789714474 -65.5514627541 153 0.168520390967
2.62807492361 2.12525743258 2.32916057764 2.34011346727 -50.0857824188 92 0.167579041448
3.74189537386 2.80798854612 3.09438068251 3.06944839416 -65.8355536954 153 0.166648150206
3.87665474055 2.87359918669 3.15730750061 3.26982322867 -65.1749645934 152 0.165727543918
4.10869523349 2.91823396016 3.03837979665 3.87335303318 -61.8786663322 140 0.164817053071
DEBUT ITERATION : 0
DEBUT ITERATION : 0
3.33315154622 2.49106979275 2.63074979969 3.08281792449 55.6577390755 111 0.49983338887
3.11503146417 2.365305916 2.50039720061 2.85309334777 53.9013917049 104 0.491642084562
3.06075645846 2.33360423192 2.46798550161 2.81301336514 53.0794880297 101 0.483714930668
3.71125123732 2.68630728374 2.80213216215 3.48376864821 58.5572658116 123 0.476039352586
3.6001474389 2.62691025732 2.74612253949 3.37047051153 57.6759515611 119 0.468603561387
3.20866073785 2.41596433745 2.54863703603 2.96429246241 54.455567366 106 0.461396493387
3.00733599295 2.30335085611 2.4370390255 2.75305014035 52.81697041 100 0.454407755226
3.011308894 2.30623646853 2.44174171121 2.7550272601 52.7950623078 100 0.447627573859
3.22039467634 2.42482914693 2.56096950949 2.96342172363 54.7089741192 107 0.441046750956
3.7490066678 2.7036510998 2.8158375757 3.52715270097 58.783548244 124 0.434656621269
3.76436500593 2.69669460568 2.78849753777 3.58483569174 58.7959441063 123 0.428449014567
3.69798231583 2.67571711257 2.78819297863 3.47804932304 58.2946457828 122 0.422416220783
3.62867941993 2.6420315512 2.76016475514 3.39976220418 57.8906805806 120 0.416550958067
3.25230436961 2.43849374112 2.56849493093 3.0152870822 54.6831570001 107 0.410846343468
3.74811544614 2.70345172135 2.8158874642 3.52445745226 58.767318403 124 0.405295865982
3.73739711836 2.70057619203 2.81610648958 3.50716209079 58.760943408 124 0.39989336177
3.78237831597 2.72007284594 2.82990021184 3.56420476341 58.9727032655 125 0.394632991318
3.29956523903 2.46530020711 2.5950401878 3.05858096103 55.2604832308 109 0.389509218385
3.04519445174 2.3244810193 2.45878225919 2.7886511788 53.0495372892 101 0.384516790567
2.97259022864 2.28451605646 2.4216765226 2.70976220723 52.5605166269 99 0.379650721336
4.73998681253 3.15205706864 3.20146476155 4.70651641755 64.7749903773 152 0.374906273432
3.76874512959 2.71654519312 2.83021205044 3.54068528578 58.9665244729 125 0.370278943471
3.2598216005 2.44109792126 2.56842665252 3.02970755392 54.6678287952 107 0.365764447696
3.0646577993 2.3365673535 2.47224510572 2.80389038767 53.3190704724 102 0.361358708745
3.73811422287 2.70077152269 2.81605985713 3.50803941863 58.7638470806 124 0.357057843371
3.71344735487 2.68699041465 2.80215172578 3.48721091531 58.5544444989 123 0.352858151023
3.02110005093 2.31088412927 2.44454151571 2.77039700921 52.7590414623 100 0.348756103232
3.24664829499 2.43782849275 2.57069523651 2.99280709084 54.9644259213 108 0.344748333716
3.77822821707 2.7188489538 2.82985815418 3.55718833815 58.9925185948 125 0.340831629175
3.06053223338 2.33241557928 2.4646146264 2.81487560708 53.0443516014 101 0.337002920692
3.24543834565 2.43715972772 2.56898375055 2.99186374575 54.9438417789 108 0.333259275717
3.01284822839 2.30766014056 2.4449824522 2.75287817578 52.7964154796 100 0.329597890574
3.43113293868 2.53267984683 2.65423426794 3.20301653434 56.1758900438 113 0.32601608346
3.00192302751 2.29893540623 2.43197194687 2.75305032602 52.4803137912 99 0.322511287895
3.14215329854 2.37848491603 2.51053749962 2.89198864253 53.8585363142 104 0.319081046586
3.40710587713 2.52438555759 2.65238980263 3.16422726923 56.2226646284 113 0.315723005683
3.30598180423 2.46739777969 2.59466559681 3.07055542511 55.2059244897 109 0.312434909394
3.27839319724 2.45264117469 2.58100379663 3.04188030405 54.9926955463 108 0.309214594929
3.22706934952 2.42155888852 2.54671354531 2.99473832707 54.4152036062 106 0.306059987758
3.71698913821 2.68811258495 2.80226013311 3.49154527098 58.526908503 123 0.302969097152
3.01662752088 2.30861510854 2.44413608911 2.7589948198 52.7947968526 100 0.299940011998
3.08474842485 2.34713505954 2.48139824409 2.83381469134 53.3916099027 102 0.296970896852
3.24682077501 2.43540788193 2.56498099833 3.00681454144 54.677704967 107 0.294059988238
3.10466248879 2.35906298706 2.49407859448 2.85046230294 53.6362885485 103 0.291205591147
3.18721548293 2.40251207751 2.5332587592 2.94544166089 54.1333064406 105 0.288406075755
3.02707047194 2.31345842859 2.4460673872 2.77791665865 52.8144407651 100 0.28565987431
3.83345363806 2.74835214175 2.85793283964 3.6120766727 59.4136402433 127 0.282965478212
3.2769481588 2.45215407446 2.5811080559 3.03903691699 55.0049416083 108 0.280321435246
3.7399351834 2.7013303715 2.81609169988 3.51156059908 58.7487381671 124 0.277726346973
3.75459524652 2.70521991115 2.81579981803 3.53813220455 58.777170106 124 0.275178866263
3.0092275072 2.30658984169 2.44610284047 2.74556752804 52.83484844 100 0.272677694965
3.30370061856 2.46683714856 2.59523773692 3.06571288491 55.2426857029 109 0.270221581697
3.76848396935 2.71641414475 2.83015512082 3.54046494019 58.9618793343 125 0.267809319764
3.18018237201 2.39847714999 2.52872610779 2.93526650464 54.1144386244 105 0.265439745178
3.72586796582 2.69017114429 2.80175323008 3.5068781155 58.5524858657 123 0.263111734783
3.27062794338 2.4497849904 2.58121833755 3.02570251142 55.0162787212 108 0.260824204486
3.47965486458 2.56550162485 2.69168744815 3.21637254922 57.0621210844 117 0.258576107568
3.09872856268 2.35583916119 2.49152308615 2.83892561382 53.6420808755 103 0.256366433088
3.32051145345 2.47245218087 2.59618522018 3.09277693176 55.194228186 109 0.254194204372
3.19906461912 2.41055727599 2.54324973424 2.94741885753 54.430221736 106 0.252058477567
3.67468021161 2.6686435489 2.78797308276 3.43988587238 58.3521078343 122 0.249958340277
3.70327965367 2.68365900419 2.80186979106 3.46896228984 58.5621457523 123 0.247892910263
2.93885035564 2.26709375717 2.40741003117 2.67362981926 52.2363294347 98 0.245861334208
3.27412216569 2.45121250194 2.58088267928 3.03669663971 55.029128662 108 0.243862786539
3.76292230446 2.71470221779 2.83011131513 3.53127290047 58.9787740271 125 0.241896468312
3.72876105314 2.69792772662 2.81605303337 3.49315644237 58.7849693835 124 0.239961606143
3.741150527 2.70171867159 2.8161191912 3.51346457627 58.7472527149 124 0.238057451198
3.77168767897 2.71730896794 2.83001165285 3.547982956 58.9634662413 125 0.236183278224
3.0810905969 2.34441502623 2.47726032436 2.8304438298 53.3519149275 102 0.234338384627
3.27240796555 2.45057290629 2.58116887098 3.03125106959 55.0231037232 108 0.232522089599
2.9720621633 2.28586406057 2.42587541795 2.70645438921 52.5091741696 99 0.230733733272
2.97130993908 2.28548879767 2.42514501862 2.70744256425 52.5309357606 99 0.228972675927
3.08301142778 2.34500904848 2.47688969669 2.83409593552 53.3291069409 102 0.227238297228
3.01420817254 2.30694331382 2.43992195338 2.76407438366 52.784600321 100 0.225529995489
3.19273533493 2.40815622402 2.54309211464 2.93591210831 54.4607271369 106 0.223847186987
3.27257431982 2.45048905379 2.58130629627 3.02895332683 55.0083610194 108 0.222189305288
3.01019347499 2.30431177808 2.43812857746 2.75335107941 52.8131427291 100 0.220555800618
3.09555634719 2.35468288259 2.49120391699 2.83555154029 53.6740969324 103 0.21894613925
3.71322588823 2.68687842184 2.80199408157 3.48762403174 58.5486308203 123 0.217359802927
3.01997279346 2.31003146213 2.44384895268 2.76776688568 52.7849562648 100 0.215796288304
3.11036775619 2.35934979321 2.48885334404 2.86291544146 53.6076737773 103 0.214255106413
3.75889735994 2.71331119354 2.82983671225 3.52624286786 59.002756994 125 0.212735782159
3.27787375222 2.45159229512 2.57894817092 3.04225452593 54.9272853179 108 0.211237853823
2.97266408619 2.28632736934 2.42635589843 2.70849150719 52.5571725588 99 0.209760872605
3.67279704066 2.66798330193 2.78782249174 3.43674121854 58.3556862052 122 0.208304402166
2.99104012062 2.29322467788 2.42685086584 2.73902712464 52.5155202933 99 0.206868018204
3.10835184299 2.35946409347 2.49187674154 2.85514408773 53.5921147431 103 0.20545130804
3.22349229618 2.42457402323 2.5567973039 2.9741572813 54.7372173984 107 0.204053870222
3.72025217104 2.68896913507 2.80207953796 3.49936970743 58.5194722288 123 0.202675314147
3.05121422346 2.32797851497 2.46264817131 2.79677774892 53.0665811772 101 0.201315259697
3.68171809917 2.67095778815 2.78814732671 3.4527136099 58.3538904908 122 0.199973336888
3.25650406765 2.43973414275 2.56718785428 3.02338652208 54.7300884409 107 0.198649185538
3.06527126447 2.333287311 2.4625004232 2.82328234331 53.0494810024 101 0.19734245494
3.27373297552 2.45023093646 2.5789308882 3.03571400076 54.9399043633 108 0.196052803555
3.15710404694 2.38805029732 2.52140872456 2.90136220977 54.1739220628 105 0.194779898714
3.71195934416 2.68649270326 2.80198578528 3.48590449999 58.5465180598 123 0.193523416333
3.2008196754 2.41102089843 2.54232052073 2.95335748415 54.4217679487 106 0.192283040636
3.0414941779 2.32287644314 2.45806708197 2.78292387395 53.0563003824 101 0.19105846389
3.22995449012 2.42734744077 2.55863986296 2.98192680552 54.7082438134 107 0.189849386154
2.99052456382 2.29287879035 2.42637557421 2.73794586871 52.5242892937 99 0.18865551503
3.12309852903 2.36817481545 2.50233252088 2.87611530485 53.6163738552 103 0.187476565429
3.44469422962 2.54283232718 2.6670588913 3.20916687282 56.4068453202 114 0.186312259347
3.1324936721 2.37445055196 2.50860419864 2.87854703219 53.8953722145 104 0.185162325639
3.10346342357 2.36053385853 2.49956069258 2.83090972652 53.9252831024 104 0.184026499816
3.02065251881 2.31096808644 2.4454643297 2.76846073928 52.7798303169 100 0.182904523839
2.99903487319 2.30119749464 2.44007839807 2.73586035465 52.7908144899 100 0.181796145922
3.03188362803 2.31894124479 2.45693552759 2.76728792116 53.0896230184 101 0.180701120347
2.94202915 2.26877289977 2.41058410983 2.67300245169 52.2707594442 98 0.179619207281
3.23383077121 2.42907390422 2.55953586529 2.98783208652 54.7204027921 107 0.178550172598
3.30237809304 2.46636796905 2.59525215736 3.06322702565 55.2524733974 109 0.177493787717
3.75120876687 2.70430342641 2.81583723441 3.53096797483 58.7707283662 124 0.176449829432
3.0953655632 2.35247465853 2.48576358969 2.84901443489 53.3463943123 102 0.175418079757
3.17499230199 2.39685375468 2.52900164051 2.92807553702 54.1777437813 105 0.174398325776
3.1748755933 2.39702937634 2.52968562877 2.92650014638 54.2168579159 105 0.173390359496
3.29557504139 2.46391503538 2.59504688721 3.05158181945 55.2807901619 109 0.172393977704
3.17809821894 2.39796199969 2.52893706866 2.93334227519 54.16386684 105 0.171408981831
3.80472172171 2.7332281607 2.8438309603 3.58319956035 59.1986906038 126 0.170435177821
3.03709593501 2.32202285288 2.45957682161 2.77712306171 53.1052377828 101 0.169472376003
3.03218195634 2.31564790673 2.44619984421 2.78955672328 52.810042706 100 0.168520390967
5.62398678301 3.588381997 3.62309157335 5.58250288335 69.0247978577 182 0.167579041448
3.21079567498 2.41578534797 2.54634153761 2.96765234702 54.3713017189 106 0.166648150206
3.7868051157 2.72817720383 2.8438557487 3.55432734628 59.210584512 126 0.165727543918
3.13006687627 2.37081293976 2.50253352192 2.8880277488 53.587466562 103 0.164817053071
3.76031874193 2.7139891458 2.8301811324 3.52639951903 59.0028791271 125 0.163916511857
3.35675654293 2.49569127123 2.62273639982 3.11848750809 55.6866616985 111 0.16302575807
3.76689759179 2.71584982352 2.82998855178 3.53938193505 58.9811812922 125 0.162144633013
3.68216953224 2.67098881677 2.78803697871 3.45196604214 58.3322923628 122 0.1612729814
2.95514056685 2.27506241758 2.41365339587 2.69469861893 52.2378984196 98 0.160410651267
3.00099180197 2.29963936022 2.43407382235 2.75249328948 52.5140056056 99 0.159557493884
4.94558144435 3.25655700951 3.3012872318 4.89476152254 65.950299186 159 0.158713363665
3.28042004022 2.45346208819 2.58132830475 3.04532185149 54.981712501 108 0.157878118093
3.04602417912 2.32623586473 2.46268773498 2.78882579824 53.1491076726 101 0.157051617632
3.01081891674 2.30801756474 2.44743116499 2.75091492585 52.8444506352 100 0.156233725654
3.77148388849 2.71740156675 2.83025115049 3.54523945568 58.9585784482 125 0.155424308362
3.64211621017 2.65268887773 2.77418658919 3.40504043345 58.1139277174 121 0.154623234718
3.04501131555 2.32350052599 2.45525112942 2.79447796495 53.0308029388 101 0.153830376372
3.73519327936 2.69983265447 2.81599946455 3.50362406722 58.763863765 124 0.153045607591
3.30998337397 2.4719496597 2.60254613828 3.05926185666 55.4885068066 110 0.152268805197
3.70671495621 2.6848009325 2.8020135962 3.47466568106 58.5531686245 123 0.1514998485
3.71387096902 2.68707861956 2.80212394697 3.48636064296 58.5341215371 123 0.150738619234
3.14666217378 2.38117877277 2.51356794925 2.89846785284 53.8604771979 104 0.1499850015
3.6792046187 2.6699843762 2.78790626576 3.44735388892 58.3338529303 122 0.149238881703
3.11292444778 2.3619148798 2.4933548921 2.86559078896 53.5791220385 103 0.1485001485
3.30589463009 2.46749704262 2.59498265834 3.06956948532 55.2197024276 109 0.14776869274
3.1628024599 2.39216683908 2.52862910183 2.9046102862 54.2291890191 105 0.147044407411
2.99430055758 2.29610802552 2.4314337109 2.74205018271 52.5241238704 99 0.146327187591
3.27528139317 2.45156421672 2.58111001817 3.03617220785 55.0116177018 108 0.145616930395
4.28699317239 2.95015414967 3.01750497267 4.18882539799 62.3414672981 139 0.144913534924
3.23127227825 2.42825079114 2.55982243964 2.98313590228 54.7406324489 107 0.144216902221
3.91466363808 2.79182995365 2.89981520541 3.69245480644 60.0222222292 130 0.143526935222
3.748314816 2.70396043607 2.81621890511 3.52715724846 58.7444322427 124 0.142843538711
3.7121309469 2.68643447928 2.80197634193 3.48366769856 58.5333033382 123 0.142166619278
3.22607107469 2.42702685655 2.56232170824 2.9721599563 54.7296603242 107 0.141496085275
3.2189085792 2.424341391 2.5611093239 2.96113738372 54.7195626006 107 0.140831846775
3.20771689663 2.4154349381 2.54815759904 2.96234374915 54.4604107314 106 0.140173815531
3.71460908362 2.68738072949 2.8021249319 3.48986814078 58.5458635391 123 0.139521904939
3.26631486356 2.44757416484 2.57880560973 3.02268254804 54.9821555003 108 0.138876029997
3.17375296415 2.39632503437 2.52881911968 2.92513055412 54.2052040723 105 0.138236107271
3.09272870216 2.35343054592 2.49119212027 2.82829559602 53.6649127929 103 0.137602054857
3.22579761565 2.42555342262 2.55796422177 2.9733594775 54.6896843345 107 0.136973792348
3.47076060462 2.55778813535 2.68251069348 3.23289522167 56.6877035169 115 0.136351240796
3.0508602379 2.32889493188 2.4651371284 2.79675144355 53.1216947645 101 0.135734322686
2.9508178405 2.27189001776 2.40881288362 2.692327114 52.2345101958 98 0.135122961895
3.26126420385 2.44167118033 2.56865429753 3.03200810445 54.6635022883 107 0.13451708367
3.69706903951 2.68177430389 2.80186128952 3.45874342924 58.5838502612 123 0.133916614588
3.75833294512 2.71321654555 2.82994173038 3.52326544358 58.9890384085 125 0.133321482535
3.67682411162 2.66924644609 2.78788213331 3.44328695711 58.3441767715 122 0.132731616671
3.30294544801 2.4663408813 2.59501173345 3.06219277141 55.2121268885 109 0.132146947406
4.14898835674 2.87660606192 2.94516907566 4.05911361679 61.3404418993 134 0.131567406368
3.23291884236 2.42652788549 2.55474902218 3.00120212751 54.4084412815 106 0.130992926382
3.10605461778 2.3588502539 2.49214257325 2.85332843657 53.6280048623 103 0.13042344144
3.30798847527 2.46847439737 2.59565173313 3.07285442694 55.2240605727 109 0.129858886676
3.05284971287 2.32759102592 2.4588480296 2.80488598316 53.0573803501 101 0.129299198345
3.74277055639 2.7022604978 2.8161757362 3.51602334075 58.7459800828 124 0.128744313793
3.80374731786 2.73343622266 2.84416259037 3.58256945496 59.1650697711 126 0.128194171438
2.97881541654 2.28925910727 2.42818062554 2.71794232908 52.5500248089 99 0.127648710748
3.74880665652 2.70416761803 2.8163091656 3.52800525451 58.7431480172 124 0.127107872214
3.21802087731 2.41883500164 2.54771945371 2.97872993742 54.3724623694 106 0.126571597334
3.18970009632 2.40244789227 2.53090044846 2.94956314973 54.1556384059 105 0.126039828586
3.67802097513 2.66981599707 2.78817534006 3.44509902707 58.350322862 122 0.125512509413
3.30513633982 2.46747913085 2.59566849543 3.06747898302 55.2489905965 109 0.124989584201
3.29204207739 2.46090805233 2.59071432825 3.04639576418 55.1571396928 109 0.124470998257
3.78045021706 2.7198203453 2.83021902195 3.56023273606 58.9362139518 125 0.123956697794
3.67752337516 2.66957646536 2.78804999184 3.44430001974 58.3477962765 122 0.123446629907
3.08824623344 2.34712933897 2.47732446347 2.84282637828 53.3368988553 102 0.122940742562
2.94892197477 2.27240573389 2.41218250684 2.68706128768 52.26997654 98 0.122438984573
3.31338946302 2.47026644551 2.59573340648 3.08159269225 55.2027372864 109 0.121941305585
2.98248167435 2.28921235984 2.42411884866 2.72710757798 52.4887289717 99 0.12144765606
3.80370598701 2.73292848486 2.8438268503 3.58143940721 59.2052673792 126 0.120957987259
3.14023062288 2.37859975845 2.51331595577 2.88871821571 53.9347124508 104 0.120472251225
3.02969993639 2.31437901745 2.44547325281 2.78461697854 52.7606785859 100 0.119990400768
3.19078646505 2.40406831569 2.53401484726 2.95113434716 54.1344390019 105 0.119512389451
3.23028186241 2.42744533405 2.5584170292 2.98289176903 54.7012744032 107 0.119038171574
2.92904665877 2.26285577894 2.40619646615 2.65712033633 52.2758746641 98 0.118567702158
3.32162066861 2.47820853559 2.60877803489 3.07734554305 55.5116846299 110 0.118100936934
3.22043021043 2.42006726703 2.54860460279 2.98421750866 54.3975717516 106 0.117637832327
3.02164767824 2.3112510406 2.44519297972 2.77041243239 52.7757977417 100 0.117178345442
3.2075266078 2.41397320612 2.54387841248 2.9637361474 54.4197764016 106 0.116722434052
4.80922121134 3.19434166803 3.2442353801 4.75528792106 65.2493124341 155 0.116270056585
3.688400728 2.67302700909 2.78821396749 3.46249368994 58.3111864397 122 0.11582117211
3.34512746867 2.49097021132 2.62122312251 3.0974457274 55.6847784119 111 0.115375740328
3.09553362005 2.35457862124 2.49081054437 2.83547432407 53.6764008564 103 0.114933721554
3.69012033738 2.67356696992 2.78816882481 3.46700909032 58.3278815241 122 0.114495076712
3.73684016247 2.70048599753 2.81619167673 3.50597570489 58.7686825919 124 0.114059767318
2.9941519737 2.2960523154 2.43194134026 2.73937326078 52.5061956776 99 0.113627755473
3.6610147512 2.65821167972 2.77396579164 3.43757026921 58.0996549599 121 0.113199003849
3.79967481054 2.73169573784 2.8437976475 3.57286630514 59.2028403813 126 0.112773475679
3.11380104104 2.36337155075 2.49693362535 2.86299295444 53.6887488298 103 0.112351134746
3.30023025523 2.46559379244 2.59519845326 3.0596575281 55.2583656922 109 0.111931945377
3.28527975668 2.45506741977 2.58134470396 3.05334924045 54.9582978551 108 0.111515872426
2.94571019897 2.26992030375 2.40846576946 2.68396524019 52.2494181137 98 0.111102881268
3.76636134134 2.71585723946 2.8302609078 3.53685050276 58.9734489589 125 0.110692937791
3.61509127423 2.63696513504 2.75876712191 3.37709127836 57.8851138023 120 0.110286008382
3.06473285222 2.33301962654 2.46288329322 2.819814393 53.0263362657 101 0.109882059922
3.68471747956 2.67180111808 2.78807027311 3.45642550602 58.3187792139 122 0.109481059777
3.54628713786 2.59588803054 2.71489088031 3.32017870181 57.1246059243 117 0.109082975784
3.02010441003 2.30942982778 2.44103480163 2.7730498293 52.7883537288 100 0.108687776248
3.01594406156 2.30915982087 2.44553962752 2.75982864259 52.8170503377 100 0.108295429933
3.10808952353 2.36084905395 2.49564323054 2.85404040003 53.692490646 103 0.10790590605
3.58122534064 2.61926558136 2.74301361479 3.33946337722 57.6266894309 119 0.107519174253
3.64187740868 2.65258695738 2.77417438607 3.40475361304 58.1135458062 121 0.107135204628
3.24786043103 2.4366111563 2.56686926858 3.00914613871 54.7589655187 107 0.106753967689
3.01855600018 2.31028042886 2.4459208551 2.76433042542 52.808567909 100 0.106375434366
3.75780102049 2.70663763553 2.81635169571 3.54215751467 58.7287064536 124 0.105999576002
3.30512993889 2.46746810228 2.59560491192 3.06783065265 55.2384375221 109 0.105626364341
2.972458973 2.2841928048 2.41973007404 2.71445983642 52.4595467299 99 0.105255771525
2.95219112418 2.27247486922 2.40900437746 2.6935373115 52.1790000934 98 0.104887770086
3.17362500467 2.39631377608 2.52887218046 2.92512127015 54.2002666072 105 0.104522332938
3.26597339946 2.44652790295 2.57675041234 3.02123877213 54.9134802793 108 0.104159433373
3.7272269421 2.69066386193 2.80190806198 3.50915037384 58.5486372222 123 0.103799045049
3.71200227318 2.68646704246 2.80203335124 3.48502731095 58.5525670706 123 0.10344114199
3.27370583819 2.45101911911 2.58110471313 3.03363484121 55.0139911775 108 0.103085698577
3.43252948309 2.53872262349 2.66692557848 3.18791825419 56.4770583416 114 0.102732689542
3.78766481643 2.72836385274 2.84377844176 3.55428549962 59.1871008274 126 0.10238208996
3.30380666744 2.46687884988 2.59523923825 3.06580310258 55.2434231279 109 0.102033875247
3.27434203376 2.45118599817 2.5809285453 3.0350208329 55.0071831929 108 0.101688021151
3.27454705577 2.4512305485 2.58147251788 3.03204203027 55.0043223008 108 0.10134450375
3.65027914165 2.65538109183 2.77446091097 3.41987032909 58.1122878673 121 0.101003299441
3.16403602002 2.39199142671 2.52559724249 2.91086444001 54.1929482727 105 0.100664384941
3.18240775384 2.40011213391 2.53084599955 2.94101495668 54.1256482424 105 0.100327737275
3.26602264976 2.44710414757 2.57775817486 3.02350009594 54.9456827674 108 0.0999933337777
3.27983526133 2.45316076668 2.58137464294 3.04240611625 54.9628661417 108 0.0996611520829
3.80398090109 2.73309544645 2.84391021192 3.5803719851 59.191664366 126 0.0993311701212
3.04170847165 2.32361224939 2.45970519985 2.78272922119 53.0640298584 101 0.0990033661144
3.02399452708 2.31147947115 2.44326918154 2.77624017284 52.7702539575 100 0.0986777185711
3.76815028072 2.71642366045 2.83028717708 3.53973698413 58.9688531192 125 0.0983542062816
2.98136189288 2.2908298183 2.43018766503 2.72096441198 52.5634170468 99 0.0980328083132
2.90072666862 2.24338211132 2.38017170786 2.64695179422 51.6191242623 96 0.0977135040063
3.04847864978 2.32555126457 2.45801088481 2.79645218992 53.0876094334 101 0.0973962729693
3.00852302069 2.3043596827 2.4398596941 2.74963776075 52.8335390243 100 0.0970810950748
3.75059796305 2.70445913847 2.81620200297 3.52884600898 58.7348177125 124 0.0967679504548
3.16930154293 2.3943327392 2.52772564703 2.91880241888 54.1838076097 105 0.0964568194971
3.31003492841 2.46931863461 2.59608373761 3.0755762516 55.2393545521 109 0.0961476828408
3.71398512531 2.68715127989 2.80219238885 3.48642860122 58.5378432269 123 0.0958405213724
3.08830310225 2.34822807828 2.48052733286 2.84162152044 53.3379185829 102 0.0955353162219
3.7643762172 2.71512246618 2.83006481894 3.53533240237 58.9886033413 125 0.0952320487588
3.09601721993 2.35214495371 2.48216661798 2.84551149398 53.6128564876 103 0.0949307005886
3.65638450338 2.66010678248 2.77594630542 3.42176613533 58.361350113 122 0.0946312535487
3.22338760395 2.42367500834 2.55445860473 2.9728969328 54.6889382513 107 0.094333689705
3.19794185309 2.41013590859 2.54276460662 2.94784824715 54.4428291812 106 0.0940379913485
2.98662010883 2.29122245569 2.42567149933 2.7325206579 52.509255525 99 0.0937441409912
5.05904716683 3.31420516899 3.35712513146 4.99524997733 66.469939755 163 0.0934521213632
2.94512949258 2.27002169956 2.40913516882 2.68308348607 52.2303906611 98 0.093161915409
3.05635251503 2.32953583118 2.460765794 2.80887872745 53.0672730626 101 0.0928735062844
3.207585855 2.41417886824 2.54443681693 2.96333749867 54.4318281067 106 0.0925868773532
3.15285703185 2.38188256658 2.51032239628 2.90908929823 53.8580951247 104 0.0923020121839
3.65949790989 2.65784246283 2.77416800942 3.43419571208 58.1163959876 121 0.0920188945463
3.05334298537 2.32847332249 2.46112550711 2.80283877447 53.0966455233 101 0.0917375084093
3.11113777608 2.36192677662 2.49552575763 2.86077060014 53.6296180196 103 0.0914578379367
3.75692340553 2.70631782485 2.81624158145 3.54054518364 58.7324001694 124 0.0911798674853
3.28027576229 2.45336906657 2.58117478366 3.04495466059 54.9880424459 108 0.0909035816011
2.99135866908 2.29396715076 2.42687050828 2.74342290065 52.5272914974 99 0.0906289650172
3.22709024226 2.42143042565 2.54683657393 2.99218982881 54.402575504 106 0.0903560026504
3.09584622983 2.35538159917 2.49336244076 2.83357430276 53.6440893883 103 0.0900846795988
3.28050359747 2.45352541929 2.58137434117 3.04535079194 54.9871183194 108 0.0898149811389
3.29332219489 2.45763188686 2.58191734084 3.06582354282 54.9498577166 108 0.0895468927228
3.28450206365 2.45758548362 2.58795871647 3.0362015284 55.2145618196 109 0.0892803999762
5.16881321915 3.37008765131 3.4125717005 5.11245275726 67.0290017602 167 0.089015488695
3.70827760978 2.6852258143 2.80188290453 3.47881381451 58.5620694581 123 0.0887521448435
3.29340938164 2.45761302735 2.58178485978 3.06613522942 54.9452979647 108 0.0884903545514
3.10105743732 2.35757005159 2.49350016111 2.84455236839 53.6521967154 103 0.0882301041115
3.70792034779 2.68523122073 2.80209345832 3.47632626065 58.5577677257 123 0.0879713799777
3.03803289365 2.32157436604 2.4575855027 2.77927889561 53.0933030104 101 0.0877141687621
3.79572616368 2.73106482791 2.84413434052 3.56885244497 59.1918421257 126 0.0874584572328
3.7350570178 2.69980791892 2.81597952046 3.50523689316 58.7745051801 124 0.0872042323121
2.9947413058 2.29741302178 2.43371671601 2.73298594631 52.8302011051 100 0.0869514810736
3.34171728511 2.49012772902 2.62219506585 3.09032206135 55.7337961107 111 0.0867001907404
2.98021350743 2.28824323564 2.42384303359 2.72287149984 52.5113066949 99 0.0864503486831
3.32794113123 2.48060907675 2.60925714487 3.0882392075 55.4833725478 110 0.0862019424171
5.78229262823 3.67267791881 3.70662103833 5.72888701277 69.6693930704 188 0.0859549596012
3.07541422668 2.3428460218 2.47878598955 2.82029095705 53.3738346274 102 0.085709388035
3.30390603736 2.46576434844 2.59258390078 3.06568228775 55.1423033454 109 0.0854652156572
3.70930342451 2.68557783859 2.80195289022 3.48056195929 58.5599058904 123 0.0852224305437
3.67974763917 2.67021337018 2.78799456009 3.44795456681 58.3394665678 122 0.0849810209053
3.73042399452 2.69849216092 2.81613543153 3.49570372838 58.785353909 124 0.0847409750862
3.56443860858 2.60571000995 2.72563174332 3.33321606692 57.3484408712 118 0.0845022815616
3.29872676221 2.46509057871 2.59490606749 3.05941538571 55.2806552694 109 0.0842649289366
3.19910572144 2.41073159151 2.54329990508 2.94917142569 54.4683027141 106 0.0840289059436
3.10578517349 2.36010852324 2.49653147906 2.8477285068 53.6782334488 103 0.0837942014413
3.0194125425 2.30961107676 2.44238623264 2.76966901424 52.757334104 100 0.083560804412
3.69803107645 2.68206619724 2.80186416118 3.46034344791 58.5815192225 123 0.0833287039609
5.89391585568 3.72923162984 3.76233851485 5.83710030796 70.0785961769 192 0.0830978893136
3.70698164906 2.68491507596 2.80200542932 3.47679962133 58.5654833306 123 0.0828683498149
3.28642343487 2.46118759511 2.59617212442 3.03535533344 55.2368513298 109 0.082640074927
3.2960842034 2.46396630777 2.59522583085 3.0499190332 55.2646710182 109 0.0824130542278
3.73299361135 2.69910354626 2.81590982249 3.49988512819 58.7719773707 124 0.0821872774095
3.17117546847 2.3904263791 2.51658037159 2.93633363652 53.8661262537 104 0.0819627342768
3.24842103746 2.43686248525 2.56709021134 3.00956089587 54.7673312252 107 0.0817394147458
3.76361559603 2.71501119883 2.83022859153 3.53236506894 58.9793293626 125 0.0815173088419
3.71533268385 2.68755735475 2.80218958492 3.48872488052 58.5332289243 123 0.0812964066988
3.37922334795 2.50947676549 2.63849306104 3.13589542484 55.9999973125 112 0.0810766985568
3.75791599491 2.70627380914 2.81588599546 3.54322958951 58.7719641643 124 0.0808581747615
3.21447199003 2.42000561655 2.55308529694 2.9580126056 54.7209319509 107 0.0806408257621
3.25672942884 2.44360403755 2.57656277159 3.00749724112 54.9655932444 108 0.0804246421103
2.97966923098 2.28912197582 2.42656483388 2.72104038201 52.5044029533 99 0.0802096144591
3.3530542831 2.49451909931 2.62362988238 3.10807150209 55.7234569196 111 0.0799957335609
3.24130042081 2.43334694753 2.56438762772 2.99896591085 54.7350648455 107 0.0797829902665
3.01070153501 2.30706085987 2.4451131469 2.75096063916 52.8432478335 100 0.0795713755238
3.22759443538 2.42678447163 2.55989567651 2.97443423921 54.7390072791 107 0.0793608803767
2.98118530701 2.29011789361 2.42857406175 2.71965563718 52.5177320214 99 0.0791514959633
3.2739896697 2.45092172479 2.58115053993 3.03145523326 54.9977031629 108 0.0789432135151
3.13693151286 2.37708779725 2.51237352947 2.88359526944 53.9316753181 104 0.0787360243557
3.68006558702 2.67029455558 2.78790846265 3.45013061783 58.3526457663 122 0.0785299198995
3.23360772417 2.43010132094 2.56293286801 2.98705614172 54.7243229249 107 0.0783248916506
3.29923410228 2.46420288363 2.59240847083 3.06034744992 55.178883152 109 0.0781209312015
3.06970071356 2.34050255936 2.47867111058 2.80845222887 53.370181576 102 0.0779180302322
3.64730352105 2.65438653735 2.77432805433 3.41494346148 58.1194030623 121 0.0777161805088
3.27778228859 2.452446091 2.58144871226 3.03805868463 54.9919545432 108 0.0775153738825
2.9829058782 2.29224092864 2.43237799439 2.72252208435 52.5733497107 99 0.0773156022885
3.21433864916 2.41759324672 2.54754349925 2.97463262149 54.4072698945 106 0.0771168577451
3.18487720711 2.40466341094 2.53812512824 2.92012702171 54.6243937467 107 0.0769191323522
3.29867232734 2.46434067905 2.59335724453 3.05798966693 55.2166955837 109 0.0767224182906
3.03596501653 2.32111391315 2.45856356243 2.77384501902 53.0693106152 101 0.076526707821
3.05929422306 2.3302064446 2.45968070432 2.81426893382 53.0772684497 101 0.0763319932828
2.98222412999 2.28913847779 2.42447995067 2.72477302337 52.5440160977 99 0.076138267093
3.29361122956 2.46311035597 2.5949694172 3.04788839271 55.2807693193 109 0.0759455217457
4.87164471581 3.22262780604 3.27142717667 4.83441087371 65.5764552366 157 0.0757537498106
2.92676790983 2.25776958042 2.39230986034 2.67691596083 51.9077815158 97 0.0755629439323
3.6779681897 2.6695767265 2.78781300587 3.44698848498 58.3506425363 122 0.0753730968293
3.14540761493 2.3777041842 2.5044410048 2.90427188663 53.882790421 104 0.0751842012932
3.65295538365 2.65573290359 2.77404236642 3.42304854157 58.1436557179 121 0.0749962501875
3.03596032553 2.32171886058 2.46007276289 2.77442113954 53.123407232 101 0.0748092364471
5.04078304102 3.30953203024 3.35539873338 4.98656100377 66.3924677451 163 0.074623153077
3.30260761306 2.46646501277 2.59522280384 3.06417751729 55.2387268282 109 0.0744379931517
3.03809473744 2.32148357495 2.45768795272 2.77733137119 53.068621804 101 0.0742537498144
3.80522871507 2.73422929529 2.84457852968 3.58341505987 59.1244960083 126 0.0740704162757
3.27283894161 2.45062122707 2.58082175434 3.03259989497 55.011100224 108 0.0738879858135
3.75840745117 2.71324819291 2.82996213088 3.52348252662 58.9983872372 125 0.0737064517714
5.63690489315 3.59021217211 3.62327193333 5.59892861909 69.0372230886 182 0.0735258075585
3.10541756818 2.35871259789 2.49242882152 2.85165811953 53.6464843164 103 0.0733460466481
3.23817289426 2.43343782956 2.56750401549 2.99348911719 54.7347606625 107 0.0731671625774
2.98708557359 2.29263715339 2.42878776117 2.73217736501 52.5049691274 99 0.0729891489465
3.28585917553 2.45918372327 2.59154647511 3.03746441124 55.2238698497 109 0.0728119994175
3.67043422348 2.66724592314 2.78781947295 3.43290577522 58.3640451236 122 0.0726357077139
3.14554981955 2.38261917778 2.51750596271 2.88436604413 54.1705455992 105 0.0724602676199
3.64875386919 2.65478360555 2.77425901158 3.41774306134 58.1035055116 121 0.0722856729796
3.30144354371 2.46554243393 2.59398834565 3.06241500151 55.2076667354 109 0.0721119176963
3.78696264485 2.72831507307 2.84397657098 3.5544135322 59.2155542903 126 0.0719389957316
3.74296994587 2.70231416632 2.81605779566 3.51837020672 58.7603151555 124 0.0717669011052
2.95072216726 2.27216216262 2.40950905802 2.69186432361 52.2407946876 98 0.0715956278937
3.02799911295 2.31381471264 2.44601903918 2.78047317226 52.7808285192 100 0.07142517023
3.26061690326 2.44662738126 2.58152754666 3.01258181264 55.0008609959 108 0.071255522303
3.59323733055 2.63183430467 2.76163369588 3.3227229685 58.2209712905 122 0.0710866783565
3.27282883231 2.44937579775 2.57790439873 3.03247676708 54.9050094899 108 0.0709186326888
3.25127013667 2.43904481178 2.56930386906 2.99986393851 54.9695301981 108 0.0707513796519
3.23889681308 2.43151278553 2.56207943501 2.99465488918 54.652762745 107 0.0705849136511
3.33393438662 2.48273467878 2.60974220475 3.09626250654 55.4392023435 110 0.0704192291442
3.19981429041 2.41113579131 2.54435330906 2.94702441812 54.4580886541 106 0.0702543206407
3.72054025081 2.68914116748 2.80218937092 3.49924568582 58.5323341545 123 0.0700901827017
3.21791840411 2.42233572891 2.55706048249 2.96019003531 54.7100250155 107 0.0699268099389
2.95237382961 2.27273229683 2.40965674082 2.69396079436 52.2520357613 98 0.0697641970141
3.62012267543 2.63923661195 2.75995266857 3.38577469069 57.9144080118 120 0.0696023386386
3.29149025454 2.4622534966 2.59463646798 3.04460028065 55.2849963067 109 0.0694412295727
3.28177968813 2.454177683 2.58260599405 3.04690486608 54.9092436822 108 0.0692808646252
3.63430140128 2.64383164218 2.76015410824 3.41115004685 57.8876703668 120 0.0691212386526
3.30221127519 2.46628430985 2.59508335136 3.06373295688 55.2355840214 109 0.0689623465588
3.30400325326 2.4669610541 2.59522662163 3.06671777102 55.2304713163 109 0.0688041832943
3.55014994501 2.60136224466 2.72364502178 3.29701066841 57.5374483523 119 0.0686467438561
3.71198289801 2.68648741812 2.80207544614 3.48494809498 58.5540952981 123 0.0684900232866
3.27236146595 2.45045131057 2.58141698735 3.02841316623 55.0138730553 108 0.0683340166735
3.19686869139 2.40942456431 2.54165343413 2.94738142575 54.418233901 106 0.0681787191491
3.25235893153 2.44049481896 2.57251111801 3.00102362968 54.9799877231 108 0.06802412589
3.33425091936 2.48284827767 2.60970727749 3.09733680043 55.4289138491 110 0.0678702321162
3.0591935165 2.33014616361 2.45955918654 2.81451690904 53.0574530337 101 0.0677170330911
3.0475941403 2.32480490189 2.45554260498 2.80022457599 53.0738331972 101 0.0675645241205
3.71215900913 2.66117268288 2.74612270948 3.56773013062 58.2686544017 120 0.0674127005528
3.06643165965 2.3382265698 2.47499044867 2.80520668082 53.3528993771 102 0.0672615577777
3.74153983003 2.70188598669 2.81617555267 3.51421326555 58.7449835963 124 0.0671110912263
3.27675407747 2.45217639087 2.58132310068 3.03871224227 55.0053374182 108 0.0669612963707
3.6410374209 2.65180410826 2.77368438043 3.402544048 58.1471728379 121 0.066812168723
3.71104215736 2.68617229459 2.8020816334 3.48171710837 58.5421741096 123 0.0666637038354
3.0636901136 2.33612357611 2.47238243401 2.80142624416 53.3462406392 102 0.0665158972995
3.68518767952 2.67193929007 2.78792110067 3.45970012209 58.3261622227 122 0.0663687447458
3.84841855222 2.75962459123 2.87182132647 3.6209607151 59.5995169913 128 0.0662222418436
4.00046416606 2.81085399794 2.88880844123 3.86278994305 60.4331230568 130 0.0660763843003
3.70686381446 2.68481578876 2.80195570655 3.47495084876 58.5505012589 123 0.0659311678608
3.79603928398 2.73109280618 2.84409340259 3.56789195025 59.1717132279 126 0.0657865883075
3.65470998647 2.65624158922 2.77405259587 3.4247334945 58.1137151908 121 0.0656426414599
3.1987891309 2.41072026186 2.54363909386 2.94792437537 54.4812916869 106 0.0654993231737
3.73720493394 2.70046705232 2.81605055874 3.50710642983 58.7553421243 124 0.0653566293408
DEBUT ITERATION : 1
2.42379802421 1.98299753596 2.13705183417 2.11825526629 46.8404748669 82 0.49983338887
1.97517071289 1.70827174798 1.78121152272 1.65060359799 41.069349614 67 0.491642084562
1.94658576237 1.68610118974 1.75507798119 1.61150172921 40.6715491415 66 0.483714930668
1.95381545363 1.69152109528 1.75883196205 1.60882017214 41.1498626519 67 0.476039352586
1.97236749021 1.70422844419 1.77980701935 1.63821618333 41.0726888273 67 0.468603561387
1.97138573279 1.70265982953 1.77885305897 1.63394548606 41.0651425209 67 0.461396493387
1.97132543939 1.70311139347 1.77807924273 1.63574279838 41.0598425885 67 0.454407755226
1.96974950001 1.70187571705 1.77794857803 1.63262151302 41.0868094656 67 0.447627573859
1.9933999021 1.71753511565 1.79185248406 1.65232233467 41.459772619 68 0.441046750956
1.94716945353 1.68654526886 1.75561345997 1.61260726125 40.6594206127 66 0.434656621269
1.97147780061 1.70318652763 1.77833949533 1.63581622302 41.0792078684 67 0.428449014567
1.97350251708 1.70467890344 1.77880746149 1.63942630572 41.0792849064 67 0.422416220783
2.12903987654 1.80773388548 1.90253443743 1.78811546954 43.3951181144 73 0.416550958067
1.94644148231 1.68598512884 1.75493418753 1.61121569462 40.6775372892 66 0.410846343468
1.96964583974 1.70181347495 1.77893878751 1.63178399826 41.0713835721 67 0.405295865982
1.94658969981 1.68610589201 1.7550859295 1.61151002208 40.6717937976 66 0.39989336177
1.948507034 1.68763020552 1.75694540955 1.61534116194 40.6350379641 66 0.394632991318
1.96942972166 1.70165068503 1.77789307713 1.63208051838 41.0849456484 67 0.389509218385
1.97067601684 1.70214046028 1.77880546452 1.63264695048 41.0739735546 67 0.384516790567
1.94708637748 1.68647610143 1.75553193766 1.61242178139 40.6639878014 66 0.379650721336
1.94778517647 1.68702091822 1.75619371285 1.61378293358 40.6512885969 66 0.374906273432
1.96935385526 1.70160749743 1.7784689973 1.63128096488 41.0737660566 67 0.370278943471
1.97140686772 1.70308707525 1.77838976693 1.63551265082 41.0865986401 67 0.365764447696
1.9799336736 1.71071463507 1.78600076985 1.65599148922 41.0477151165 67 0.361358708745
1.94709619026 1.6864949257 1.75555565965 1.61248632675 40.6611609515 66 0.357057843371
1.96622034868 1.69908285266 1.77199544965 1.62460198186 41.0710047232 67 0.352858151023
1.96931520884 1.70156887993 1.77787540446 1.63188168908 41.0850259317 67 0.348756103232
1.97224683654 1.70329298803 1.77894628414 1.63551574107 41.0553622284 67 0.344748333716
1.97476186882 1.70655789164 1.77881783832 1.64472458693 41.0628107341 67 0.340831629175
1.96396530806 1.69774029857 1.7696840916 1.62178342644 41.0967822107 67 0.337002920692
1.97034177823 1.70231137913 1.77989351926 1.63299872526 41.0670949063 67 0.333259275717
1.96455524643 1.69789827427 1.76926689941 1.62169595877 41.0849019609 67 0.329597890574
1.97062691684 1.7025059615 1.77825741345 1.63409293212 41.0949968863 67 0.32601608346
1.96444056902 1.69809474831 1.77035946672 1.62259962692 41.1099837065 67 0.322511287895
1.96922294423 1.70147608528 1.77789158708 1.63162432492 41.0885043474 67 0.319081046586
1.97501532604 1.70678883681 1.77882643262 1.64535047284 41.0490896261 67 0.315723005683
1.9428290774 1.68374411042 1.75250488778 1.60586167884 40.6653236233 66 0.312434909394
1.97184574032 1.70346379171 1.77838169937 1.63650465789 41.0736837249 67 0.309214594929
1.96843722054 1.70091851108 1.77699914698 1.62963144599 41.0732628933 67 0.306059987758
1.94626153769 1.6858435766 1.75476014503 1.61086699209 40.6812937432 66 0.302969097152
1.97136258144 1.7030588541 1.7783709685 1.63545235661 41.086421859 67 0.299940011998
1.97070078735 1.70260094552 1.7780454638 1.63443351052 41.0738409091 67 0.296970896852
1.97107739724 1.70284172182 1.77833972296 1.63491020155 41.0911951303 67 0.294059988238
1.97120729982 1.70250615176 1.77886088293 1.63353929533 41.0750031372 67 0.291205591147
1.9710538029 1.70283441682 1.77831769464 1.63490862036 41.0892288534 67 0.288406075755
1.97225800131 1.70374596484 1.77868169224 1.6371011016 41.0906290139 67 0.28565987431
1.94700503685 1.68639768593 1.75543098841 1.61222482601 40.6717779684 66 0.282965478212
1.97191358789 1.70349260768 1.77861584904 1.6364876353 41.0901707929 67 0.280321435246
1.97257550958 1.70400034778 1.77869975292 1.63775183338 41.0839450622 67 0.277726346973
1.97887372353 1.70889208521 1.78147978497 1.63393434085 41.5480833429 68 0.275178866263
1.96846368413 1.70090454582 1.7778193421 1.63020170906 41.0991533346 67 0.272677694965
1.95308205345 1.69096402135 1.75751017335 1.60742349947 41.1568678498 67 0.270221581697
1.97331015907 1.70458670427 1.77874037526 1.63924815737 41.0675339363 67 0.267809319764
1.97850791956 1.70857541238 1.78107652536 1.63307655017 41.5544561459 68 0.265439745178
2.33006176602 1.9352077081 2.06974842633 1.99366157951 45.9024495105 80 0.263111734783
1.97320954972 1.70450048689 1.77872668939 1.63902871633 41.0716408848 67 0.260824204486
1.97077666465 1.70336956711 1.778302561 1.63654750094 41.0937028388 67 0.258576107568
1.97203152896 1.7035937997 1.77839212374 1.63682658926 41.0755359456 67 0.256366433088
1.97895142526 1.70994588863 1.7840910911 1.65398477999 41.0632176601 67 0.254194204372
1.96854069649 1.7009965914 1.77717091117 1.62981864024 41.0700594343 67 0.252058477567
1.97437301116 1.70631634891 1.77877518553 1.64414361562 41.0564832407 67 0.249958340277
1.94704694325 1.68644391718 1.7554920613 1.61234568008 40.6660375584 66 0.247892910263
1.96498245148 1.69818893625 1.76993613975 1.62240811907 41.0821595751 67 0.245861334208
1.93720215355 1.67934532731 1.74715708519 1.59471526616 40.6925705113 66 0.243862786539
1.9720529968 1.70360253637 1.77842547462 1.63682984266 41.0753808917 67 0.241896468312
1.94690488899 1.68633494156 1.75535926376 1.6120751616 40.6697613235 66 0.239961606143
1.97536890571 1.70692335285 1.77839332364 1.64580900159 41.0468942929 67 0.238057451198
1.97431327271 1.70627951353 1.77873291059 1.644074759 41.056012025 67 0.236183278224
1.98017431436 1.710885491 1.786422847 1.65643493088 41.0468168337 67 0.234338384627
1.97333647126 1.70456742202 1.77877844299 1.63916074179 41.0766030961 67 0.232522089599
1.97167736016 1.70335750212 1.77833691284 1.63626561269 41.0737693761 67 0.230733733272
1.97855176463 1.70863058403 1.78115031352 1.63324666684 41.5525341759 68 0.228972675927
1.97143432481 1.70314863636 1.77834345703 1.63571409128 41.082167807 67 0.227238297228
1.96668995737 1.69975651795 1.77408492506 1.62664843388 41.0919294379 67 0.225529995489
1.96818602064 1.70143580068 1.77778018856 1.63183522229 41.1054131843 67 0.223847186987
1.97128862657 1.70258541445 1.77885139886 1.63375615991 41.0694004642 67 0.222189305288
1.97144736012 1.70355190421 1.77971423831 1.63653932457 41.0778919866 67 0.220555800618
1.97476103659 1.70653976828 1.77885535601 1.64464357044 41.0661630842 67 0.21894613925
1.94674410394 1.68620993514 1.75520686365 1.61176151565 40.671632564 66 0.217359802927
1.97305385461 1.70436997546 1.77872483576 1.63868839864 41.0756769285 67 0.215796288304
1.97112661051 1.70293145901 1.77830424742 1.63518410524 41.0790463004 67 0.214255106413
1.96988559501 1.70198234883 1.77931676341 1.63219201002 41.0708110737 67 0.212735782159
1.97850652964 1.70859736902 1.78110591299 1.63317961834 41.5536736169 68 0.211237853823
1.97651485782 1.70923834508 1.7833249816 1.65292262529 41.0703129937 67 0.209760872605
1.9470833734 1.68648000736 1.75553690182 1.61244552017 40.6642353989 66 0.208304402166
1.9803175329 1.71100155955 1.78671742785 1.65674167642 41.0427473387 67 0.206868018204
1.94967948804 1.68976380897 1.75994667678 1.62155618447 40.6771151726 66 0.20545130804
1.97117353263 1.70249054307 1.77886343181 1.63350394877 41.0746290508 67 0.204053870222
1.9473405879 1.68666093364 1.75575151481 1.61288305002 40.6616585669 66 0.202675314147
1.98019430761 1.70985730772 1.78270396111 1.63622528878 41.5507123595 68 0.201315259697
1.9657789115 1.69878842646 1.77135375079 1.62390478257 41.0674254421 67 0.199973336888
1.96888799477 1.70127427059 1.77769608398 1.63045697436 41.0783725205 67 0.198649185538
1.95066760891 1.69051824354 1.76160185508 1.62343971359 40.6550715923 66 0.19734245494
1.94674384719 1.68620612748 1.75520141961 1.61174995497 40.6719249865 66 0.196052803555
1.97061231162 1.70209041422 1.77878133649 1.6325304831 41.076385784 67 0.194779898714
1.94710951642 1.68649120179 1.75554942914 1.61245934195 40.6627319078 66 0.193523416333
1.95035613539 1.69029789142 1.76111083552 1.62291000514 40.6569036255 66 0.192283040636
1.95297025258 1.69213094968 1.7655363172 1.62756819665 40.642670488 66 0.19105846389
1.94835255891 1.68750331666 1.75679186705 1.61500830354 40.6371279794 66 0.189849386154
1.97746229951 1.70889938276 1.78179901959 1.65146962527 41.0567933235 67 0.18865551503
1.97928605592 1.70917537431 1.7818262676 1.63462102804 41.5512667756 68 0.187476565429
1.97106398605 1.70243677081 1.7788148207 1.63340312871 41.0665473195 67 0.186312259347
1.9645371331 1.69788179205 1.76922879723 1.621655181 41.0883317461 67 0.185162325639
2.32053027597 1.92895510241 2.06827969875 1.99723443377 45.5134596857 79 0.184026499816
1.96449353625 1.69785036305 1.76916185792 1.62158130317 41.0877188986 67 0.182904523839
1.94741685319 1.68671103156 1.75581361223 1.612992463 40.6631327182 66 0.181796145922
1.97341763305 1.70462251401 1.77878763074 1.63929382773 41.0765768446 67 0.180701120347
1.95636125636 1.69396358149 1.7652489605 1.61545904802 41.1627742908 67 0.179619207281
1.96968846582 1.70139929441 1.77847085482 1.630879562 41.0706331425 67 0.178550172598
1.94643873358 1.68600342615 1.75495916107 1.61128158595 40.6676268843 66 0.177493787717
1.95241414229 1.6917188166 1.76456505943 1.6265372836 40.6495879838 66 0.176449829432
1.97449031965 1.70641422138 1.77876378815 1.64441426303 41.0549907167 67 0.175418079757
1.96800391605 1.700714697 1.77630816941 1.62901690682 41.0731018472 67 0.174398325776
1.96904153579 1.70205579515 1.77788765087 1.63335572556 41.1005391209 67 0.173390359496
1.97539811433 1.70739645546 1.77833304555 1.64773851086 41.0684643595 67 0.172393977704
1.97145806981 1.70271612057 1.77885305506 1.63409193596 41.0629366182 67 0.171408981831
1.97806850491 1.70889771704 1.7808759019 1.6507433722 41.0302451267 67 0.170435177821
1.94906760637 1.68936296583 1.75946450919 1.62060815917 40.6719361451 66 0.169472376003
1.97036239587 1.70191241868 1.77877366526 1.6320842482 41.0787064954 67 0.168520390967
1.97787292712 1.70920918082 1.78257167969 1.65228057834 41.0521570212 67 0.167579041448
1.97245539639 1.70391412133 1.77869111391 1.63753545124 41.081901372 67 0.166648150206
1.97028095731 1.70226457907 1.77987121286 1.63288878167 41.0689628826 67 0.165727543918
1.9474045406 1.68676156955 1.75588487066 1.61317103055 40.6477292944 66 0.164817053071
1.96879994944 1.70114365728 1.77784307278 1.63079217667 41.0974261437 67 0.163916511857
1.94640844485 1.68597297904 1.75492263477 1.61119481184 40.6733528331 66 0.16302575807
1.97525741872 1.70696043398 1.77881578961 1.64580339075 41.0468079321 67 0.162144633013
1.97215905023 1.70374097308 1.7783932415 1.63722954773 41.0625925053 67 0.1612729814
1.97741501872 1.70887733427 1.78174740808 1.651415859 41.0570959066 67 0.160410651267
1.9475925553 1.68688704608 1.75603502634 1.61346518857 40.6523964982 66 0.159557493884
1.94754871873 1.68683366755 1.75596680207 1.61331391764 40.6550295311 66 0.158713363665
1.94760921465 1.68686714448 1.75600283528 1.61339143134 40.6572315965 66 0.157878118093
1.98095617921 1.71041587906 1.78339550618 1.63762339124 41.5462967837 68 0.157051617632
1.96567060891 1.69901090259 1.77250476689 1.62487599482 41.0860367945 67 0.156233725654
1.97214517297 1.70366406426 1.77866712007 1.63690052321 41.0896571605 67 0.155424308362
1.96422891571 1.69767467242 1.76875754518 1.62115115598 41.088170232 67 0.154623234718
1.94633547768 1.68589096621 1.75481804186 1.61096916037 40.6838859192 66 0.153830376372
1.96385488176 1.69767733127 1.76957837567 1.62165598914 41.0929039969 67 0.153045607591
1.94717529837 1.68653847138 1.75560382892 1.6125795932 40.6639206406 66 0.152268805197
1.94941654375 1.68960517754 1.75976034544 1.6211941273 40.6699234795 66 0.1514998485
1.9607229212 1.69435579743 1.76099127005 1.61285107795 41.1054058459 67 0.150738619234
1.98012807549 1.7097850265 1.78260674656 1.63603314653 41.5547758678 68 0.1499850015
1.9632147074 1.69719043732 1.76841532443 1.62042984034 41.1068877383 67 0.149238881703
1.97519248118 1.70692265081 1.77884289183 1.64569450397 41.0461691678 67 0.1485001485
1.97263788963 1.70360028654 1.77895587774 1.6363045282 41.0430206783 67 0.14776869274
1.97172975971 1.70335855173 1.77838713605 1.63622282157 41.0793407212 67 0.147044407411
1.9530804728 1.69096211718 1.75752567286 1.60743197477 41.1567870639 67 0.146327187591
1.97487305037 1.7066741623 1.77880956619 1.6450549805 41.053471672 67 0.145616930395
1.97137931337 1.70267939845 1.77881712117 1.63402485221 41.0554768119 67 0.144913534924
1.97781010482 1.70912264323 1.78229271667 1.65200249359 41.0616104067 67 0.144216902221
1.97739625409 1.70886566313 1.78172670872 1.65139204787 41.0549997581 67 0.143526935222
1.96570191607 1.69903275807 1.77256827695 1.62493799252 41.0850899769 67 0.142843538711
1.96896140916 1.7016731262 1.77904652195 1.63200181171 41.0827872935 67 0.142166619278
1.94650115211 1.68603713858 1.75499874934 1.61134916604 40.6717496666 66 0.141496085275
1.94617357711 1.68579515349 1.75470984236 1.61074534328 40.6769958002 66 0.140831846775
2.40952638216 1.9843695028 2.12925547044 2.06998299235 46.9194107119 83 0.140173815531
1.97331157656 1.70458135318 1.77875213633 1.63922618582 41.0700679081 67 0.139521904939
1.97310431391 1.70440520652 1.778722719 1.63877952424 41.0792686719 67 0.138876029997
1.97178852892 1.70375934523 1.77977885176 1.63701293701 41.0841337873 67 0.138236107271
1.96338716985 1.69704748059 1.76746432832 1.61967852125 41.0838316354 67 0.137602054857
1.97285758981 1.70421340863 1.77870197661 1.63829390545 41.0796777292 67 0.136973792348
1.99903200511 1.72165383646 1.8002847901 1.66251270327 41.4297687659 68 0.136351240796
1.97487767457 1.70667446743 1.77881282162 1.64505274233 41.0549820572 67 0.135734322686
1.97649017086 1.70818784986 1.78027958893 1.64978398475 41.0597835092 67 0.135122961895
1.96671278515 1.69976227895 1.77410021444 1.62666225809 41.0944587578 67 0.13451708367
1.96973620302 1.70188559712 1.7790953909 1.63195638999 41.0683765978 67 0.133916614588
1.97752809955 1.70894304991 1.78189068754 1.65157080843 41.058138299 67 0.133321482535
1.97464031787 1.70714904674 1.77785664445 1.64720518529 41.0837762426 67 0.132731616671
1.97123950735 1.70253609528 1.778855402 1.63362195203 41.0735407285 67 0.132146947406
2.10539889738 1.792593004 1.88827774293 1.76814952912 43.0122207025 72 0.131567406368
1.97252397966 1.70395440006 1.77868469007 1.63763698106 41.0843146421 67 0.130992926382
1.9784877682 1.70965449143 1.78363165052 1.65340398297 41.046721954 67 0.13042344144
1.97119737451 1.70251308989 1.77883111418 1.63357852236 41.0695753449 67 0.129858886676
1.97816561324 1.70939622664 1.78298827926 1.65272871747 41.0545920814 67 0.129299198345
1.97224461839 1.70377609693 1.77841138587 1.63729733536 41.0706233553 67 0.128744313793
1.95095369068 1.69074198931 1.76216314373 1.62402463269 40.6505207641 66 0.128194171438
1.97217310208 1.70368681274 1.77864835163 1.63696726449 41.087327199 67 0.127648710748
1.98767862577 1.71247852681 1.78543178906 1.6389965777 41.4814754205 68 0.127107872214
1.97255306503 1.70398281692 1.77868188034 1.63771274865 41.0835502191 67 0.126571597334
1.97120368959 1.70254086631 1.77881467554 1.63366972608 41.0636868408 67 0.126039828586
1.99788010679 1.72082303616 1.7989199853 1.66111187006 41.4638400683 68 0.125512509413
1.94203054176 1.68314472839 1.75178157937 1.60438519367 40.6790255676 66 0.124989584201
1.95143675819 1.69109757203 1.76300305722 1.6249151935 40.644315782 66 0.124470998257
1.97730039871 1.70832933776 1.77947113588 1.64927005938 41.0408165536 67 0.123956697794
1.97501074684 1.70674324056 1.77885221512 1.64519024903 41.0572913163 67 0.123446629907
1.9719599089 1.70349781396 1.77865028492 1.63646786253 41.0959183835 67 0.122940742562
1.97178791272 1.70338125028 1.77863826826 1.6361816019 41.0932335388 67 0.122438984573
1.96905767763 1.70133268332 1.77788655341 1.63125136044 41.0969431326 67 0.121941305585
1.96609423613 1.69930599379 1.77302685946 1.62552536738 41.1054633948 67 0.12144765606
1.94692089305 1.68636661226 1.75539833477 1.61218194229 40.6632248033 66 0.120957987259
1.96924277296 1.70152004605 1.77824567076 1.63105111141 41.0788820656 67 0.120472251225
1.97233002201 1.70335291376 1.77896064543 1.6356588646 41.0545422335 67 0.119990400768
1.94722700288 1.68658955459 1.75566936858 1.61271468656 40.6598087427 66 0.119512389451
1.98734703085 1.71329901424 1.78666626719 1.64177417164 41.4996261817 68 0.119038171574
1.95050019859 1.69041143045 1.7613811762 1.62319639661 40.6536816069 66 0.118567702158
1.97042395853 1.70240065169 1.7798618562 1.63325662083 41.057557548 67 0.118100936934
1.95112523557 1.69087089191 1.76247703122 1.62435446966 40.6483803676 66 0.117637832327
1.96634831718 1.69950666391 1.77350453745 1.62603044735 41.0973090677 67 0.117178345442
1.94788202723 1.68707784523 1.75626208139 1.61390514523 40.6533672234 66 0.116722434052
1.97430169654 1.70627789991 1.77850464413 1.64417884682 41.0425957245 67 0.116270056585
1.95081912796 1.69066827934 1.76203067378 1.62387199736 40.6467893999 66 0.11582117211
1.97018428178 1.70289506749 1.77825970796 1.6353365119 41.1041128303 67 0.115375740328
1.96524668894 1.69870088997 1.77179423623 1.62411504241 41.0921427361 67 0.114933721554
1.98775018478 1.71358723786 1.7870198169 1.64250263575 41.4922037506 68 0.114495076712
1.97036836556 1.7023245847 1.77990628946 1.63302304421 41.0695100879 67 0.114059767318
1.99627058617 1.7196605802 1.79662550574 1.65757215625 41.4483234248 68 0.113627755473
1.9717314547 1.70291741889 1.7788892097 1.63458862121 41.0610283639 67 0.113199003849
1.9469547362 1.68640727155 1.75545247572 1.61228949193 40.6569418594 66 0.112773475679
1.97484180734 1.70666275722 1.77882279314 1.64502296841 41.0517341118 67 0.112351134746
2.02019536751 1.73571213613 1.81096783255 1.67957185271 41.8728265712 69 0.111931945377
1.96246890443 1.69567368305 1.76384100638 1.61598452485 41.1028617641 67 0.111515872426
1.97030421927 1.70301832471 1.77823062809 1.63568543421 41.0971346067 67 0.111102881268
1.96759932912 1.69988075854 1.77515064014 1.62722800057 41.0778333057 67 0.110692937791
1.97115040817 1.70293401134 1.77831384186 1.63517908934 41.0822631569 67 0.110286008382
1.9770388307 1.7085826317 1.78101530968 1.65064669197 41.0649910797 67 0.109882059922
1.94670625571 1.68618130245 1.75517108536 1.61169795353 40.672861013 66 0.109481059777
1.96035240004 1.69407569437 1.76036686428 1.61216439699 41.1036212374 67 0.109082975784
1.96408497434 1.6975631438 1.7684840137 1.62086505045 41.0968930085 67 0.108687776248
1.97327757506 1.70455923563 1.77875297711 1.63917108574 41.0695565651 67 0.108295429933
1.95630326413 1.6939585907 1.76529328993 1.61549036873 41.1591383641 67 0.10790590605
1.97474354031 1.70658323157 1.77881418748 1.64481526819 41.0539961335 67 0.107519174253
1.96182828862 1.69518542229 1.7627385507 1.61480387077 41.1110395768 67 0.107135204628
1.97824039337 1.7094651005 1.78317510602 1.65292064249 41.0510358033 67 0.106753967689
1.94680018276 1.68626161932 1.75526826241 1.6119067231 40.6671097102 66 0.106375434366
1.97164145596 1.70286244704 1.77886120712 1.63446634426 41.0559395009 67 0.105999576002
1.99281370718 1.71695340002 1.79114977774 1.65028064888 41.4666272514 68 0.105626364341
1.97989315873 1.70962249995 1.7823851487 1.63571000239 41.5439264271 68 0.105255771525
1.97736302858 1.70835399258 1.77951064574 1.64931571225 41.0426839975 67 0.104887770086
1.9722781752 1.70380780251 1.77841627618 1.63737797212 41.0673606803 67 0.104522332938
1.94619379911 1.68580723744 1.75472061745 1.6107862714 40.6762097113 66 0.104159433373
1.99507665001 1.71884232663 1.79438086955 1.65533809621 41.4827341589 68 0.103799045049
1.97216641549 1.70375357585 1.7783638319 1.63727850458 41.0612264525 67 0.10344114199
1.97213204161 1.70366716109 1.77862682142 1.63693329654 41.0881660827 67 0.103085698577
1.96937879811 1.70231325517 1.77791520864 1.63400365853 41.097419292 67 0.102732689542
1.94636038093 1.68593408281 1.75487690939 1.61108945743 40.6744645687 66 0.10238208996
1.97736656931 1.70884366485 1.78187780407 1.65146993085 41.0461860634 67 0.102033875247
1.9684053718 1.70129458233 1.77863755205 1.63109392681 41.0791503231 67 0.101688021151
1.97012538211 1.70215206566 1.77822063099 1.63321917645 41.0937513325 67 0.10134450375
1.96821351823 1.70114251743 1.77841146721 1.63078084914 41.0689830825 67 0.101003299441
1.9476663432 1.68693724668 1.75609512876 1.6135828 40.6520819943 66 0.100664384941
1.97363990433 1.70579567555 1.7784702262 1.64293775459 41.0502084189 67 0.100327737275
1.97897730678 1.70999511996 1.78425461687 1.6541478256 41.0588025697 67 0.0999933337777
1.95275729956 1.69198881881 1.76519978549 1.62721294766 40.6424562881 66 0.0996611520829
1.97725038204 1.70871581328 1.78131046534 1.65096447789 41.0672124468 67 0.0993311701212
1.96474576795 1.6980284461 1.76958093448 1.62202440085 41.0807278155 67 0.0990033661144
1.96708257635 1.70003903239 1.77472947373 1.62733836003 41.0867577595 67 0.0986777185711
1.97101411589 1.70279353178 1.77832564356 1.63479323814 41.0902700466 67 0.0983542062816
1.9803794037 1.71101360498 1.78668971233 1.65672752569 41.0483724371 67 0.0980328083132
1.97524955378 1.70673348402 1.77792999478 1.64566702488 41.0771482358 67 0.0977135040063
1.99490251536 1.71875231032 1.79421817538 1.65514912128 41.4755283001 68 0.0973962729693
1.94710846667 1.68650872465 1.75557076948 1.61252946616 40.6570764797 66 0.0970810950748
1.97707352805 1.70815437324 1.77904179224 1.64881864687 41.0444412841 67 0.0967679504548
1.94277478459 1.68368565889 1.75243421504 1.60569377086 40.675053785 66 0.0964568194971
1.96432412923 1.69773914422 1.76892816757 1.62132312928 41.0852794224 67 0.0961476828408
1.9647637554 1.69803243617 1.76954617227 1.62200490461 41.0898657851 67 0.0958405213724
1.94607826306 1.68574340572 1.75464627197 1.61065493463 40.6733764033 66 0.0955353162219
1.97101052059 1.70280056191 1.77831900981 1.63482104393 41.0904123356 67 0.0952320487588
1.97087881875 1.70343429895 1.77832018594 1.63669948999 41.0958026434 67 0.0949307005886
1.94691248257 1.68634395295 1.75537108258 1.61209951649 40.6665433514 66 0.0946312535487
1.96430293281 1.69799979722 1.77013979133 1.62236578016 41.1110871682 67 0.094333689705
1.97099005576 1.70322513706 1.77945140518 1.63581005581 41.0685449516 67 0.0940379913485
1.9754920107 1.70702948404 1.77841411798 1.64608660871 41.0426553869 67 0.0937441409912
1.95291578531 1.69082424884 1.75718493429 1.6070766221 41.1597196936 67 0.0934521213632
1.97482799756 1.70662975832 1.77884955849 1.64490759618 41.0578733965 67 0.093161915409
1.97352603454 1.70470530493 1.77879560146 1.63950220934 41.0749062458 67 0.0928735062844
1.97447911913 1.70638336991 1.7787770092 1.64431119736 41.0594247777 67 0.0925868773532
1.97925390735 1.70915821599 1.78180847732 1.63457308175 41.5481953113 68 0.0923020121839
1.97708039691 1.70863207309 1.7811619759 1.65079461381 41.0604109023 67 0.0920188945463
1.96931968863 1.70156861851 1.77833983326 1.63115844579 41.0777692957 67 0.0917375084093
1.94702239997 1.68643182029 1.75547537024 1.61233219266 40.6658488373 66 0.0914578379367
1.9709382988 1.7023246638 1.77883547385 1.6330978615 41.0739693289 67 0.0911798674853
1.94618525426 1.68581745886 1.75473371164 1.61083286776 40.6696865576 66 0.0909035816011
1.9778165745 1.70919864382 1.7825885634 1.65228883827 41.0475693511 67 0.0906289650172
1.97221844277 1.70372221042 1.77867848037 1.6370442848 41.0868243066 67 0.0903560026504
1.99965613975 1.72216069611 1.80065868036 1.66443250478 41.4536139833 68 0.0900846795988
1.94723199862 1.68658729099 1.75566388804 1.61271197139 40.663132527 66 0.0898149811389
1.97140757285 1.70312870709 1.77834593353 1.63566164511 41.0796956374 67 0.0895468927228
1.94673084372 1.68621251849 1.75521009979 1.61178933601 40.668511882 66 0.0892803999762
1.96671020069 1.69975552986 1.77404945527 1.62662325318 41.0945089268 67 0.089015488695
1.95348143476 1.69125787181 1.75820469213 1.60815759511 41.1548062214 67 0.0887521448435
1.94687728482 1.68632793908 1.75534943581 1.61208666901 40.6652350253 66 0.0884903545514
1.97193125272 1.70388107547 1.77977102401 1.63733404768 41.0770940184 67 0.0882301041115
2.07972630971 1.77492458907 1.86761363025 1.74085543826 42.6111114282 71 0.0879713799777
1.93748117042 1.67955271771 1.74740844695 1.59522210061 40.6868580192 66 0.0877141687621
1.97083490561 1.70225914584 1.77879279385 1.63295781554 41.074384979 67 0.0874584572328
1.96744840028 1.69975036938 1.77483652008 1.62689560967 41.0855098093 67 0.0872042323121
1.97084425882 1.70376871261 1.77968646501 1.63732739392 41.1016480806 67 0.0869514810736
1.97501530616 1.70677932526 1.77881056135 1.64533092647 41.0523775407 67 0.0867001907404
1.94617860179 1.68581947683 1.75473985128 1.61083814515 40.6700576971 66 0.0864503486831
1.97115101223 1.70247127524 1.77884533628 1.63346158567 41.0736129306 67 0.0862019424171
1.97125295953 1.70297550389 1.77834932705 1.63524840522 41.0875489292 67 0.0859549596012
1.94598343374 1.68563910246 1.75451354518 1.61036677345 40.6834501986 66 0.085709388035
1.94712671484 1.68650074387 1.75555906301 1.61248283258 40.6662048623 66 0.0854652156572
1.94726086539 1.68662120094 1.75570597848 1.61280940042 40.65686915 66 0.0852224305437
1.97444528543 1.70635018708 1.77879258988 1.64421002673 41.0626919196 67 0.0849810209053
1.9553765973 1.69273465219 1.76169766656 1.61185887416 41.1252926272 67 0.0847409750862
1.96226777019 1.69554369673 1.76357520912 1.61568871903 41.0949693497 67 0.0845022815616
1.95299367974 1.69215863282 1.76561571082 1.62764963007 40.6419384062 66 0.0842649289366
1.94849046643 1.68757334805 1.75686975938 1.61515641102 40.6432063359 66 0.0840289059436
1.94684193487 1.68628822504 1.75530353609 1.61195570819 40.6675287958 66 0.0837942014413
1.96410530819 1.69757693385 1.76851770752 1.62089968759 41.096181257 67 0.083560804412
1.97456158165 1.70644559494 1.7788017675 1.64446063464 41.057897122 67 0.0833287039609
1.97961978857 1.71049526591 1.78550034912 1.65545523953 41.0479653135 67 0.0830978893136
1.97630500385 1.70806708486 1.77998068864 1.6494711959 41.0553945867 67 0.0828683498149
1.95571088789 1.69348027404 1.76415989826 1.61428746001 41.1648162553 67 0.082640074927
1.97615913533 1.70751984457 1.77844862839 1.64735350229 41.0351214982 67 0.0824130542278
1.94756935227 1.68683022029 1.75595735095 1.61329419062 40.6601710038 66 0.0821872774095
1.97626947236 1.7075691387 1.77872100846 1.6473328918 41.0542748229 67 0.0819627342768
1.96851585842 1.70099201771 1.77718259638 1.62981607065 41.0663270982 67 0.0817394147458
1.97271779029 1.70411917703 1.77871976089 1.63805078068 41.079429958 67 0.0815173088419
1.97003146512 1.70207025569 1.77821310742 1.63300747126 41.0958140866 67 0.0812964066988
1.94660194712 1.68610575964 1.75507809145 1.61151787615 40.6706133473 66 0.0810766985568
1.9715736275 1.70323260631 1.77838678165 1.63589596488 41.080006604 67 0.0808581747615
1.97177389097 1.70293876926 1.77892446878 1.63461937772 41.0643799143 67 0.0806408257621
1.97816922624 1.70834988723 1.78079865761 1.632561926 41.5533845224 68 0.0804246421103
1.97535466732 1.70735092116 1.77821098459 1.64761108658 41.071584239 67 0.0802096144591
1.97426946093 1.7068455717 1.77784748342 1.64637986741 41.0939675347 67 0.0799957335609
1.94643538673 1.6859830807 1.75493368711 1.61120741325 40.6752025553 66 0.0797829902665
1.971788906 1.70295962394 1.7788997962 1.63468997479 41.0590038691 67 0.0795713755238
1.97705923572 1.70865157204 1.78146282425 1.65101881348 41.0416201828 67 0.0793608803767
1.95275439168 1.69197182759 1.7651511839 1.62716310302 40.6439430595 66 0.0791514959633
1.94689447522 1.6863398222 1.75536796642 1.61209785322 40.6640390868 66 0.0789432135151
1.97687448933 1.70802438738 1.77893018855 1.64861202759 41.0305582097 67 0.0787360243557
1.97057491112 1.70321350284 1.77828458304 1.63615533221 41.0966863999 67 0.0785299198995
1.94777912993 1.68699964457 1.75616528809 1.61371776758 40.656004026 66 0.0783248916506
1.97864010366 1.70869089842 1.78122248727 1.63339615353 41.5524039848 68 0.0781209312015
1.9620345105 1.69536387102 1.76317594569 1.61525729101 41.1008145656 67 0.0779180302322
1.9684576271 1.70159410688 1.77783976248 1.63218415485 41.1087306529 67 0.0777161805088
1.96452576313 1.69785782773 1.76914272511 1.62157408083 41.0979071273 67 0.0775153738825
1.9731137567 1.70438450598 1.77877672357 1.63868517097 41.0814890614 67 0.0773156022885
1.96518790355 1.69834386803 1.77029140575 1.62278795951 41.0791591032 67 0.0771168577451
1.94249468998 1.68346858142 1.75217161366 1.60515043007 40.6817796497 66 0.0769191323522
1.94746470225 1.68674638199 1.75585744701 1.61307215842 40.6633350077 66 0.0767224182906
1.97195651054 1.70355787101 1.77837461526 1.63675517775 41.0738159659 67 0.076526707821
1.95301308083 1.69217759617 1.76567378994 1.62770651183 40.6407014867 66 0.0763319932828
1.94645032378 1.68598399768 1.75493144455 1.61120403841 40.6789652088 66 0.076138267093
1.97077207342 1.7026328806 1.77828693849 1.63441297131 41.0892624962 67 0.0759455217457
1.94721302798 1.68658180067 1.75566231983 1.61269250906 40.6593734444 66 0.0757537498106
1.94455534099 1.68546479953 1.75472686601 1.61050966437 40.6755231752 66 0.0755629439323
1.96443791073 1.6980788899 1.77029755884 1.62254209296 41.1140081345 67 0.0753730968293
1.93714656174 1.67931124871 1.74712210021 1.59462431976 40.6932773777 66 0.0751842012932
1.94628018148 1.68587096962 1.75479815853 1.6109373138 40.6761213058 66 0.0749962501875
1.96902000999 1.70130749027 1.77787453591 1.63119466003 41.0961663516 67 0.0748092364471
1.94659048681 1.68610682964 1.75508784672 1.61151264647 40.6713248447 66 0.074623153077
2.10229773995 1.78981677357 1.88356251944 1.76064839503 43.0112606754 72 0.0744379931517
1.97533465006 1.70735968585 1.77826530514 1.64766162786 41.0678846306 67 0.0742537498144
1.96634797962 1.69949008718 1.77343975733 1.62597014012 41.1008605625 67 0.0740704162757
1.97884519641 1.70886970882 1.78145404445 1.63386597621 41.5478632747 68 0.0738879858135
1.96971751114 1.7018486228 1.77898032423 1.63184415893 41.0783811343 67 0.0737064517714
1.97035983924 1.70235298313 1.77799066154 1.63383051129 41.0751749006 67 0.0735258075585
1.97084071004 1.70264938193 1.77832359174 1.63441716415 41.0935617686 67 0.0733460466481
1.97206773682 1.70317390363 1.77892194335 1.63523035404 41.0529680125 67 0.0731671625774
1.98066374553 1.71125039226 1.7873070531 1.65736789114 41.0422579152 67 0.0729891489465
2.02212368659 1.7367647865 1.81267690418 1.68167501816 41.8534735886 69 0.0728119994175
1.96988739097 1.70200957412 1.77942366205 1.63229107935 41.0648642834 67 0.0726357077139
1.94889561297 1.68920515975 1.75926063458 1.62017334062 40.6813305913 66 0.0724602676199
1.96843725834 1.7015968498 1.77784294153 1.63220100703 41.1057634092 67 0.0722856729796
1.97259554679 1.70397989802 1.77871111734 1.63767229537 41.0870555989 67 0.0721119176963
1.97215815955 1.70410399304 1.77974970082 1.63794222879 41.0684469811 67 0.0719389957316
1.97187951633 1.70349007127 1.77837947162 1.63657214628 41.0729604269 67 0.0717669011052
1.97786572494 1.70871527244 1.78037910477 1.65023334116 41.0383047038 67 0.0715956278937
1.96586302253 1.6991380823 1.77263346839 1.62510788133 41.1075449181 67 0.07142517023
1.97007031364 1.70280918933 1.77823736321 1.6351273617 41.1051365151 67 0.071255522303
1.97856659305 1.70969109516 1.7836883612 1.65347180104 41.0484271976 67 0.0710866783565
1.97098312752 1.70276647364 1.77834408577 1.6347134439 41.0909606189 67 0.0709186326888
1.97025987818 1.70265790769 1.77937062766 1.63438882131 41.0777593251 67 0.0707513796519
1.93671013446 1.67900312636 1.74675256227 1.59388461804 40.6995083818 66 0.0705849136511
1.94768067666 1.68695298741 1.75611244142 1.61363206857 40.6508896902 66 0.0704192291442
1.97242267415 1.70388941916 1.77867898316 1.63747929528 41.082569169 67 0.0702543206407
2.02478928905 1.73907112855 1.81884320084 1.68802859293 41.8460974966 69 0.0700901827017
1.96885887419 1.70123786119 1.77759716991 1.63035537743 41.0816831764 67 0.0699268099389
1.94617531387 1.6857894525 1.7546969369 1.61073943286 40.6789258372 66 0.0697641970141
1.94664437951 1.68615960328 1.75514868084 1.61166903308 40.6652574578 66 0.0696023386386
1.95077059811 1.69060276607 1.76181234344 1.62365987284 40.6530311087 66 0.0694412295727
1.97136657381 1.70264208873 1.7788583187 1.633895522 41.0672130253 67 0.0692808646252
1.99957729057 1.72206359816 1.80053092905 1.66414346135 41.462808121 68 0.0691212386526
1.97847816178 1.71067323 1.78661891717 1.65648194449 41.0686667296 67 0.0689623465588
1.9633843592 1.69704928571 1.76746661904 1.61968220261 41.0809984235 67 0.0688041832943
1.9801661652 1.7108600628 1.78634381457 1.65635422513 41.047828896 67 0.0686467438561
1.96883097406 1.7011805216 1.77783570087 1.63089657205 41.0947905935 67 0.0684900232866
1.97115160261 1.7024937088 1.77858052819 1.63362555603 41.0464742513 67 0.0683340166735
1.97010373428 1.70251837141 1.77937550615 1.63401975909 41.0839334959 67 0.0681787191491
1.96357682577 1.69746884385 1.76907725531 1.62112950201 41.0968483826 67 0.06802412589
1.97270277043 1.70411168946 1.77870659974 1.63804008831 41.0777162486 67 0.0678702321162
1.94801038946 1.68722719335 1.75645365653 1.61431407958 40.6420905843 66 0.0677170330911
1.97229303534 1.70377953642 1.7786504262 1.63720458448 41.0864567753 67 0.0675645241205
1.96443469554 1.69810086205 1.77053801892 1.62269944527 41.0863885119 67 0.0674127005528
1.98080035958 1.71030159927 1.78325683695 1.63732940137 41.5484977224 68 0.0672615577777
1.96855986343 1.70137369792 1.77877981691 1.6312594165 41.0829561354 67 0.0671110912263
1.97302128617 1.70432517758 1.77874578658 1.63855343129 41.0796914691 67 0.0669612963707
1.97877764672 1.70985711339 1.78410239573 1.65390654873 41.046939592 67 0.066812168723
1.97217149684 1.70367887879 1.77865875212 1.63693803923 41.0889064853 67 0.0666637038354
1.94671757315 1.68618398242 1.75517143499 1.61170140538 40.6730799282 66 0.0665158972995
1.94682762598 1.68628737244 1.7553006266 1.61197611952 40.6648604934 66 0.0663687447458
2.01690198605 1.73315058239 1.81108398098 1.67251662842 41.885527568 69 0.0662222418436
1.99096365282 1.7159007443 1.78992544484 1.64813663641 41.4930470484 68 0.0660763843003
1.9711059105 1.70285212156 1.77835582081 1.63492320451 41.0915308857 67 0.0659311678608
1.93968501405 1.68120195142 1.74939544791 1.59926474666 40.652233343 66 0.0657865883075
1.97033920448 1.70233327577 1.77799531177 1.63377409608 41.076745528 67 0.0656426414599
1.9744464899 1.70636063215 1.77875567987 1.64426533722 41.059176589 67 0.0654993231737
1.96983815325 1.70193879288 1.77920375982 1.63207640632 41.0737541678 67 0.0653566293408
