DEBUT ITERATION : 0
2.77707107967 2.16111104837 2.27728458713 2.5744673517 50.3857597492 91 0.49983338887
2.92532664347 2.26774793314 2.41640564751 2.68162095601 52.2078747402 98 0.491642084562
3.42947475288 2.54808045967 2.69083301773 3.20424361383 57.197626274 117 0.483714930668
2.30436011437 1.92194168523 2.06047715699 2.00768467867 45.7198008398 79 0.476039352586
2.92715811377 2.26581087791 2.41626670996 2.65185918415 52.1750731181 98 0.468603561387
4.19528116158 2.92530362557 3.0109560342 4.0081718296 61.8344203441 138 0.461396493387
3.56653310731 2.63580479756 2.79205517558 3.26017505902 58.1856860559 123 0.454407755226
4.45772783517 3.03376301296 3.09756932819 4.30314331778 63.3128454548 145 0.447627573859
4.19762824777 2.86255765912 2.91400407071 4.17065526701 61.2588284604 133 0.441046750956
6.68892203672 4.22743097025 4.28492014041 6.47853300428 73.2725493736 230 0.434656621269
3.14268798114 2.40138029966 2.57825028076 2.83277676213 54.6529356305 108 0.428449014567
10.6086168418 6.06934722774 6.08213147957 10.554085968 78.3885065179 359 0.422416220783
1.84416713334 1.61360913641 1.66894475906 1.4915319899 39.4195085012 63 0.416550958067
3.1231182397 2.38117764728 2.52713878613 2.90168397133 53.851308197 104 0.410846343468
2.11599972983 1.79341088926 1.8876254925 1.79268872409 42.6438180696 71 0.405295865982
2.13699988704 1.80822136115 1.9075134808 1.80814481342 43.6341464937 73 0.39989336177
2.66553162373 2.13640236636 2.31953030605 2.4071659809 49.9045151054 91 0.394632991318
10.7780006837 6.11249534794 6.12317255288 10.7780006837 78.4166955672 362 0.389509218385
2.2701270441 1.90518414793 2.04000044808 1.97766809353 45.8088582527 79 0.384516790567
2.47291495832 2.0164424153 2.18401722355 2.16742401048 47.4571131933 84 0.379650721336
6.00622722293 3.79995017565 4.03130157288 6.00622722293 74.617752367 216 0.374906273432
2.96222811149 2.29245145672 2.4610030371 2.67573242976 52.2699501723 99 0.370278943471
2.76045043535 2.16995799039 2.31975237242 2.48328253274 50.6215286516 93 0.365764447696
2.53063034189 2.05353309946 2.21972439772 2.19719850291 48.3455405097 87 0.361358708745
2.67692897213 2.13604781782 2.31592751369 2.39939511146 49.9460443315 91 0.357057843371
3.2712951677 2.4687241985 2.62502708486 3.00705854545 55.5344571403 111 0.352858151023
9.52814257783 5.66579711304 5.70572172602 9.32822229257 77.5798958011 332 0.348756103232
2.31073021388 1.92264674265 2.05573524616 2.01347349186 45.7741956748 79 0.344748333716
3.44188465324 2.5871173307 2.7762262627 3.09354944405 57.4296758204 121 0.340831629175
2.48496770866 2.02643610421 2.19414353373 2.17357168446 47.7409942357 85 0.337002920692
2.28697014301 1.90540280053 2.03539230787 1.97815579683 45.3584442764 78 0.333259275717
2.21401092439 1.8588604283 1.97087433856 1.88811342775 44.7426207381 76 0.329597890574
2.21336833403 1.8587159431 1.97100960925 1.88792716461 44.7046123334 76 0.32601608346
2.2488523534 1.88114785289 2.00315639213 1.92863346017 45.0400267873 77 0.322511287895
2.30781661922 1.91955205905 2.05802220713 1.99868406602 45.6994837589 79 0.319081046586
2.25684741282 1.88649664473 2.00768135882 1.94700201651 45.0025825621 77 0.315723005683
2.35710755052 1.94889181736 2.09125230523 2.03487833793 46.4331442616 81 0.312434909394
2.25533552024 1.88513269462 2.00343655423 1.94117371914 45.0031663983 77 0.309214594929
2.20005685433 1.85077004184 1.96897467021 1.88895223908 44.2928405052 75 0.306059987758
2.25038723981 1.88104496512 2.00267862348 1.92735398081 45.0741610486 77 0.302969097152
2.30816821057 1.91973232233 2.05809702804 1.99917271685 45.7007406948 79 0.299940011998
2.26435436487 1.89200316996 2.0132383437 1.93923999965 45.422847753 78 0.296970896852
2.2183886236 1.8616268984 1.97510172771 1.89564612394 44.7276155052 76 0.294059988238
2.36050715988 1.95251567764 2.09132616727 2.0498567446 46.3792454174 81 0.291205591147
2.38418162575 1.96586653517 2.11111651847 2.06119035802 46.7691185083 82 0.288406075755
2.19803382445 1.84848051716 1.96117130025 1.88099704869 44.3431653458 75 0.28565987431
2.19779642517 1.8487276705 1.96170987688 1.88154290507 44.2975362652 75 0.282965478212
2.21375296147 1.85809933677 1.97241814932 1.90827155751 44.2899314045 75 0.280321435246
2.20407440781 1.8528403387 1.96192429735 1.87271102351 44.7300622546 76 0.277726346973
2.24852274328 1.88073840725 2.00302248378 1.92718631466 45.0732787106 77 0.275178866263
2.1965109749 1.84783955984 1.95895057752 1.87872282619 44.3164975469 75 0.272677694965
2.24771586738 1.88044021056 2.00302695737 1.92645956775 45.05032842 77 0.270221581697
2.250939526 1.88281533292 2.00307503291 1.93461698037 44.9863230077 77 0.267809319764
2.21026493616 1.85771504741 1.96996190169 1.8862434718 44.7056245788 76 0.265439745178
2.30618151655 1.91754552756 2.05081510478 1.98984992939 45.676955149 79 0.263111734783
2.23412485682 1.87191645306 1.98536430604 1.90385929731 45.0879756398 77 0.260824204486
2.24600563875 1.87918626029 2.00124638643 1.92360632474 45.0661482895 77 0.258576107568
2.195073446 1.84679839736 1.95584746947 1.87552662871 44.3422622993 75 0.256366433088
2.30514044376 1.91659656988 2.04708052996 1.98607060111 45.7184733358 79 0.254194204372
2.19440893354 1.84650387258 1.95522285627 1.87486924287 44.3320620923 75 0.252058477567
2.2520975421 1.88350758371 2.00317121539 1.93674493493 44.980620328 77 0.249958340277
2.30713533211 1.91779092392 2.05028883362 1.98938860498 45.7159018273 79 0.247892910263
2.30889527003 1.92031534793 2.05812420909 2.00135509777 45.6888529868 79 0.245861334208
2.30741158494 1.91933262303 2.05793223087 1.99806357529 45.6990796249 79 0.243862786539
2.38520768973 1.96632871305 2.11189216886 2.06357128268 46.7592145583 82 0.241896468312
2.25014759201 1.88215375504 2.00310936759 1.93221366008 45.0044940404 77 0.239961606143
2.31058425907 1.92067069143 2.04838457729 1.97636169261 46.1259524661 80 0.238057451198
2.20732571358 1.85436287202 1.97175422615 1.89660428354 44.3081153922 75 0.236183278224
2.19793782286 1.84850793859 1.96125336199 1.88107730913 44.3313535183 75 0.234338384627
