DEBUT ITERATION : 0
3.85122545793 2.70906845385 2.78167721291 3.81247887525 -59.3186775357 124 0.49983338887
4.71053131573 3.36521661978 3.67848623327 3.88318087148 -71.1361012439 190 0.491642084562
2.12011958449 1.80024440797 1.89811377607 1.76656704422 -43.3612359295 73 0.483714930668
3.61967441824 2.4592329554 2.48937289986 3.61967441824 -55.7305225422 108 0.476039352586
2.73249318501 2.1492180809 2.29012336958 2.49065904123 -50.3022096416 91 0.468603561387
6.36793472478 3.76560047773 3.77854599506 6.36793472478 -70.4653660834 194 0.461396493387
3.29410975433 2.49733795393 2.68766988394 2.95215588954 -55.9830941442 115 0.454407755226
2.76490021208 2.20539399116 2.42566125496 2.41837926924 -51.4429191253 98 0.447627573859
4.5205886468 2.79815003154 2.76483651765 4.5205886468 -61.3268068499 128 0.441046750956
4.01901981813 2.78914426677 2.83997476524 3.88155957683 -60.7379569226 129 0.434656621269
2.56137459106 2.07202928757 2.25155043828 2.22747996595 -48.464027058 88 0.428449014567
3.74639525718 2.51025302903 2.56660127007 3.74639525718 -56.3345928714 111 0.422416220783
4.9755637714 3.18227716541 3.19412396965 4.9755637714 -67.1634149241 157 0.416550958067
4.16093230314 2.79143202375 2.80655082739 4.11550771521 -60.8136077622 127 0.410846343468
3.09453462662 2.30866719283 2.38342677137 3.0223891445 -53.076459546 99 0.405295865982
4.1622606965 2.62534597015 2.59841755754 4.1622606965 -58.4532533884 116 0.39989336177
4.22004997234 2.97713596886 3.10484378173 4.00038040815 -62.9799672988 146 0.394632991318
3.54702788299 2.65080478141 2.85573606397 3.14660703944 -59.6507586716 129 0.389509218385
5.13255425826 3.17805741564 3.1790544449 5.13255425826 -66.5670835803 155 0.384516790567
5.54094647421 3.7415011347 3.99589786048 5.04974235488 -75.2875669248 229 0.379650721336
4.06353522556 3.01448176987 3.2938656699 3.20241626593 -69.4565896739 172 0.374906273432
4.03298833751 2.90291915211 3.05430389638 3.70303508797 -61.5199687956 141 0.370278943471
4.01888650764 2.60194609347 2.59092707246 4.01888650764 -57.9632518635 115 0.365764447696
4.32288418319 2.78432875864 2.75978063267 4.32038592731 -61.4203783186 128 0.361358708745
8.25855859314 4.70421517065 4.71971008809 8.25855859314 -75.9522277876 261 0.357057843371
3.63730172238 2.75008515023 2.98925271924 2.88785364923 -66.8183451859 155 0.352858151023
4.34121093525 2.79033950322 2.76739339904 4.34121093525 -61.2234451463 128 0.348756103232
2.24611372422 1.88986581937 2.02081597643 1.97222907571 -45.4945751402 78 0.344748333716
6.33605340575 4.31116838025 4.54049499132 6.05213353269 -74.6646045816 248 0.340831629175
3.81661345045 2.8373506863 3.10764067987 3.04525155292 -66.6800098895 156 0.337002920692
4.74939832798 2.91468437008 2.90067537487 4.74939832798 -63.2180984745 135 0.333259275717
4.29429410509 2.68887117691 2.66821291044 4.29429410509 -59.5374787501 120 0.329597890574
3.81915367289 2.85455543072 3.11619894243 3.0061232595 -67.4214591312 160 0.32601608346
3.96073824807 2.9585780495 3.24279746943 3.13303745618 -69.3354816619 171 0.322511287895
5.67813793886 3.4574867153 3.49999748741 5.67813793886 -70.7211598429 177 0.319081046586
2.01700513964 1.73700969275 1.82309902327 1.69159464966 -41.9114339366 69 0.315723005683
4.36574120492 3.21476844715 3.55971838826 3.52962501957 -70.9135934485 186 0.312434909394
3.59467029626 2.70534404245 2.97795958891 3.06878054 -62.6378506495 140 0.309214594929
3.23738841846 2.39814891559 2.48506139786 3.18735911219 -54.922007669 106 0.306059987758
4.37759176811 3.06624140399 3.1936951923 4.10932040068 -64.6387165556 154 0.302969097152
5.16754628062 3.5401216597 3.71239244613 4.77052962449 -70.6151203031 193 0.299940011998
4.53346235897 3.05259694863 3.10188354571 4.47013288123 -65.2743632337 149 0.296970896852
2.9512260457 2.32547907804 2.55226761223 2.50906322167 -55.5963466646 111 0.294059988238
4.1302868766 3.11081720773 3.46580533516 3.34434787991 -72.1621441468 191 0.291205591147
7.62487135896 4.41155322288 4.46862262001 7.62487135896 -76.026379594 246 0.288406075755
2.83452222026 2.24395083334 2.45747321076 2.43796495609 -52.816861504 102 0.28565987431
5.13473654449 3.5353856294 3.71023561275 4.61585897272 -71.0173316379 199 0.282965478212
4.46339941094 2.77406485036 2.74160272764 4.46339941094 -61.1241635111 127 0.280321435246
5.16795175397 3.186613455 3.18926578599 5.16795175397 -66.4857746602 153 0.277726346973
4.98799208781 3.59186506075 3.93562529433 3.79768345707 -75.0368347351 221 0.275178866263
2.06077870655 1.76773033967 1.85874039547 1.74114429545 -42.7351111461 71 0.272677694965
5.6886800356 3.71055133991 3.77665514418 5.50831239082 -69.7918482205 193 0.270221581697
2.61533798957 2.09222040715 2.25753548215 2.34396416739 -49.1609286975 88 0.267809319764
6.19126263472 3.78550427413 3.77095260989 6.19126263472 -74.3559697639 208 0.265439745178
3.35109332905 2.40641534621 2.45317022127 3.34408200532 -54.6699113057 104 0.263111734783
6.24120459301 3.90037710516 3.95654757777 6.24120459301 -72.8025225081 206 0.260824204486
4.12137755153 2.64970333532 2.64440359862 4.12137755153 -58.7406963776 117 0.258576107568
5.23586063876 3.33062863907 3.37534092719 5.22419992481 -70.1333703456 175 0.256366433088
3.61564094733 2.4390718777 2.47796240428 3.61564094733 -55.1495555877 105 0.254194204372
5.60971243215 3.51724182372 3.51956884251 5.59123005496 -72.5034808945 194 0.252058477567
3.77373542805 2.84019315551 3.12719246212 3.0561721877 -67.2870892521 160 0.249958340277
6.37860000145 3.74591171075 3.74841847904 6.37860000145 -70.5209737205 191 0.247892910263
3.72033781667 2.80284915701 3.02900559195 2.9001131366 -68.0527574454 162 0.245861334208
2.53056371794 2.06315373162 2.228064583 2.160903747 -49.1204567667 90 0.243862786539
2.73174955897 2.18360989947 2.39440769869 2.3796369258 -51.2493789253 97 0.241896468312
4.30040496478 3.12308922064 3.40073382221 3.60713929794 -68.3861453156 173 0.239961606143
4.45016286453 3.25442759808 3.56783830336 3.82492387914 -70.0997365431 186 0.238057451198
4.34215819561 3.17346113258 3.46977340115 3.65750477232 -69.22580567 179 0.236183278224
3.43234567844 2.53614107549 2.65732712551 3.20008503668 -56.7240008352 115 0.234338384627
3.06787247511 2.33478568392 2.46083438539 2.85592739854 -53.3384593062 101 0.232522089599
3.09180651491 2.36247763964 2.51314589365 2.85562099788 -53.5796633949 103 0.230733733272
3.61593194052 2.55201501139 2.61520374695 3.61223477698 -57.2804819561 115 0.228972675927
3.72993420545 2.80453031385 3.04003384585 2.91316702726 -67.7805002815 160 0.227238297228
4.23782841116 2.90904150211 2.96323743947 4.1246738158 -62.9126787695 139 0.225529995489
6.87320246014 4.62349209634 4.72605952217 6.09406172265 -81.5544484214 335 0.223847186987
3.53761322982 2.6651910462 2.91976351615 3.02703958177 -61.7645688947 136 0.222189305288
4.35030751646 2.86739679091 2.87428759052 4.34533111528 -62.1058468043 133 0.220555800618
4.4576438738 3.33326415623 3.75273365295 4.4576438738 -75.4015526566 203 0.21894613925
5.0930627223 3.46823353764 3.59559751835 4.73724328425 -67.6842355971 180 0.217359802927
4.13415609971 2.85503471505 2.9184934458 3.99721497704 -61.238619353 132 0.215796288304
5.30807198804 3.38164624568 3.3846791299 5.27896228882 -67.8789115539 171 0.214255106413
4.2082598494 2.671935052 2.65411865102 4.2082598494 -59.7279899679 123 0.212735782159
2.71133481561 2.18196690055 2.37818474434 2.47877733501 -51.5876598214 97 0.211237853823
2.88532806632 2.24746661183 2.39304471817 2.70397314727 -52.7732884051 100 0.209760872605
3.90114445785 2.72958356039 2.77606289888 3.757922664 -59.6063881654 125 0.208304402166
4.42909195794 2.99982785972 3.04256735793 4.31473757757 -63.7054575863 144 0.206868018204
4.14398934532 3.04524682775 3.27570677322 3.57214926549 -67.4942340516 168 0.20545130804
3.5207345407 2.64147016099 2.82194092926 3.19385527272 -58.8343156174 127 0.204053870222
4.30124141883 2.73291516476 2.69822807174 4.30124141883 -60.455903032 125 0.202675314147
4.38048553717 2.73100041423 2.69587305426 4.38048553717 -60.4074035853 124 0.201315259697
5.24136157929 3.35251718248 3.4004897871 5.2238914312 -68.7299388387 171 0.199973336888
4.42406696279 3.20141832538 3.48017566387 3.82084747164 -68.3216132918 176 0.198649185538
3.80030477262 2.82669074095 3.0702697245 3.27814439975 -63.7095214862 147 0.19734245494
4.0621839467 2.94836408723 3.12136701035 3.76540780748 -62.6200877915 146 0.196052803555
5.38034869381 3.43560146174 3.44623498214 5.33202906586 -69.5948134014 177 0.194779898714
3.81629389082 2.8714222892 3.19184154689 3.34522466546 -66.3396472251 158 0.193523416333
4.96201727326 3.26257364386 3.29445726515 4.85518389686 -66.5864037166 162 0.192283040636
4.73827550467 3.340262641 3.52838126121 4.29514960667 -67.7684882074 178 0.19105846389
4.4924877896 3.25360239754 3.56113605009 3.83278979895 -69.9277070675 184 0.189849386154
4.97255509326 3.06541966811 3.0503102449 4.97255509326 -65.0081297222 146 0.18865551503
4.28040118692 3.14597737229 3.49126494688 3.69264660233 -71.7900497931 190 0.187476565429
4.31334849008 3.20372477251 3.58355364419 3.58729133654 -73.3148344398 200 0.186312259347
3.80515965244 2.85874231105 3.08755110467 2.86997768081 -69.1970210906 167 0.185162325639
3.67765280108 2.62544028755 2.69861419953 3.63804187615 -58.2039428716 119 0.184026499816
4.46698850632 3.12819647242 3.25935821769 4.14551736228 -64.196336636 156 0.182904523839
3.57680311707 2.54967206172 2.62439016668 3.55990654503 -56.889814833 113 0.181796145922
5.19389300063 3.68112767802 3.98190643448 4.53162878022 -72.270184229 210 0.180701120347
7.94674957819 4.80986618237 4.96785471489 7.94674957819 -77.3072938185 279 0.179619207281
2.81841083596 2.22820456487 2.40886587649 2.55511020243 -51.8783908932 98 0.178550172598
9.37376852612 5.41499086136 5.558766539 9.37376852612 -79.050231226 333 0.177493787717
4.00937379215 2.96696545413 3.21569994652 3.50056746576 -65.2140769659 157 0.176449829432
4.12891659957 3.02509792025 3.28728031364 3.55312564165 -66.1522241772 162 0.175418079757
2.88696847704 2.26349523646 2.44194717478 2.60329871661 -52.7462949704 101 0.174398325776
3.29179751305 2.41279443868 2.50627062486 3.2355549061 -55.2190827803 108 0.173390359496
3.9165679379 2.57466956451 2.61604480686 3.9165679379 -57.6066972537 116 0.172393977704
3.54313134148 2.55293169863 2.61786191203 3.40317165711 -57.040745178 115 0.171408981831
4.51457845156 2.801756725 2.76444716823 4.51457845156 -61.3650070063 130 0.170435177821
4.22032388417 3.10385449331 3.3969469592 3.44352166971 -69.8476999427 180 0.169472376003
6.11322499392 3.91819139503 3.93249132071 5.87955967502 -72.4900493815 216 0.168520390967
4.35979416221 3.24388553528 3.44307476268 2.9300967618 -76.2894603534 222 0.167579041448
4.31887918303 3.08452631276 3.23412460942 4.06184383758 -65.0515089378 159 0.166648150206
4.41086580053 3.18136490783 3.37196334158 3.90039000531 -67.8384213976 174 0.165727543918
3.90594486234 2.87437461363 3.0957347202 3.47559639165 -63.5856259625 148 0.164817053071
4.26656995643 3.13853391606 3.41454758628 3.30575362948 -71.2732256824 187 0.163916511857
4.81346795655 3.47423918006 3.71957241603 4.18932063168 -71.7065178173 202 0.16302575807
6.55964849652 3.99511847352 3.98053617264 6.52954814637 -76.1784628774 240 0.162144633013
3.34552234998 2.5046512693 2.6554909388 3.17945665251 -56.5553906737 115 0.1612729814
4.68861884151 3.29548216289 3.46023709229 4.49315445989 -68.576438541 180 0.160410651267
6.82554063024 4.03396750116 4.01284678366 6.82554063024 -74.0870582094 221 0.159557493884
5.13710871456 3.79046668318 4.33069657506 4.51842586307 -76.808533562 250 0.158713363665
4.27750754363 3.12786086348 3.44295668532 3.44295668532 -69.7110694936 179 0.157878118093
2.45618339429 2.00903965828 2.16789959938 2.11968721026 -47.1111563192 84 0.157051617632
6.0088589456 3.57603271305 3.57322600817 6.0088589456 -70.553847657 187 0.156233725654
4.13798598523 2.9703833084 3.14149171786 3.77259853236 -63.4749335161 150 0.155424308362
2.37068924858 1.97088770928 2.122320081 2.06998912649 -47.0720127819 83 0.154623234718
2.93222553333 2.29862189888 2.52624435766 2.56781275458 -53.2149840061 104 0.153830376372
5.42119509808 3.32924972501 3.4018947837 5.42119509808 -67.3456090992 169 0.153045607591
2.81508822989 2.22332014584 2.4346742203 2.48190845319 -51.5447247268 98 0.152268805197
4.35866592234 3.16063650215 3.44923626312 3.68508920862 -68.1629915522 171 0.1514998485
6.10214769037 3.70462376801 3.73416215986 6.10214769037 -69.9090024015 190 0.150738619234
3.40613802907 2.58952082107 2.86313592798 2.88640671689 -60.6951792673 131 0.1499850015
5.50010619507 3.29582721649 3.28606053927 5.50010619507 -67.7795235037 162 0.149238881703
3.52754699374 2.46694977559 2.48482673929 3.52191892304 -55.9840686431 108 0.1485001485
5.70225981755 3.77721378176 3.88414099518 5.42870024817 -70.2934939769 201 0.14776869274
5.24698649861 3.16822611295 3.17235347308 5.24698649861 -66.9846413476 154 0.147044407411
5.10151650664 3.10407010883 3.09757666757 5.10151650664 -66.0608873637 149 0.146327187591
3.49761784287 2.65569515295 2.79088223952 2.38703530495 -70.3167828829 166 0.145616930395
3.86019600906 2.87945425663 3.15553409875 3.10196714305 -67.0511933877 159 0.144913534924
3.84169911374 2.85526365101 3.14593451905 3.14200008225 -65.9838974697 155 0.144216902221
2.96225467655 2.22122072509 2.27175529981 2.83024761504 -51.6529774245 94 0.143526935222
4.86800538308 3.17250141664 3.29190302686 4.86116605896 -69.3662851401 167 0.142843538711
8.16408625234 5.01364023753 5.06235418227 8.13455486097 -82.3547852793 382 0.142166619278
5.11434946788 3.83751783598 4.07154330024 2.45208830414 -84.4077711857 383 0.141496085275
4.18540881092 2.70830118197 2.68977337919 4.18540881092 -60.4929496006 125 0.140831846775
5.72196998669 3.8270762706 4.05810658896 5.67083538273 -77.1972367323 249 0.140173815531
5.67301408988 3.65474915196 3.69142307272 5.60880546165 -75.4257192224 224 0.139521904939
3.6052057957 2.7807951186 3.04096472277 2.89759178711 -67.3130405951 159 0.138876029997
3.63726155775 2.75493237396 2.97626940324 2.83769984866 -67.5577605297 158 0.138236107271
5.05741782068 3.62198418651 3.96075602833 3.87375872678 -74.7668294675 223 0.137602054857
3.08823193318 2.36135868019 2.51187226439 2.85606743926 -54.2618635689 106 0.136973792348
3.33396737215 2.52204619974 2.71647860023 2.98561708212 -56.4681105057 117 0.136351240796
4.57613497833 3.08256755502 3.12514972771 4.45308708991 -64.1632161604 149 0.135734322686
4.78146057435 3.31843423414 3.45987989705 4.49189361742 -66.8837367654 173 0.135122961895
5.29308235381 3.63089689651 3.81289620041 4.91375566001 -70.1293533546 199 0.13451708367
5.69736433947 3.49715917386 3.55025986628 5.69736433947 -68.7776355272 181 0.133916614588
4.63866205221 3.17625691569 3.25750278203 4.45653816246 -65.8663765633 159 0.133321482535
5.19136011038 3.567868625 3.73171086805 4.71563344586 -69.7734934305 193 0.132731616671
3.41301650748 2.59629717635 2.8360115497 2.97150544697 -59.4582415952 128 0.132146947406
4.37954035896 3.19025326652 3.4986431763 3.72286847518 -68.7326159809 177 0.131567406368
4.87134396264 3.32798471846 3.4774171015 4.73484511113 -67.5337027044 174 0.130992926382
7.15803994383 4.3041375608 4.34643236228 7.15803994383 -74.9521912119 236 0.13042344144
3.81967833485 2.4909599665 2.45835819166 3.81967833485 -57.2331406991 110 0.129858886676
3.84368516815 2.93629660345 3.30529456219 3.40286829063 -68.7753496097 170 0.129299198345
4.99491859591 3.38689306718 3.43174638625 4.790791009 -69.6748448271 185 0.128744313793
6.4366648122 3.75975774947 3.74364731414 6.4366648122 -73.2296798765 210 0.128194171438
4.03998288815 2.91928679303 3.10564452595 3.60415463439 -65.3826198673 155 0.127648710748
9.28784788373 5.29118340206 5.3412516527 9.28784788373 -79.1012268463 327 0.127107872214
6.20829245061 4.02304317429 4.04371237928 5.80829914457 -74.5521501287 237 0.126571597334
4.43738842726 3.12141823174 3.22299768715 4.25209942819 -66.7208608177 165 0.126039828586
3.7057807007 2.76756171261 3.02402712622 3.18853783098 -63.7776307881 146 0.125512509413
5.33386240986 3.21797278985 3.20628850291 5.33386240986 -66.8211689127 157 0.124989584201
2.96163619716 2.33502280213 2.56628597088 2.5495196668 -55.8942802311 112 0.124470998257
3.81659195309 2.84142065292 3.0026451759 2.64664614488 -71.6959996384 177 0.123956697794
4.02376495291 3.03805747539 3.35415473728 3.27121113895 -70.0061970685 177 0.123446629907
5.21706191747 3.37940981005 3.51130985503 5.20198355909 -74.0449848266 203 0.122940742562
10.3284450116 6.05998640898 5.85785858006 8.89287533781 -85.2232465055 551 0.122438984573
3.78179369241 2.89342934978 3.10516164426 2.72774969746 -72.143674746 183 0.121941305585
5.07710559424 3.34004171892 3.53836873964 5.07173534495 -73.7753186504 199 0.12144765606
3.89878344912 2.92900898927 3.08593467989 2.51801080663 -74.766220204 198 0.120957987259
3.62590382892 2.73145981265 2.90807623236 2.61376720178 -69.5115843664 165 0.120472251225
5.316013891 3.34040568616 3.34168407959 5.29104489269 -68.330013174 167 0.119990400768
4.05205594571 2.93507387402 3.13389171697 3.57409333665 -64.2129544399 151 0.119512389451
3.8130337417 2.72233940743 2.81101561761 3.71028739864 -59.4751261631 125 0.119038171574
6.00385390694 3.81872697717 3.85962624244 5.88111695518 -70.6234684341 199 0.118567702158
3.59824367932 2.60476673509 2.69831351541 3.40900922426 -57.6384675296 118 0.118100936934
2.81723986826 2.23673487256 2.4243520901 2.56475063667 -52.136016337 99 0.117637832327
2.74755945455 2.1932931219 2.40237962457 2.38455823646 -51.5916285401 98 0.117178345442
4.45092212495 2.87013303323 2.86120335316 4.4462945783 -62.8640370421 134 0.116722434052
5.61297667202 3.97673846007 4.44064056848 4.91212550633 -76.7789991882 257 0.116270056585
7.39555450449 4.96605235993 5.24718420064 6.8933000884 -78.3747056419 315 0.11582117211
6.2226365189 3.89507699964 3.88565242846 6.13158851753 -72.1030740825 210 0.115375740328
4.66669098424 3.18177501912 3.23795677671 4.4622807155 -65.8380080628 161 0.114933721554
5.67266911452 3.5417320614 3.62526961341 5.67266911452 -69.9550977622 187 0.114495076712
4.14653014195 2.93478687173 3.07359877491 4.11679991433 -62.5011952946 143 0.114059767318
3.00405585371 2.36881511921 2.5736011897 2.86607981175 -55.2880290978 110 0.113627755473
2.5774034054 2.09427723242 2.27130900458 2.22018905001 -49.7509473631 92 0.113199003849
2.8486440817 2.27177197916 2.47450817896 2.65756738382 -53.3216083921 103 0.112773475679
6.43660832898 4.03065639684 4.07084254801 6.38963614914 -73.2032359497 220 0.112351134746
7.02584491509 4.54007962817 4.80895726081 7.02584491509 -78.9701276417 280 0.111931945377
4.79582237656 2.948336814 2.91791236755 4.79582237656 -63.3206131492 141 0.111515872426
2.42609125521 1.99661264954 2.154391384 2.09619562639 -47.0603626711 84 0.111102881268
5.11809181414 3.1444527953 3.20029137659 5.11809181414 -65.4427510492 154 0.110692937791
5.48344216874 4.01657024595 4.50522933299 4.46590320985 -77.2382000841 260 0.110286008382
3.31984972027 2.53517975812 2.79473595122 2.83978831102 -59.4157509136 126 0.109882059922
6.29980170732 4.03932826157 4.14576936831 6.18490264341 -73.3717582612 222 0.109481059777
5.74193613341 3.8572724953 4.0083906904 5.24698028615 -71.8944422241 213 0.109082975784
8.57752527956 5.47738304826 5.66958479075 8.03962325413 -78.4044851802 335 0.108687776248
7.83329690189 4.63373791236 4.80891598088 7.83329690189 -77.8674747903 285 0.108295429933
4.24616695027 3.26864748902 3.66096121857 3.4671667312 -73.9745037986 205 0.10790590605
7.61962042485 4.61407986097 4.77188276885 7.61962042485 -77.5058319925 269 0.107519174253
5.69844473417 3.89486534078 4.08193640264 5.25535353592 -73.3641665119 225 0.107135204628
3.78722422722 2.84096510532 3.12200326812 3.2912361984 -65.2700929123 153 0.106753967689
7.99029921057 5.45454854812 6.05043301062 6.63069842697 -80.0861119672 358 0.106375434366
5.22615114923 3.17149953377 3.1618883536 5.22615114923 -65.5817487766 153 0.105999576002
3.07684556078 2.27578984646 2.3470874931 3.0668726743 -52.739670495 98 0.105626364341
3.60190995895 2.63520050266 2.76081792369 3.40250539094 -58.1247353522 121 0.105255771525
2.932041431 2.29118581676 2.50669618517 2.57202192337 -52.6059213352 102 0.104887770086
2.68782313553 2.15148024059 2.35279928397 2.3515263066 -49.9543863327 93 0.104522332938
128.114817523 65.3889907506 65.4499386479 127.605081019 -80.0604890501 4636 0.104159433373
2.95411475115 2.30288744939 2.47182459041 2.7100176953 -52.8613362252 101 0.103799045049
3.15910487629 2.43139567094 2.64316022469 2.80413334395 -55.255581907 112 0.10344114199
6.24719860583 4.20061334755 4.44329922399 5.43274293183 -74.6300607734 241 0.103085698577
5.56059389677 3.63794558606 3.70745466082 5.48126233398 -69.4931170168 189 0.102732689542
3.3373899712 2.55426046456 2.78668328857 2.71383593926 -61.8029103362 133 0.10238208996
2.41068412396 1.96809412996 2.13182625256 2.14105900963 -46.3879194702 80 0.102033875247
4.49920847342 3.09549649107 3.17461838768 4.29849148544 -64.9959828804 154 0.101688021151
3.43889363535 2.60184681644 2.83150831498 3.01047695042 -59.5243276255 128 0.10134450375
3.28440899617 2.52158903686 2.77165164137 2.85562271396 -58.7237538247 124 0.101003299441
7.88407777578 4.65308895247 4.70056744698 7.88407777578 -77.4814597174 268 0.100664384941
3.85289064366 2.77788210132 2.89351847782 3.6205603706 -60.6725582027 132 0.100327737275
3.83229053128 2.73108649899 2.8149277037 3.70465200731 -59.8959424073 126 0.0999933337777
6.51012533883 4.1509738719 4.18608588623 6.2310224907 -74.3753523576 236 0.0996611520829
3.41735136016 2.58785000166 2.80882107291 3.08273689686 -59.3460583262 127 0.0993311701212
3.06991338956 2.39039228506 2.63434274693 2.67426676122 -55.8669997165 113 0.0990033661144
7.40087100291 5.23943084957 5.74469125033 7.05864770219 -81.3910880489 372 0.0986777185711
5.96255603886 3.87708752018 3.97511357833 5.89159925905 -73.7940477288 226 0.0983542062816
5.57767958735 3.59832871314 3.65869532097 5.52651989836 -70.3270225695 194 0.0980328083132
7.30696033395 4.53103090047 4.57954453913 7.08560470068 -76.7131060053 271 0.0977135040063
5.25450088373 3.63601681897 3.77222004955 4.87812932942 -72.4098022591 211 0.0973962729693
5.35724598011 3.72192852333 3.86729190636 4.89765417868 -73.0097170328 217 0.0970810950748
4.43124440528 3.11468225976 3.22612452036 4.13086339136 -65.5358957821 161 0.0967679504548
6.61607851623 4.22503851297 4.27559488964 6.48488390365 -74.505884891 239 0.0964568194971
6.98292644415 4.36256361581 4.41507444098 6.81893471349 -76.3266899372 259 0.0961476828408
3.91259598096 2.84971542813 2.98638227579 3.67010383684 -62.3261652068 142 0.0958405213724
4.36681057964 3.0907669451 3.21632553982 4.0724870837 -65.4296316322 160 0.0955353162219
4.29324520951 3.05722656136 3.18922699131 3.98249939549 -65.0726239251 158 0.0952320487588
4.29733584419 2.81830316131 2.8153253241 4.27819318186 -61.3689882029 130 0.0949307005886
2.95670081222 2.32354753587 2.56713716151 2.58237436 -54.5094525157 108 0.0946312535487
4.43623100222 3.04898102575 3.17970170592 4.32271403211 -65.3253614577 156 0.094333689705
5.30475052932 3.22644486911 3.26742290546 5.30475052932 -67.2536915361 166 0.0940379913485
5.19887662935 3.65096052125 3.87165844978 4.36011207626 -74.1362229125 221 0.0937441409912
5.62657226769 3.97607009826 4.3255030776 5.32017655176 -76.8110345795 255 0.0934521213632
5.30474137635 3.24842969648 3.32128335622 5.30474137635 -67.75917505 169 0.093161915409
4.96876403866 3.40641706711 3.51333453006 4.70192218758 -69.0316808989 184 0.0928735062844
6.68507464027 4.41185486498 4.57851123518 6.36766228603 -76.1883496181 266 0.0925868773532
5.08849688638 3.48401308593 3.59213160293 4.86011746486 -69.8895214845 191 0.0923020121839
4.21655811799 2.94112623025 3.0709191241 4.01017650499 -64.0925833284 149 0.0920188945463
6.07866422597 3.60912132727 3.60722999125 6.07866422597 -70.4966898204 183 0.0917375084093
5.63808419445 3.80308092461 4.06859404014 5.18535553209 -75.7441275172 235 0.0914578379367
5.20091147877 3.64759600282 3.99643936002 4.80372818931 -75.9002133742 231 0.0911798674853
5.290230793 3.52945785562 3.7723457877 5.26779257147 -73.2550666738 203 0.0909035816011
5.11284636741 3.59168254145 3.95458957725 4.72241057033 -74.7689462325 221 0.0906289650172
4.13403371621 3.17698871714 3.62656495593 3.6296592062 -71.7895904393 191 0.0903560026504
3.93195034831 2.91879626727 3.22688769758 3.22688769758 -67.2924307928 161 0.0900846795988
8.34155488657 5.47401759436 5.80070863047 6.78313405102 -80.8865954618 369 0.0898149811389
6.26366649248 3.69319753187 3.69340614814 6.26366649248 -71.1545081556 194 0.0895468927228
3.60499877645 2.70591276727 2.9453537957 3.18841573256 -61.2919186409 136 0.0892803999762
8.99757404107 5.40704952337 5.55429499024 8.99721331772 -78.3693056465 321 0.089015488695
4.01997682025 2.77751775387 2.8462485187 4.00185743498 -60.2412503869 128 0.0887521448435
6.26127079275 3.85689520371 3.92576341132 6.25909246074 -74.2367374472 214 0.0884903545514
5.62406204998 3.90395360053 4.127112953 4.85684392872 -79.0363697516 273 0.0882301041115
5.98216032823 4.13532567222 4.42569845824 5.22523395865 -74.8622622139 243 0.0879713799777
7.09649552426 4.98999727765 5.40081483903 5.06770149677 -82.2919886853 389 0.0877141687621
3.17744031732 2.45071648874 2.69538056455 2.75131384884 -57.2135988216 118 0.0874584572328
2.67269895349 2.14385066278 2.34888294965 2.33362493653 -49.9878550064 93 0.0872042323121
3.62723434272 2.67981468347 2.85028158702 3.39926100926 -59.2380688751 127 0.0869514810736
4.15894247643 3.05305401657 3.29380461579 3.61402225268 -66.5042726169 164 0.0867001907404
3.69705405609 2.77779602516 2.93543390324 2.56018304633 -71.4035812397 174 0.0864503486831
2.66777260202 2.13871777446 2.30758976413 2.43818426381 -50.3544468316 92 0.0862019424171
7.76712517732 4.62310898097 4.6377633519 7.72627009605 -75.1775672259 255 0.0859549596012
3.73019564721 2.72911508214 2.87330274522 3.44186435828 -59.3854761546 129 0.085709388035
4.37218624195 3.26115854816 3.63322425783 3.79434664349 -70.5276376673 188 0.0854652156572
4.20510456552 2.97144065004 3.0979562055 3.93095318605 -62.8046101134 145 0.0852224305437
6.10502331186 3.96037233271 4.06763400626 6.00076551577 -72.6236603873 218 0.0849810209053
3.95351661345 2.95641877311 3.21844376485 3.50487960557 -65.2926405882 157 0.0847409750862
6.88677425566 4.4993587739 4.65247323814 6.40071117968 -74.9843157105 257 0.0845022815616
5.00314503027 3.57741857571 3.84210924882 3.50878908501 -76.5279267907 229 0.0842649289366
4.18097142084 2.62657475297 2.59487705928 4.18097142084 -58.5632118124 116 0.0840289059436
2.86442259292 2.24768273633 2.41558237206 2.62242493066 -52.2080850612 99 0.0837942014413
3.62720540901 2.68396832177 2.8581271724 3.28656849904 -58.7773110889 127 0.083560804412
4.25397516556 3.10888092825 3.32678811748 3.97426780856 -66.2823700077 165 0.0833287039609
11.0750025679 6.27891173076 6.28965206236 11.0639034341 -78.5885000564 374 0.0830978893136
3.02824651797 2.29522648418 2.40355922113 2.82576122243 -52.5193564456 98 0.0828683498149
6.84321055142 4.11923964936 4.13770261106 6.84321055142 -72.5864475386 219 0.082640074927
7.24754679751 4.38763508072 4.41488853875 7.2444484899 -74.0824338569 239 0.0824130542278
6.85949166818 4.14848684317 4.16117149278 6.83116981074 -73.1046900907 221 0.0821872774095
3.42241803402 2.59147073655 2.81540240149 3.00525512513 -58.9762948608 126 0.0819627342768
4.55506541319 3.05332262623 3.07947161981 4.46449916165 -64.1621633877 147 0.0817394147458
7.64780248371 4.4248106354 4.48687251249 7.64780248371 -76.5690002047 250 0.0815173088419
9.20950855181 5.76834465101 6.37157661598 9.06363914976 -81.8578158605 425 0.0812964066988
4.53396217939 3.27325644339 3.51412270564 4.11765905832 -68.2047691382 178 0.0810766985568
5.20673309202 3.48117140776 3.60369569095 4.91209081056 -69.86108212 188 0.0808581747615
5.05102195124 3.50556621299 3.67732343882 4.80138559811 -70.485947473 195 0.0806408257621
7.768722486 5.22073276727 5.66810831937 6.47403658455 -80.0919835743 347 0.0804246421103
12.5398298676 6.85361007245 6.83087544734 12.5398298676 -80.6937944866 431 0.0802096144591
8.08958263729 5.28815475908 5.63088041427 8.04632577381 -81.1588211359 355 0.0799957335609
6.581944144 3.87330023678 3.8741925123 6.581944144 -73.22821953 215 0.0797829902665
5.43694091522 3.69483555529 3.80466159246 5.06958024559 -72.3028190456 211 0.0795713755238
5.08272795132 3.50859912194 3.65686176265 4.78207322365 -70.6457013738 196 0.0793608803767
5.06436496619 3.4902805719 3.64839382992 4.82084627017 -70.1234123748 192 0.0791514959633
5.09672508131 3.51158504641 3.66133771797 4.82249718095 -70.4994911737 195 0.0789432135151
5.18071613839 3.59128066294 3.74878129846 4.84724368225 -71.8303845885 205 0.0787360243557
6.74730756383 4.39964067634 4.49729267945 6.32212374622 -75.5960355749 258 0.0785299198995
4.99371934758 3.5864313658 3.95611464994 4.14629088471 -73.110966992 209 0.0783248916506
5.87478524317 3.48497370067 3.47708345181 5.87478524317 -69.0344910557 174 0.0781209312015
5.73820609069 3.90238907175 4.04723129822 5.3950324209 -73.7550501828 226 0.0779180302322
3.8212983528 2.81959788787 3.01797082672 3.40859102662 -61.8931420803 141 0.0777161805088
4.7721979016 3.40638604433 3.69842799017 4.06669786489 -70.6062465006 192 0.0775153738825
6.05254093765 3.71183070184 3.94381502751 6.05254093765 -72.6799199066 211 0.0773156022885
3.77159632977 2.80512733891 3.04130675629 3.27389343648 -62.8989638018 144 0.0771168577451
5.6071320656 3.82559742946 3.98828459378 5.19473568868 -73.639773612 225 0.0769191323522
4.93902917954 3.5033379756 3.68659487375 4.37312566442 -72.5624485054 207 0.0767224182906
9.39529214067 5.82387896391 6.02491755306 9.39529214067 -81.4504689888 410 0.076526707821
6.32656263035 4.40885446828 4.60853200042 5.54056823526 -78.5740936265 290 0.0763319932828
7.54545223176 5.42261730092 5.96704321851 5.1177697884 -83.1240430716 493 0.076138267093
7.48845901622 4.67430587764 4.75579801357 7.48845901622 -80.1806350756 312 0.0759455217457
5.652505672 3.42584734179 3.4603418815 5.652505672 -69.7405636274 182 0.0757537498106
5.37338048042 3.29225369266 3.39140444378 5.37338048042 -68.2899724038 173 0.0755629439323
5.76559439862 4.02090780727 4.26241829653 5.2897816322 -76.5801215473 255 0.0753730968293
4.16199521198 2.8855011559 2.93810455492 3.99353113807 -61.5408961099 136 0.0751842012932
5.91006521311 4.10516278994 4.4500253318 5.55519343633 -77.8669839084 270 0.0749962501875
6.27648439847 3.87359689022 3.93092516808 6.25441051441 -73.1769117289 210 0.0748092364471
7.17775069487 4.46167090684 5.04736897123 7.17775069487 -80.9033077846 317 0.074623153077
4.95448192736 3.4557787349 3.60496649026 4.61531895624 -70.3042862646 193 0.0744379931517
10.5601947214 6.21046598493 6.43865358336 10.5601947214 -81.268870322 419 0.0742537498144
5.29261578822 3.26131170165 3.36974892077 5.29261578822 -68.2339948655 172 0.0740704162757
5.33552481671 3.43617745931 3.50073616974 5.24940277488 -69.5175043005 183 0.0738879858135
4.55306589954 3.18390598793 3.42533790951 4.54830877106 -68.0106092997 173 0.0737064517714
5.11707901356 3.56561495255 3.68948048619 4.734841714 -71.9296745238 205 0.0735258075585
8.47970560496 4.81578306222 4.95393410803 8.47970560496 -79.274158805 307 0.0733460466481
5.35079648111 3.91479469362 4.26064727936 4.50013079045 -77.4532039899 259 0.0731671625774
3.57710268825 2.69717386947 2.93827517012 3.16193707664 -61.0732342909 135 0.0729891489465
7.40626762357 4.63074780725 4.7559581413 7.31764742944 -76.8968906684 271 0.0728119994175
3.48136676208 2.62654234454 2.85451987742 3.06753323525 -59.6450070706 129 0.0726357077139
13.9619559701 8.40392546512 8.68836207042 13.936380705 -80.8563612836 575 0.0724602676199
5.51146221283 3.78653836651 4.02137173192 4.82716486681 -72.2010392594 212 0.0722856729796
4.86440832758 3.50995495704 3.82637725445 4.03530495735 -72.5626331831 207 0.0721119176963
7.4475187538 5.07449029047 5.67407671644 5.65989405801 -80.8486557829 353 0.0719389957316
4.53262717951 3.16009903616 3.28682330487 4.23172067187 -64.7267879566 158 0.0717669011052
4.62731336669 3.23269825483 3.37301067931 4.30008807408 -65.4540263324 164 0.0715956278937
8.70145324797 5.25873595398 5.40015772715 8.67761001473 -79.7926982624 337 0.07142517023
3.41423118818 2.56461812803 2.75850380569 3.06545561272 -57.6558053086 121 0.071255522303
4.12212227363 3.01069625958 3.25595799641 3.55055101375 -65.8348896303 160 0.0710866783565
5.82400499565 3.72934660156 3.78639097169 5.78183235795 -70.7990061063 194 0.0709186326888
4.87727432884 3.00281847769 2.98938767659 4.87727432884 -64.5957263487 142 0.0707513796519
3.042707018 2.35521389632 2.55835720621 2.69889008186 -53.801749401 106 0.0705849136511
2.11297622028 1.79459743659 1.89031476366 1.76970899337 -42.9831936003 72 0.0704192291442
4.67932437487 2.90068043303 2.89964950496 4.67932437487 -62.5282083338 138 0.0702543206407
4.99575036699 3.42479301477 3.53288776228 4.74875455606 -67.91747962 179 0.0700901827017
4.91690500107 3.00572178707 2.97069808331 4.91690500107 -64.1339496329 143 0.0699268099389
7.42709954078 4.67525573552 4.87060709627 7.41492794925 -77.1874690915 281 0.0697641970141
6.35443214721 3.72754797497 3.71410853306 6.35443214721 -71.1795236487 193 0.0696023386386
7.67328564628 4.45250191754 4.42644467871 7.67328564628 -75.2268736101 248 0.0694412295727
3.8656369864 2.84910113158 3.04505454 3.44577235625 -62.5829243201 144 0.0692808646252
2.8935276992 2.27676221869 2.4838051574 2.58562423082 -52.8295120816 102 0.0691212386526
7.49822662984 4.62551526572 4.7502289346 7.49822662984 -80.540822964 315 0.0689623465588
5.34228364687 3.85919954335 4.42762429723 4.67793242895 -77.6764662829 260 0.0688041832943
6.12648299567 4.0872351316 4.34106878218 5.45805384231 -75.7049409557 248 0.0686467438561
5.42153092927 3.84753976567 4.29030680368 4.65144051564 -77.3926118814 255 0.0684900232866
7.09983965371 4.35033522176 4.42340101191 7.09983965371 -78.3985288517 272 0.0683340166735
4.67041371572 3.5372044835 4.08570246655 4.20808464285 -75.4940034746 228 0.0681787191491
5.35149379959 3.70700830385 4.00831019478 4.86929728944 -74.0285321391 221 0.06802412589
5.7885408136 4.07986473399 4.424922471 4.99932184702 -78.7514831547 278 0.0678702321162
4.4390697317 3.28247552516 3.60337708752 3.48216626555 -72.5130263214 198 0.0677170330911
5.13867656305 3.73451028132 4.22844957259 4.38294151685 -76.5318501894 243 0.0675645241205
5.66834163398 3.68143861503 3.98023140228 5.66834163398 -74.8378337548 217 0.0674127005528
5.84643015563 4.04703014195 4.42376652412 4.94132693255 -76.7658392711 254 0.0672615577777
5.83116469145 4.05569990898 4.49007256239 5.31211597591 -78.6291888828 277 0.0671110912263
5.98923789008 3.68878646836 3.85402316346 5.98923789008 -73.2628902751 204 0.0669612963707
4.65351539492 3.43009021601 3.81801926874 3.75502801855 -73.3229430318 208 0.066812168723
4.582818885 3.41834519476 3.75978799087 3.57338161309 -74.4228364565 216 0.0666637038354
5.38163360423 3.82398881953 4.26119533478 4.59039012997 -76.1250002096 243 0.0665158972995
4.08112708354 3.00604416225 3.26891170994 3.49036570477 -66.6250756055 162 0.0663687447458
4.31214172036 3.25344908331 3.59322162985 3.42606714015 -72.8778090755 200 0.0662222418436
4.29236394911 2.71423749879 2.72022281493 4.29236394911 -59.9829896297 124 0.0660763843003
4.90150132015 3.1405403408 3.16076624014 4.88357775852 -64.9091980805 150 0.0659311678608
4.81649885358 3.24446417197 3.36651900181 4.62303426308 -66.4463221756 166 0.0657865883075
14.6417439895 9.04803644654 9.48912853333 14.0186114614 -80.9205825569 605 0.0656426414599
10.4400339434 6.10343186102 6.14039935669 10.2876526948 -78.6060340878 364 0.0654993231737
5.48852514242 3.73760912838 3.89343436366 5.17434321918 -70.4689149833 203 0.0653566293408
DEBUT ITERATION : 1
3.03457461704 2.33123273348 2.48756519312 2.77002425921 -52.9065374015 101 0.49983338887
5.11743264373 3.89815622605 4.43845118723 5.11051008488 -79.3850244086 259 0.491642084562
2.20565130153 1.85334340366 1.96029110279 1.86034240076 -44.5906029318 76 0.483714930668
6.09117658323 3.72900581369 3.74847664687 6.09117658323 -70.1612123253 191 0.476039352586
7.57046343272 4.50299665289 4.56196999329 7.57046343272 -74.3740991946 250 0.468603561387
4.4421650169 3.11389667929 3.24657073514 4.11606699594 -64.0244191309 155 0.461396493387
3.40166157491 2.56576537967 2.75729197437 3.08815893942 -57.43597606 120 0.454407755226
2.46728672915 2.01892418628 2.18325559669 2.13237889081 -47.4044804447 85 0.447627573859
3.04024879363 2.38583353815 2.61607120545 2.57262357072 -58.162508693 119 0.441046750956
2.82903350632 2.24648999043 2.47251459101 2.46382631637 -52.724615483 102 0.434656621269
3.98453901588 2.74150449924 2.77127172764 3.91003546229 -60.2056599707 125 0.428449014567
4.79004034468 3.4001056395 3.60198562752 4.20462493888 -69.9939725407 190 0.422416220783
3.69628883208 2.59415579482 2.63284348191 3.64505300127 -57.7838871271 115 0.416550958067
3.11783772314 2.40594805307 2.61758168568 2.76874875622 -54.7429068685 110 0.410846343468
4.82285980302 3.41591751814 3.68589672026 4.12220539721 -70.0111605142 187 0.405295865982
4.34582115125 2.71667037638 2.68337283244 4.34582115125 -60.4843140736 123 0.39989336177
8.14946571628 4.69533716236 4.71491822554 8.14946571628 -75.9704480458 261 0.394632991318
4.01493037096 2.6281382857 2.60832813665 4.01493037096 -58.7002204479 117 0.389509218385
3.99557995076 2.60091003449 2.58678140226 3.99557995076 -58.0675332594 115 0.384516790567
5.39915762671 3.35457474459 3.41819610992 5.39915762671 -70.2916106785 174 0.379650721336
4.08736590484 2.63391645712 2.6072509537 4.08736590484 -59.9667497504 120 0.374906273432
3.76820225299 2.83577217751 3.13179366063 3.09083517173 -66.2708976318 156 0.370278943471
3.09527772813 2.4164734678 2.66038624069 2.65239919353 -57.8581667131 119 0.365764447696
3.96138268361 2.63025838748 2.61241550799 3.95314119421 -58.6867960277 117 0.361358708745
4.32685210016 3.0175165445 3.12144578511 4.07540873895 -63.520737593 147 0.357057843371
3.50461418848 2.6695006471 2.9246881333 2.882019895 -64.2325939204 144 0.352858151023
2.92665993061 2.25443980949 2.38588622976 2.67455185607 -51.9663389547 97 0.348756103232
4.12705742274 3.02763780561 3.25810145867 3.0112676526 -71.9902807341 183 0.344748333716
3.37784952854 2.5872407437 2.83819005457 2.80594317484 -62.0073781734 135 0.340831629175
1.98568950205 1.71167686038 1.7841205297 1.65493301178 -41.0483920465 67 0.337002920692
3.41479973978 2.54004294373 2.68085374056 3.17120151629 -57.6170411285 119 0.333259275717
3.09955868763 2.37404432947 2.53721894021 2.93103320441 -54.9192098081 108 0.329597890574
4.66765744386 2.9966467121 3.06144706566 4.66765744386 -64.5860727996 150 0.32601608346
4.51718093558 3.1331283564 3.23165775784 4.26377883739 -66.2011161655 162 0.322511287895
4.99649771379 3.13880833329 3.11120695047 4.99649771379 -66.0512220269 155 0.319081046586
5.36729097297 3.72782511216 3.98499076544 4.70503075237 -71.8551058572 208 0.315723005683
4.54095437042 2.97876022701 2.97031347487 4.50181227374 -63.5789793918 142 0.312434909394
4.60176625139 3.25993526669 3.44772057823 4.20136928241 -66.9667849698 171 0.309214594929
4.30838214187 3.18380629867 3.41773912656 3.14066580849 -73.4904608147 199 0.306059987758
4.04462760229 2.58410564503 2.57498516055 4.04462760229 -58.032631081 115 0.302969097152
2.04802880718 1.75571249644 1.84329432112 1.72702069757 -42.3734171859 70 0.299940011998
3.56778589598 2.7344867096 3.02871422162 2.99108166986 -65.0857360643 150 0.296970896852
3.33923305132 2.55923782934 2.82736255837 2.82725651693 -60.7294678587 130 0.294059988238
4.74577229056 3.32801073196 3.52688914933 4.29027702718 -71.4871992124 193 0.291205591147
4.80731924663 2.96724244809 2.97641713452 4.80731924663 -63.3444335228 142 0.288406075755
5.78981396707 3.56293379702 3.5773904412 5.78981396707 -72.8119956026 198 0.28565987431
4.57499311073 2.92748500611 2.92884911945 4.57007862321 -63.4949530671 137 0.282965478212
1.86035884576 1.62813936756 1.68667995303 1.52584661896 -39.4004109862 63 0.280321435246
4.66858069268 3.42544032841 3.82398733716 3.92717547161 -72.1245587121 199 0.277726346973
6.77201148488 4.07123192081 4.1698896527 6.77201148488 -75.6961004717 227 0.275178866263
7.56050654204 4.61202294767 4.78212266002 7.56050654204 -78.4347710528 276 0.272677694965
3.37316115994 2.5736649692 2.83810103355 2.8903986359 -60.6965232076 131 0.270221581697
4.04811520067 2.80712428434 2.86231924638 3.92575412405 -61.6110121293 132 0.267809319764
4.88197071306 3.39179708331 3.50737140109 4.61852821081 -70.2781628231 190 0.265439745178
3.83920026807 2.46127806726 2.4314580879 3.83920026807 -56.3433231947 108 0.263111734783
7.22055937125 4.3371588827 4.4512234246 7.22055937125 -77.2757566124 254 0.260824204486
4.31442120711 2.69621230343 2.68257072776 4.31442120711 -59.729639145 121 0.258576107568
4.80896587772 3.53894158686 3.9933796199 4.03268792485 -74.0351619248 215 0.256366433088
6.03133520743 3.74539253382 3.90879837931 6.03133520743 -75.1224005677 214 0.254194204372
3.66724478305 2.81400903046 3.13378217183 3.36724873875 -65.614292598 154 0.252058477567
6.59240297071 4.32207628293 4.47110078824 6.07579843297 -74.0596051158 243 0.249958340277
10.3053812849 5.97737912708 5.99864624971 10.1951530525 -78.2396751424 353 0.247892910263
3.972946181 2.81690069553 2.91348442854 3.74861826413 -60.6556550056 132 0.245861334208
3.15198996386 2.42810036507 2.63922816867 2.7997162321 -55.2585082111 112 0.243862786539
5.04033219034 3.72826039928 4.21715385081 4.07083660466 -77.1419462646 247 0.241896468312
4.61394195384 3.34584283097 3.60563266597 3.41862145986 -74.0738732689 208 0.239961606143
4.53389464466 3.00842398926 3.01787609573 4.51814138175 -65.126639636 148 0.238057451198
6.74523709002 4.54054695917 4.97644548739 6.74523709002 -81.765291326 348 0.236183278224
4.20061451009 2.74302393718 2.72993315954 4.19331469696 -60.9206483881 125 0.234338384627
4.36946081842 3.1764353652 3.46818409265 3.60793739865 -69.651107193 180 0.232522089599
3.82499516492 2.50051961849 2.4800411707 3.82499516492 -56.3794214627 109 0.230733733272
3.19617553745 2.47060128737 2.7292845128 2.73574591379 -58.5060218529 122 0.228972675927
4.04051859638 2.5872161089 2.59335824418 4.04051859638 -57.7451901441 114 0.227238297228
6.86614072981 4.20537640057 4.40199692785 6.86614072981 -76.277906467 239 0.225529995489
6.21971546206 3.87033324739 3.90616167504 6.18157767155 -71.6816413353 203 0.223847186987
4.83033956109 3.24649843431 3.31327681472 4.66872656163 -65.7569374451 160 0.222189305288
4.99183498004 3.15248574421 3.15311721927 4.99183498004 -66.5687211175 155 0.220555800618
3.98580837114 3.09218538246 3.37041711989 2.9835243442 -74.1473570339 200 0.21894613925
3.81462613238 2.44531065572 2.41331334421 3.81462613238 -55.8723883063 106 0.217359802927
5.4606811895 3.50828245013 3.75967409916 5.4606811895 -75.1987236898 210 0.215796288304
3.87424831786 2.91678137488 3.17238852268 3.02364320579 -69.0014137338 169 0.214255106413
4.32566423042 2.70923032309 2.67785968005 4.32566423042 -60.9319872236 124 0.212735782159
3.5304209244 2.67742586461 2.84998074577 2.57957306757 -68.7913382733 160 0.211237853823
4.53323367125 2.82140369192 2.80922837922 4.53323367125 -62.560590243 131 0.209760872605
2.76047327892 2.18912324151 2.39838748298 2.42436953414 -50.8473571807 95 0.208304402166
2.35379857329 1.95751532643 2.09091980903 2.00870111049 -46.954082038 83 0.206868018204
6.33273041502 3.72760617718 3.72922147768 6.33273041502 -70.20835939 190 0.20545130804
4.33326978657 3.17656964449 3.48511458038 3.4115513796 -71.2061492009 185 0.204053870222
4.9446418935 3.6144166413 4.06257483691 4.18296378517 -75.4586016264 230 0.202675314147
3.49092306737 2.61319049392 2.81747334288 3.10872359773 -58.9554656492 126 0.201315259697
4.04597296098 2.89220750261 3.06916374283 4.02915237722 -63.0353653754 145 0.199973336888
4.87393017207 3.42935616565 3.64794246258 4.40959974548 -69.8518726209 189 0.198649185538
4.15400265525 2.95715006531 3.08221566045 3.8831128796 -62.6755178304 145 0.19734245494
3.53498919028 2.66469853326 2.87872978216 3.12359116032 -60.2656024566 132 0.196052803555
16.994203426 9.62327416052 9.80618886348 16.8170172928 -81.25032827 647 0.194779898714
4.65597460285 3.34503848076 3.58409402865 4.03680647532 -69.7822949294 187 0.193523416333
5.828611241 3.58939494752 3.66832270762 5.828611241 -69.6542003958 189 0.192283040636
4.83144249758 3.29383791669 3.38954021164 4.63582027742 -67.0181929598 168 0.19105846389
4.2004664212 3.06348683601 3.28597528021 3.76228356424 -65.6214733199 161 0.189849386154
5.64945473435 3.39219232392 3.38917754333 5.64945473435 -69.3013399135 173 0.18865551503
6.7615252785 3.98194328396 3.97079951566 6.7615252785 -73.4359603716 215 0.187476565429
6.52429236361 3.85401761591 3.90417480994 6.52429236361 -71.1770030125 204 0.186312259347
4.34989309422 2.99130609036 3.04331527259 4.21438164545 -63.2846799351 144 0.185162325639
4.81864135138 2.96278172902 2.92486160493 4.81864135138 -63.9073173909 141 0.184026499816
5.72188038252 3.67932028905 3.71853349776 5.67063786133 -70.9483945795 194 0.182904523839
6.53598386469 3.92711200736 3.98536480595 6.53598386469 -73.753838454 211 0.181796145922
4.3146578009 3.01259357419 3.1170856297 4.12845259306 -63.703745646 148 0.180701120347
6.55146691656 3.96982329545 3.98345057594 6.53592725159 -73.0886526909 211 0.179619207281
6.13995023664 3.84483196302 3.87964469643 6.08331383161 -72.1259281522 206 0.178550172598
5.72777875961 3.66298958696 3.7679148072 5.72538348608 -70.7296765695 196 0.177493787717
4.64953556746 2.97867578934 2.99477042016 4.64953556746 -63.4390350753 144 0.176449829432
5.19922272373 3.47172057186 3.56156324224 5.02225403522 -68.9771145517 182 0.175418079757
4.49391690766 2.79844048207 2.78742941318 4.49391690766 -61.1502454727 127 0.174398325776
3.72752103949 2.93890210307 3.17328511103 2.44187710468 -77.2916760416 221 0.173390359496
3.83156261411 2.8548080425 2.96544686412 2.18534257445 -76.8305155172 209 0.172393977704
6.71228660113 4.40823592242 4.32567407766 5.93390473608 -82.6688686506 343 0.171408981831
3.10788266495 2.31572680885 2.39275929783 3.06588394693 -53.3911265782 100 0.170435177821
5.59527521081 3.66562862206 3.73384745419 5.39017784802 -69.3392260237 190 0.169472376003
5.67845220715 3.64999178176 3.69260674975 5.56558230335 -69.4425258914 187 0.168520390967
2.01852744112 1.73668735085 1.8162892254 1.69434928453 -41.8992239011 69 0.167579041448
9.1948613788 5.551020531 5.60779057639 8.95103216135 -78.4213028425 332 0.166648150206
6.33261083278 4.19283968461 4.4135673648 6.03748041353 -74.8245832182 242 0.165727543918
4.38055211937 3.04888659958 3.14676909335 4.16415812057 -64.2442403071 150 0.164817053071
3.0279006535 2.36818624961 2.59326838107 2.55944317787 -57.1050957913 116 0.163916511857
2.64046029084 2.12457377248 2.31266348094 2.27246630015 -50.0549777673 93 0.16302575807
4.45433728754 3.21892158395 3.45777190468 3.85168127879 -68.9511607617 178 0.162144633013
4.68481733171 3.1440487639 3.22376782653 4.64108489295 -67.7558244383 162 0.1612729814
4.97391422524 3.27201369025 3.33134405296 4.9249173272 -69.3628853866 173 0.160410651267
4.47869634025 3.03541394621 3.1189459277 4.43440965607 -66.0890703843 152 0.159557493884
3.6439831626 2.59485834929 2.65039268522 3.51394396836 -57.9304135586 116 0.158713363665
3.19077111023 2.40968613159 2.54652829144 3.02561093402 -55.4210579304 110 0.157878118093
3.25292702604 2.4866267119 2.67856617287 3.03383936628 -57.6381765599 119 0.157051617632
4.76518809077 3.20107943553 3.27212016916 4.6671537846 -68.0569273252 166 0.156233725654
3.52969112296 2.68291032818 2.94861459274 3.09432436149 -62.6717775797 140 0.155424308362
3.64089797613 2.75813534837 3.03555473737 3.21581036228 -64.1629717902 147 0.154623234718
3.54888895008 2.48558377835 2.50142499892 3.4751631653 -56.0002490645 108 0.153830376372
4.03828322679 2.55042632196 2.51107437504 4.03828322679 -57.5640254081 112 0.153045607591
3.903214924 2.89469760828 3.15733633063 3.34246734736 -64.835850567 152 0.152268805197
2.85824617788 2.25294847494 2.47301692614 2.51270448143 -52.4779420068 101 0.1514998485
4.63271795961 3.37457000832 3.73667158204 3.89135079015 -71.2688303035 193 0.150738619234
1.93777443986 1.67698064175 1.74129913171 1.58695254678 -40.6517785677 66 0.1499850015
2.97189752703 2.35319023862 2.56751484357 2.77681199395 -54.9240536239 109 0.149238881703
3.61777601185 2.69304579624 2.89029690922 3.2289999712 -59.4290202145 130 0.1485001485
4.18214237071 2.88450645847 2.98159961581 4.17279578484 -62.100197153 139 0.14776869274
5.47063767738 3.89246248699 4.36891643267 4.49497595841 -77.5991916499 255 0.147044407411
4.39506124662 3.35281918258 3.80077792371 3.73503445632 -73.7096977503 208 0.146327187591
3.86993986439 2.81364564303 2.97767921051 3.62454487377 -60.8545603693 136 0.145616930395
5.65901669086 3.69130468198 3.91621723151 5.655077079 -74.6012000171 216 0.144913534924
7.19747273258 4.4187939006 4.322591806 7.18152433415 -80.8266023425 302 0.144216902221
4.21833746712 3.13702618049 3.33420472396 2.87102316808 -75.1000819229 207 0.143526935222
4.60829903924 3.45111034004 4.00655266214 4.40334273638 -76.5765525776 231 0.142843538711
2.02855323172 1.73859113645 1.82049155782 1.69183299365 -41.8787662415 69 0.142166619278
2.59197142745 2.09547925799 2.2753515186 2.24138353814 -49.1326173302 90 0.141496085275
5.51466644405 3.75506530123 3.95565425727 4.94802128933 -72.3144048405 209 0.140831846775
4.11238800146 2.70631506723 2.74765512417 4.11238800146 -58.8986026956 121 0.140173815531
4.35221400657 2.97159359574 3.03477241635 4.23238279308 -62.8933840869 141 0.139521904939
5.01346759814 3.68486469701 3.9836958085 3.18505722894 -80.2244103467 280 0.138876029997
4.16693813847 2.92362537884 3.01301972437 3.95467225613 -62.6358849203 141 0.138236107271
5.14940560111 3.58270152603 3.7095078571 4.87100245655 -71.4180112218 203 0.137602054857
5.96810556783 3.97578438691 4.11817497647 5.39388290693 -73.4935357571 225 0.136973792348
3.47867226767 2.64693277257 2.90126016232 3.05163734105 -60.7727992701 133 0.136351240796
5.11643943857 3.3837558027 3.44668668101 4.9749490452 -68.3265252997 174 0.135734322686
3.29658174688 2.51761784057 2.75348519346 2.86595988121 -58.1431894052 122 0.135122961895
6.89400460136 4.24086725093 4.23191508947 6.88202994686 -75.594689176 242 0.13451708367
4.54008222292 3.14604964342 3.24626004295 4.33646753152 -65.7168130211 159 0.133916614588
7.92587094582 4.61983672901 4.68406870086 7.92587094582 -77.05752766 271 0.133321482535
6.6098733797 3.91208072236 3.90737164824 6.6098733797 -73.2018044246 209 0.132731616671
6.69340204699 4.19775865191 4.41438325282 6.69340204699 -78.6736438283 273 0.132146947406
6.82806077689 4.50544919791 4.64468012902 6.47541765921 -76.3938160082 267 0.131567406368
4.40284641933 3.06363290468 3.16031330421 4.2060721509 -64.7964913392 153 0.130992926382
6.13176228417 3.84302726947 3.8323759983 6.09496272096 -72.9845336468 212 0.13042344144
3.98372593919 2.95703279457 3.24566696236 3.28977202305 -67.9501505288 167 0.129858886676
11.6450346127 6.60428956766 6.82563302962 11.6450346127 -80.9933444339 442 0.129299198345
4.40008238818 2.85454401144 2.87116943239 4.40008238818 -61.987061047 136 0.128744313793
5.38468591008 3.51708174739 3.5353448529 5.19326160381 -70.1998510461 189 0.128194171438
3.74480661179 2.79535211746 3.03670121185 3.38791920801 -63.1363950118 144 0.127648710748
5.13351206248 3.65445625017 3.90851778857 4.18145831978 -75.7171103784 232 0.127107872214
8.08634106256 4.85036262688 5.12746509095 8.08634106256 -79.5852834936 310 0.126571597334
4.18755749467 2.96481690623 3.12416492605 3.96703381455 -64.3443467187 151 0.126039828586
4.78899953343 3.26709258882 3.34694460223 4.59553888008 -67.0809143891 168 0.125512509413
6.06807111083 3.70937546935 3.7939894445 6.06807111083 -70.2465852066 195 0.124989584201
4.48698518006 3.1763470996 3.34095453375 4.12970602613 -65.3627107262 163 0.124470998257
4.86732556428 3.24469448332 3.2818683187 4.7332305477 -66.018416758 161 0.123956697794
4.46114256617 3.00454849783 3.02603165689 4.35888186709 -63.5337054559 144 0.123446629907
7.81378210871 4.53758488568 4.58230028346 7.81378210871 -76.1696304764 254 0.122940742562
2.82587412843 2.2431434357 2.46750072367 2.45756913802 -52.8177933239 102 0.122438984573
4.32991079684 2.95261101302 3.00370444008 4.23549156278 -63.7376524464 142 0.121941305585
3.36198310874 2.53795251318 2.7164508962 3.08862769984 -58.0282252384 121 0.12144765606
9.62557215957 6.05912498397 6.27073422756 8.69384994438 -78.8923987554 373 0.120957987259
5.33461011954 3.7544225926 4.09849497611 4.36009632362 -74.0128894435 222 0.120472251225
3.00554911921 2.22973977971 2.2676540228 2.97752511226 -51.7226491526 94 0.119990400768
3.76056817295 2.87010995812 3.1994924993 3.19071427784 -67.2394871853 162 0.119512389451
5.7355703788 3.84485645749 3.97959516969 5.05148908883 -76.2546331777 243 0.119038171574
4.3421546632 3.13569737801 3.39860999506 3.90670570285 -69.9471496062 180 0.118567702158
9.28268777591 6.10835264818 7.12533030819 9.28268777591 -83.3829252131 557 0.118100936934
3.91643235394 2.96008172419 3.29256851181 3.29256851181 -68.5268466228 169 0.117637832327
5.1057511908 3.47051923911 3.62665165744 5.0249667258 -72.4999618807 202 0.117178345442
5.69612601122 3.86933960511 3.95349288588 4.9523587802 -75.7580912469 238 0.116722434052
3.79733192807 2.85703114213 3.0683811208 2.80626920447 -69.5819818478 168 0.116270056585
4.30644322518 2.70926895926 2.70118150371 4.30644322518 -59.4203678188 120 0.11582117211
5.37620806971 3.61458687496 3.66380800997 4.79179239184 -72.9992417487 211 0.115375740328
6.8294563766 4.61251043803 4.85104521649 5.78853487167 -79.4026613784 303 0.114933721554
4.77799551849 3.24674095671 3.3055259708 4.62667475054 -68.825524002 174 0.114495076712
3.69962655384 2.79210498482 3.08953593657 3.08953593657 -65.5092129248 153 0.114059767318
4.77200097231 3.28921914679 3.34324640876 4.58698724984 -69.6990067154 183 0.113627755473
3.57219163677 2.72257468717 3.01280940471 3.10290976563 -64.3404297866 147 0.113199003849
4.54439571389 3.11599280543 3.22072934612 4.29217485642 -68.5805781217 172 0.112773475679
5.18371702811 3.42679747258 3.43039461989 5.10585111489 -70.7498720274 191 0.112351134746
7.48112708318 4.29920967824 4.1317197991 7.48009917638 -77.5439759112 259 0.111931945377
12.0719267219 6.65708130234 6.66555823297 12.0719267219 -81.5542055534 434 0.111515872426
4.93768021433 3.34764382624 3.3992719475 4.53099067261 -70.4371966993 188 0.111102881268
4.10387424208 2.60103016914 2.59409534547 4.10387424208 -57.9146427683 114 0.110692937791
3.84553797324 2.45752532027 2.41729212357 3.84553797324 -56.2669489195 107 0.110286008382
3.97761116788 2.56223634431 2.57330197844 3.97761116788 -57.4312874478 114 0.109882059922
2.29129109425 1.91833959932 2.05477564939 2.01352386364 -45.8962203055 79 0.109481059777
7.1168014705 4.94252656781 5.56195530529 5.89816150271 -79.1408304938 322 0.109082975784
2.93960994114 2.30117119274 2.51724202437 2.60120480061 -52.9442049418 103 0.108687776248
7.03909725235 5.43057454671 5.94725308702 6.54975383779 -83.6165445126 571 0.108295429933
5.54019610876 3.63592410099 3.73844876368 5.47150623518 -73.1794618116 208 0.10790590605
8.68291109862 5.28142959323 5.24585060954 8.30040059689 -80.6900790651 353 0.107519174253
6.31031073724 3.73635622028 3.73695063915 6.31031073724 -74.2480833909 209 0.107135204628
4.04412134273 3.07865420983 3.44521614795 3.53904934251 -70.0848295762 180 0.106753967689
4.76935045742 3.14580110605 3.21413879258 4.74530686911 -67.4540008336 159 0.106375434366
5.6586660175 3.50141005255 3.51262230625 5.6586660175 -70.8230270174 185 0.105999576002
3.73307226804 2.82673131145 3.07888234207 2.94313479642 -67.4039631711 160 0.105626364341
4.27680881839 2.90154399421 2.94211851106 4.18989351832 -63.0435589421 138 0.105255771525
3.23358641758 2.49285146578 2.75323447946 2.75518098407 -59.0295475364 124 0.104887770086
3.47471692812 2.64331386401 2.89927231884 3.08217374652 -61.404069315 135 0.104522332938
3.55404066754 2.45350866374 2.49042663119 3.55404066754 -55.296047781 106 0.104159433373
3.23427632838 2.47230820098 2.67245296636 2.90323230805 -55.9316012995 114 0.103799045049
6.62128435118 4.11279268375 4.14835913272 6.53799414072 -72.6566630251 220 0.10344114199
3.31524980536 2.53870232387 2.80046486503 2.84666912664 -59.5888889128 126 0.103085698577
12.138278909 6.90015217543 7.06676227614 12.138278909 -79.8528576923 431 0.102732689542
9.97248966631 6.5529760146 6.932825438 9.67292235575 -80.3655684386 426 0.10238208996
4.40731655268 3.13537722505 3.30546601463 3.98856476983 -65.1829952529 161 0.102033875247
5.78648381709 3.48221394118 3.55825519216 5.78648381709 -68.6823384574 180 0.101688021151
4.07697147834 2.95193101035 3.12978729478 3.67813966501 -63.0290975351 148 0.10134450375
4.95063227294 3.32202676092 3.38668395342 4.82944170334 -66.9126956394 167 0.101003299441
3.59785075759 2.70893119208 2.94812992458 3.1236055395 -61.8806401456 138 0.100664384941
4.73492090406 3.34679874197 3.56299198387 4.31896948058 -68.4658771945 181 0.100327737275
5.10228287973 3.13154601179 3.18494497226 5.10228287973 -65.1962888969 155 0.0999933337777
8.71180192129 5.16399574561 5.18157028173 8.58163286621 -77.4774128836 303 0.0996611520829
5.51334770945 3.88279700626 4.18425527367 4.68149883387 -74.4578041493 232 0.0993311701212
12.2187848248 7.49385658279 7.71325777161 11.3864695596 -81.1579819144 502 0.0990033661144
7.03365950184 4.17734686537 4.17567517296 7.03365950184 -73.8878206754 226 0.0986777185711
4.66470024049 3.17436519749 3.24739108888 4.4682562726 -65.2543095122 157 0.0983542062816
5.51740124829 3.7411337615 3.86661753397 5.16549979081 -71.3034241999 208 0.0980328083132
10.3640904552 5.75222033526 5.90849199749 10.3640904552 -79.8769413855 369 0.0977135040063
10.1354935896 6.08552857421 6.48378863371 10.1354935896 -81.1955099677 415 0.0973962729693
4.40811801718 3.21171692532 3.52363061952 3.49430976088 -70.9814351109 187 0.0970810950748
8.78273823571 5.7286147569 6.0553010434 8.29438531649 -79.8241399317 382 0.0967679504548
7.56338574329 5.14983544788 5.6912362617 5.92769382374 -80.548766004 355 0.0964568194971
8.70163181561 5.04015437649 5.07865755964 8.70163181561 -78.8369403128 315 0.0961476828408
6.17938626078 4.21345341878 4.41875402628 5.51593211374 -75.3900726624 253 0.0958405213724
6.57435155783 4.40965963765 4.75601456914 5.95775904506 -77.417361606 279 0.0955353162219
4.11107395669 2.99691861214 3.20052262756 3.64711358858 -64.7093046979 156 0.0952320487588
9.93049447723 6.00395577826 6.25549578034 9.760232063 -80.3053553165 395 0.0949307005886
5.89487056903 3.70464755621 3.78592825416 5.89487056903 -70.7079334105 199 0.0946312535487
9.2916468362 5.30956255643 5.36241828541 9.2916468362 -78.3451141892 323 0.094333689705
5.05453090684 3.59388564548 3.86182973092 4.26718907547 -72.7921348968 212 0.0940379913485
3.89644201784 2.86618465137 3.08998950203 3.47327250085 -62.964094506 146 0.0937441409912
6.33278219796 4.17099820566 4.44927117496 6.04410808206 -75.7280907727 251 0.0934521213632
5.42429219431 3.73898914433 3.97209737876 4.81032479892 -72.1951907228 212 0.093161915409
6.42341081059 4.26348747154 4.44087406392 5.75775474206 -74.8229723679 246 0.0928735062844
4.95356588115 3.4141097181 3.57273163654 4.78584787838 -68.0896778856 180 0.0925868773532
10.8122559289 6.15559111521 6.21998152141 10.8122559289 -78.5705110901 369 0.0923020121839
6.50081589275 3.92677022889 3.98359543697 6.50081589275 -74.780307246 220 0.0920188945463
4.90519545685 3.28927443885 3.35898591797 4.81592426354 -66.8850631756 166 0.0917375084093
3.98126906254 2.97357404695 3.21044740694 3.00677774125 -70.4006367701 176 0.0914578379367
4.10400067301 3.1340244387 3.40554490481 2.94616151327 -75.1928699828 210 0.0911798674853
4.24677276499 3.2845848616 3.70140043073 3.39192515086 -76.3005006209 224 0.0909035816011
4.7123942259 3.53858775476 4.04659329009 4.01772883515 -77.9520823874 248 0.0906289650172
4.36121712619 3.34748503458 3.85697503461 3.74019921229 -76.9728340755 231 0.0903560026504
6.45995927486 3.87033976901 4.0874164574 6.45995927486 -78.799548378 258 0.0900846795988
4.32505973199 3.35253796619 3.72113550478 3.21994338613 -77.7115040801 237 0.0898149811389
3.95990210565 3.18448337476 3.64691742094 3.42516629493 -74.9882899391 211 0.0895468927228
5.31906576715 3.55377211783 3.92087246391 5.31906576715 -77.0485211168 232 0.0892803999762
4.98786556732 3.63891717159 3.93767613652 4.25725703456 -79.2725357119 266 0.089015488695
6.34558648085 3.77056159779 3.92287868972 6.34558648085 -78.237508745 242 0.0887521448435
7.3573811027 4.81558294899 5.1754709966 6.77446001524 -77.7930021401 295 0.0884903545514
4.79287489309 3.21240036285 3.36927903128 4.78530095537 -70.1062033462 174 0.0882301041115
3.72327576789 2.80000310959 3.11215568269 3.13861112161 -65.1089669618 151 0.0879713799777
4.49796640495 3.20073045722 3.46127713325 4.37089151241 -70.3992880669 183 0.0877141687621
4.0992175549 2.90945045401 3.03557947491 4.05540367637 -62.471786758 141 0.0874584572328
4.8640804088 3.32258696745 3.51854535312 4.62349615176 -71.4015925881 191 0.0872042323121
5.82740668306 4.01423977967 4.07558914595 4.92919202962 -79.6995653387 280 0.0869514810736
4.53709050385 3.23380211301 3.55311607729 4.39090572513 -72.2306761615 194 0.0867001907404
2.69105147873 2.15944996683 2.35380522476 2.32229193996 -51.0116197188 96 0.0864503486831
3.31434004535 2.54342499539 2.8030268757 2.78837514887 -60.6739507608 130 0.0862019424171
3.79711524926 2.91851374722 3.2018427649 2.99815305438 -70.4765911731 177 0.0859549596012
4.27044482769 2.66916775943 2.6306643601 4.27044482769 -60.4619931564 122 0.085709388035
3.92795741956 2.91549275873 3.06459497024 2.56852962774 -74.0564379792 191 0.0854652156572
3.18718966022 2.43880493767 2.63305670141 2.86195077994 -55.1604130317 111 0.0852224305437
3.73421977566 2.7296618921 2.88891479954 3.44675112397 -60.3266067697 132 0.0849810209053
3.92343442558 2.52966160944 2.53289063158 3.92343442558 -56.7596185168 110 0.0847409750862
2.57358681049 2.07876306145 2.2621474989 2.24333859146 -48.485697158 88 0.0845022815616
3.296164509 2.53014063614 2.79952825039 2.81773007992 -59.5758180773 126 0.0842649289366
6.87128171611 4.57342634624 4.84652936863 6.69786065418 -76.5261761094 274 0.0840289059436
4.47672933787 3.19694372088 3.39999521673 3.97040115517 -67.0226616871 169 0.0837942014413
6.70211494248 4.5570448703 4.90702785276 5.64034288029 -78.2657245411 281 0.083560804412
7.2299831503 4.68325715246 4.88078893296 6.68197909146 -76.8485169926 279 0.0833287039609
6.76969331019 4.09340178797 4.09020229182 6.76220230043 -74.1980136128 223 0.0830978893136
3.09490852564 2.37233249751 2.52910498725 2.81523700829 -54.1539663806 106 0.0828683498149
2.60541772507 2.10125066621 2.29434757988 2.29927847139 -49.4421202357 90 0.082640074927
3.63791104679 2.59585433071 2.66339950451 3.48601464617 -57.2557570613 115 0.0824130542278
6.68236712576 4.02805350757 4.03833737945 6.66747098235 -72.5625753998 213 0.0821872774095
4.83796431073 3.25715261601 3.36096423887 4.78378434811 -68.791632302 171 0.0819627342768
3.83499912541 2.53119182429 2.52589241061 3.83499912541 -56.9228582615 111 0.0817394147458
4.24730288833 3.08500129221 3.24213857141 2.72638297523 -75.4774134946 203 0.0815173088419
2.61561975494 2.10337457842 2.27179210312 2.37126253838 -49.8476407993 90 0.0812964066988
2.97021660533 2.31414537752 2.52385197325 2.6246695173 -52.9021276618 103 0.0810766985568
2.80428604151 2.23082623718 2.4385092347 2.52641487498 -51.661399774 98 0.0808581747615
6.91175119769 4.21456361817 4.23499448026 6.85139912807 -73.3743718529 226 0.0806408257621
9.23228217546 5.680956659 5.78855292536 8.69219841819 -77.779584842 338 0.0804246421103
4.09463519451 2.84811540179 2.92375077941 3.93218437443 -61.0340985386 133 0.0802096144591
3.30058417461 2.32503529268 2.36932799002 3.30058417461 -53.256495567 99 0.0799957335609
6.38868362537 4.09482354923 4.4079992813 6.38868362537 -77.2725146388 249 0.0797829902665
3.25740566273 2.39614297027 2.46182837186 3.21738092024 -54.8706872363 106 0.0795713755238
3.30677143376 2.45385013228 2.55337117606 3.10077992451 -55.3964751765 109 0.0793608803767
6.68752105245 4.40104022213 4.57906234563 6.2963527779 -74.6922375971 252 0.0791514959633
3.47416670498 2.61632312683 2.82617833918 3.09589612742 -58.3753147596 125 0.0789432135151
5.12173938001 3.5679857342 3.77591779335 4.58674192094 -70.0104745527 195 0.0787360243557
7.98446111293 4.77066909703 4.85130440024 7.96580832507 -76.5346294028 272 0.0785299198995
6.89142700105 4.07364299847 4.09878968497 6.89142700105 -72.5558541452 217 0.0783248916506
9.20392559268 6.25463164652 6.92564215791 7.74888818924 -80.8594727409 434 0.0781209312015
7.19369480714 4.70862089422 4.89557168161 6.37893420018 -76.7443047481 281 0.0779180302322
9.31800405743 5.75856050294 6.08244718724 8.7882383785 -78.9925103856 361 0.0777161805088
7.50745515048 4.38165320924 4.39906190628 7.50745515048 -74.8064504253 239 0.0775153738825
5.29603143737 3.64512159715 3.88421302154 5.07247394362 -71.2729378391 204 0.0773156022885
9.02408750782 5.22542262568 5.27885989233 9.02408750782 -77.7301742782 302 0.0771168577451
5.68013233862 3.79190293727 3.90763106773 5.36052615415 -70.2513148578 203 0.0769191323522
3.03463969768 2.35494527346 2.56526789585 2.69157749529 -53.6863765321 106 0.0767224182906
4.42248527695 2.90149265196 2.89625033911 4.42247300099 -63.6116787825 139 0.076526707821
4.02806372606 2.74536606247 2.76934607274 3.96527966916 -60.230004619 125 0.0763319932828
3.89618562687 2.89506404497 3.14899159463 3.35231431592 -64.8853843347 153 0.076138267093
3.54795730803 2.73469762744 3.04188684501 3.12526171058 -63.6800285509 145 0.0759455217457
4.74955765786 3.26987518889 3.36072590518 4.5351209708 -69.2285939923 180 0.0757537498106
8.62036624346 4.90863982268 4.91262776611 8.62036624346 -79.1665201694 307 0.0755629439323
3.60689061489 2.72005140197 2.99633002986 3.0710504056 -62.7044436172 141 0.0753730968293
4.79409025523 3.29888612876 3.37849569308 4.57099526278 -69.0841673287 180 0.0751842012932
5.57248596162 3.84346730958 3.94746697041 4.93968865291 -75.7542159464 240 0.0749962501875
5.19621136838 3.50244731052 3.62351621141 4.99335587636 -70.3035033753 191 0.0748092364471
5.0813498314 3.48639198247 3.58377063703 4.80098197253 -71.5413569918 200 0.074623153077
6.8628027733 4.63672833894 4.79536352376 6.34499254531 -79.1557769265 300 0.0744379931517
3.42594194935 2.61642302651 2.88733341549 2.8757128701 -62.00599271 136 0.0742537498144
4.98863632955 3.37061566654 3.44581239906 4.83611083238 -69.8100965447 184 0.0740704162757
4.56785479064 3.18402147066 3.29498838233 4.3895613866 -67.7896045598 170 0.0738879858135
4.33661750319 3.12371606186 3.37859955369 3.95853342446 -68.3361046039 173 0.0737064517714
3.23112625873 2.50112108939 2.75535350546 2.74389151148 -59.5506278166 126 0.0735258075585
5.91951928549 3.68426600864 3.93627475174 5.91951928549 -75.9068638285 219 0.0733460466481
3.54743157251 2.5444315692 2.62824991533 3.52621559442 -56.8325526832 114 0.0731671625774
3.66955617226 2.6587127869 2.77115802767 3.54688720913 -59.3719036932 126 0.0729891489465
4.87605959483 3.288056519 3.36295003469 4.72337309824 -67.3500363666 167 0.0728119994175
7.06900973544 4.70070376264 5.00947411392 6.23100151838 -77.6723153797 293 0.0726357077139
5.05628159639 3.11196626637 3.14604683298 5.05628159639 -65.8006588506 156 0.0724602676199
3.55984574309 2.67453689191 2.89749795495 3.12890218971 -60.2090653366 132 0.0722856729796
7.30949348242 4.73172820317 4.91473430188 6.81132590453 -76.747270774 277 0.0721119176963
3.32473461763 2.54196709248 2.7965363059 2.85700024523 -59.6115127748 127 0.0719389957316
7.324425447 4.30068516388 4.24428664507 7.324425447 -80.3475776537 299 0.0717669011052
4.81348265928 3.41331713865 3.65213470559 3.9974491294 -73.1419133411 204 0.0715956278937
3.74958720459 2.79111484993 2.93642303014 2.51048703573 -72.0021919473 177 0.07142517023
6.17745887595 3.67176443346 3.62573719918 6.17745887595 -74.464914778 209 0.071255522303
3.85742398653 2.61431849615 2.59496017153 3.85258729706 -60.3441389828 121 0.0710866783565
7.54368537961 4.48552320319 4.5585851967 7.54368537961 -79.3513835408 281 0.0709186326888
4.93514660411 3.31016859071 3.45092921011 4.90774521459 -71.316859259 186 0.0707513796519
4.67878851648 3.32704823922 3.61895629383 3.83864903186 -74.8854640123 213 0.0705849136511
4.63861676384 3.10134507455 3.19023863414 4.59615778032 -67.5805079267 160 0.0704192291442
4.01747314338 2.95576052808 3.2239814661 3.66830821793 -66.8717228436 162 0.0702543206407
3.6929452261 2.76498708175 2.91257603268 2.52359474195 -71.246619744 173 0.0700901827017
4.76493621923 3.39015757544 3.6381406125 4.16091450909 -74.6348506234 215 0.0699268099389
4.49247240617 3.04485491856 3.14271252719 4.44725995 -67.0264843944 157 0.0697641970141
6.36109053466 4.06251570663 4.08810116274 6.28055030994 -77.5526693126 243 0.0696023386386
5.56105678379 3.77868116443 3.95357817395 4.8713517504 -76.2671776747 239 0.0694412295727
5.65601774087 3.5645704108 3.62651245122 5.64677092096 -75.5363181518 217 0.0692808646252
4.49357418602 3.13473764493 3.66071286858 4.49357418602 -77.3487586442 209 0.0691212386526
7.30693764461 4.75564134732 4.9379567132 6.69295675214 -80.0925914036 317 0.0689623465588
4.87214746457 3.33264776463 3.49765653922 4.8115932362 -72.6781273215 199 0.0688041832943
3.82718631265 3.00000995428 3.33914644243 2.61952764453 -79.1476886458 239 0.0686467438561
4.81779999058 3.53796535704 3.69797337528 3.93171952754 -85.0653853327 364 0.0684900232866
8.68475302872 5.18472655518 5.2365921697 8.61425727926 -80.8273209535 345 0.0683340166735
3.89660038514 2.60644415632 2.58489627305 3.89660038514 -60.1778209596 120 0.0681787191491
4.28372136129 3.03279735407 3.25168851901 4.05114403751 -67.553068757 166 0.06802412589
3.75009355704 3.03393548036 3.43624078138 2.83150633516 -78.2264114598 231 0.0678702321162
5.15208742393 3.51374714651 3.70185764934 4.81044310771 -73.5668965539 210 0.0677170330911
3.70441696754 2.97181300328 3.29892291743 2.60202256789 -77.8923025187 225 0.0675645241205
3.72628873504 2.7971112697 3.08428862868 3.04264409315 -66.4129581389 156 0.0674127005528
7.99267188721 4.96380854184 5.02669560448 7.6674254788 -79.3019679534 318 0.0672615577777
3.41589230095 2.61594086337 2.79913510095 2.58632060271 -66.8425559302 152 0.0671110912263
3.74819111734 2.86701366606 3.03276614676 2.41405491593 -75.3802969691 201 0.0669612963707
4.71692188584 3.13944231528 3.22489858491 4.66578085615 -68.1849406914 164 0.066812168723
3.69405336408 2.89608011989 3.13476307203 2.61236440573 -74.4675922768 198 0.0666637038354
4.92269209065 3.30226462419 3.50635562395 4.90974194704 -72.4094743772 191 0.0665158972995
4.03003888064 2.55215031222 2.51234012223 4.03003888064 -58.3979188363 114 0.0663687447458
4.79341554542 3.12138415893 3.25677221473 4.79341554542 -67.6390198424 167 0.0662222418436
4.91498908204 3.38113082913 3.49657826544 4.70743359361 -69.9994547847 187 0.0660763843003
5.55218324997 3.67754579615 3.73017600184 5.24656607248 -72.4993111801 208 0.0659311678608
5.35644534416 3.3199885065 3.48591734781 5.35644534416 -71.1855453745 189 0.0657865883075
5.25318760143 3.70594109881 3.93156603605 4.30519326343 -76.196529522 237 0.0656426414599
5.06436431587 3.44564071511 3.55915415051 4.8467099283 -70.2284526071 190 0.0654993231737
5.50312599221 3.65429245732 3.74559006705 5.19852788226 -72.4597012102 207 0.0653566293408
