DEBUT ITERATION : 0
2.99070249557 2.29997771102 2.43399001628 2.79536701684 -0.363472108931 99 0.49983338887
4.05450268752 2.83314545396 2.92507351975 3.94131529321 -0.256367722772 132 0.491642084562
3.01006569485 2.32566286366 2.48645156013 2.7746742347 -0.355924806617 101 0.483714930668
4.07773764964 2.91408920949 3.06582644838 3.79641405076 -0.230339142104 142 0.476039352586
2.03544815746 1.74255951319 1.82731015251 1.69654814447 -0.497001403894 69 0.468603561387
2.31426752704 1.92833269508 2.06362633249 1.99446325108 -0.443319922027 80 0.461396493387
8.08435595611 4.92471767458 5.01514186762 7.93290657762 -0.0425569972498 285 0.454407755226
2.77399440375 2.18649791596 2.35549176903 2.49308041556 -0.383034174967 94 0.447627573859
5.26456057878 3.49881312477 3.58945532113 5.04765331657 -0.152150054499 180 0.441046750956
3.95071568652 2.80878908088 2.90910110816 3.83623642364 -0.256369278282 132 0.434656621269
3.03773140297 2.36245156769 2.58446298849 2.67153324607 -0.327205987645 109 0.428449014567
5.43550646697 3.56987110149 3.6442011908 5.22865144908 -0.145524509946 184 0.422416220783
3.79972544403 2.71928992061 2.81688734835 3.74070296739 -0.270402608553 127 0.416550958067
2.50437071305 2.0384674134 2.20458937619 2.16402301152 -0.416439576602 86 0.410846343468
7.89355316517 5.09279773802 5.33086317727 6.99948587589 -0.0319424171145 305 0.405295865982
3.28320450708 2.44666061692 2.56521174624 3.10775813427 -0.334157029723 107 0.39989336177
7.2978631619 4.4364811941 4.46094553409 7.20703257568 -0.0732905206481 243 0.394632991318
4.6206942261 3.03717274471 3.08341737015 4.62030490677 -0.225423843396 144 0.389509218385
5.90703092757 3.73516734782 3.77435767936 5.89962484611 -0.131558687773 193 0.384516790567
5.09834448107 3.37245935141 3.42864235374 4.95395505958 -0.173695565537 168 0.379650721336
3.03885704909 2.37680422609 2.56568804609 2.91661394604 -0.330671347998 108 0.374906273432
4.69879294156 3.27039830161 3.40110723958 4.60302808443 -0.177553743959 166 0.370278943471
6.48352417109 3.98159575494 4.01275178114 6.48352417109 -0.108391394534 210 0.365764447696
4.38487020489 3.11440493661 3.26243894126 4.26996908598 -0.198014143575 156 0.361358708745
7.72804059473 4.6636802476 4.69287386272 7.61851940557 -0.0600365027668 259 0.357057843371
8.80839041772 5.25609536448 5.29011199747 8.64885932961 -0.0333727334492 302 0.352858151023
1.88687949604 1.64485357367 1.70470375016 1.54712248467 -0.523435243844 64 0.348756103232
8.95381101863 5.14793975337 5.218020136 8.95381101863 -0.0359112727681 297 0.344748333716
4.61092591377 3.19575002262 3.3123558806 4.47731363003 -0.189578544862 160 0.340831629175
3.43339785285 2.50752187169 2.59602494893 3.26822554456 -0.323754133573 110 0.337002920692
3.77184294956 2.71925607173 2.84804024347 3.73275853083 -0.26754252641 128 0.333259275717
2.96580735089 2.33480493644 2.52689798675 2.79449609548 -0.341281506593 105 0.329597890574
7.75654520122 4.96441514006 5.12248899016 7.13699807858 -0.0397121663526 290 0.32601608346
8.47021537268 5.32793620767 5.46281416342 7.9040855663 -0.0273409272144 315 0.322511287895
3.80681806559 2.6466095202 2.74475270075 3.80681806559 -0.285156321452 122 0.319081046586
4.02119200414 2.84214694261 2.94840640521 3.80010434937 -0.248281938393 135 0.315723005683
3.16699525675 2.42605021629 2.62164646839 2.83173355975 -0.323767710081 110 0.312434909394
2.69684722579 2.16769316059 2.33589553221 2.5692419161 -0.383037154778 94 0.309214594929
5.97677839075 3.90303275399 3.99517750423 5.67611915149 -0.109649264213 209 0.306059987758
4.61628112587 3.23289844258 3.38319734462 4.24703244637 -0.17755212469 166 0.302969097152
35.5805042912 18.9706133595 19.0087260856 35.0815400084 0.0159493160607 1290 0.299940011998
10.2357527316 6.24452229501 6.35951639745 9.68744578794 -0.00680362483161 379 0.296970896852
7.28388223457 4.71219747357 4.85986113231 6.77335775647 -0.0514184832874 271 0.294059988238
2.3850522964 1.98408506878 2.14655237688 2.12036937367 -0.425227465599 84 0.291205591147
6.45594348987 4.2576952303 4.41347325567 5.93352136289 -0.0769708294354 239 0.288406075755
4.8770395305 3.29142964339 3.38841950292 4.76992727269 -0.177546020879 166 0.28565987431
5.99525468641 3.61306878404 3.63672079247 5.99525468641 -0.145519920006 184 0.282965478212
3.99582556057 2.6774332662 2.71309596938 3.99582556057 -0.29126491429 120 0.280321435246
7.53222869653 4.86147917998 5.04014513154 6.81714075857 -0.0431734281548 284 0.277726346973
15.5932039012 8.64423335844 8.6655059643 15.4516939518 0.0116621046219 545 0.275178866263
2.96303813465 2.32650186378 2.52010591716 2.73037273255 -0.344888831373 104 0.272677694965
4.56519730523 2.96355628669 3.00993884059 4.56519730523 -0.23532251231 140 0.270221581697
8.93731549514 5.40778953909 5.47056756658 8.82142094447 -0.0273323544607 315 0.267809319764
9.28160664043 5.91685943854 6.15018491812 8.47140492354 -0.0105268510046 364 0.265439745178
4.33684032566 2.94893952579 3.000506826 4.26561097603 -0.237864054901 139 0.263111734783
3.17601373216 2.35499020454 2.43500542008 3.04791486557 -0.355913104663 101 0.260824204486
1.99792466553 1.72044343694 1.79775702239 1.65905826635 -0.502182575498 68 0.258576107568
3.15954471829 2.42249515306 2.62152269246 2.80983893253 -0.323768667078 110 0.256366433088
5.4392091169 3.64721312106 3.76190709503 5.08981706572 -0.133054945504 192 0.254194204372
4.43376663324 2.90555855295 2.93818967748 4.43376663324 -0.245629536919 136 0.252058477567
3.67721993374 2.67121151111 2.78291095058 3.5894594363 -0.282151390846 123 0.249958340277
1.94290202856 1.6837393706 1.7500807254 1.5908797414 -0.507420149591 67 0.247892910263
17.3288565239 9.81799061739 9.89407405084 16.7424201198 0.0142160860628 635 0.245861334208
2.43591503278 2.01408938539 2.16889214084 2.33355467453 -0.420809058535 85 0.243862786539
5.43788814894 3.75562252295 3.97633692858 4.84610876341 -0.110949141186 208 0.241896468312
4.43277555643 3.14252229599 3.29026013509 4.31511026753 -0.193756997026 158 0.239961606143
8.47619645705 5.27591889349 5.38457721021 7.96713352712 -0.0300274600339 309 0.238057451198
5.70676969656 3.86907098241 4.05101551062 5.17184486027 -0.10472041955 213 0.236183278224
4.36831946683 3.05884029662 3.18672997442 4.32572476282 -0.209035145721 151 0.234338384627
12.2281366754 7.19581178376 7.27344892149 11.740939382 0.00423137056738 445 0.232522089599
4.7475995434 3.32014670323 3.49570511208 4.29072248385 -0.164416133022 173 0.230733733272
2.36005076353 1.95073624899 2.09380754319 2.03274146626 -0.438726191705 81 0.228972675927
3.04100226231 2.35617025815 2.57320797668 2.66357183448 -0.334174099812 107 0.227238297228
5.36358015816 3.45120367452 3.50986044069 5.36358015816 -0.162595484333 174 0.225529995489
5.59789896915 3.61596983618 3.65331780758 5.47433459623 -0.140726199292 187 0.223847186987
9.73133602007 5.72982478814 5.77598617314 9.62647588964 -0.0187447323476 337 0.222189305288
6.5833474897 4.33466781012 4.49883870327 6.02334312319 -0.0715361496966 245 0.220555800618
5.95188728541 3.82723650734 3.8846250583 5.87129457648 -0.120163608709 201 0.21894613925
7.2573011909 4.7166114752 4.89855379066 6.58067413505 -0.049418950949 274 0.217359802927
17.8654858902 9.72999219245 9.74144702715 17.7874395349 0.0139940912918 623 0.215796288304
4.49322521686 3.01274625035 3.10148942756 4.49322521686 -0.223011662704 145 0.214255106413
2.2737719851 1.91387700205 2.06085271966 2.03814269305 -0.447960205564 79 0.212735782159
10.8548349437 6.2441118844 6.26263331815 10.7538438745 -0.00845605665457 372 0.211237853823
9.61554790263 5.61531796944 5.63721713584 9.50626478985 -0.0224138138751 327 0.209760872605
13.1767595156 7.37101690235 7.39234135976 13.1613299597 0.00535527160442 455 0.208304402166
4.56045900351 2.94013524228 2.9910845161 4.56045900351 -0.243017036372 137 0.206868018204
2.09121629065 1.77970216153 1.86933089924 1.75105202896 -0.486792373799 71 0.20545130804
6.00588856621 3.98773151302 4.12584518886 5.61369904598 -0.0976445771999 219 0.204053870222
7.95976476138 4.68733161103 4.70654993748 7.95976476138 -0.05927675563 260 0.202675314147
7.07232906696 4.47804060426 4.55902957152 7.02903342482 -0.0672309365359 250 0.201315259697
12.6928274546 7.45385492242 7.53401087584 12.1688023848 0.00626955866868 464 0.199973336888
7.15293634591 4.53580600861 4.62356681668 6.84155512154 -0.0639568544968 254 0.198649185538
3.57215667141 2.65161444327 2.83119788398 3.22778148132 -0.276230028172 125 0.19734245494
6.07962112995 3.84496998061 3.91299757329 5.95127225369 -0.117451932137 203 0.196052803555
10.58054963 6.03108010096 6.04596087118 10.5571926358 -0.0124250304747 357 0.194779898714
4.71037723716 3.10530267307 3.13597288581 4.63628000378 -0.213595165408 149 0.193523416333
5.46388070742 3.77186338424 3.99872561874 4.84827570336 -0.109687357605 209 0.192283040636
3.8510028422 2.64772657983 2.66456724684 3.82362475156 -0.29436829712 119 0.19105846389
4.94198115626 3.23512282427 3.26578412064 4.90712911466 -0.191644781566 159 0.189849386154
4.98675698359 3.25892984316 3.29685741782 4.95893535624 -0.189568369736 160 0.18865551503
7.97514663881 4.83236641254 4.91554929761 7.96783624432 -0.0487464235128 275 0.187476565429
9.91001628243 5.59916827574 5.60981229859 9.91001628243 -0.023192689588 325 0.186312259347
6.35799317218 4.22023522037 4.38696239788 5.82511152496 -0.078861764881 237 0.185162325639
5.29832113584 3.68042904229 3.91429359347 4.67012180603 -0.117498595342 203 0.184026499816
3.51352488967 2.49400686784 2.54997246762 3.51256858329 -0.323749523025 110 0.182904523839
9.38759286146 6.14574994437 6.53953881497 8.44235366051 -0.00405811460596 392 0.181796145922
4.27439713731 2.85727440812 2.87558382428 4.26017178301 -0.25363667304 133 0.180701120347
4.09293895283 2.92637504615 3.08129952701 4.06196826594 -0.22787360396 143 0.179619207281
10.9140731795 6.28241066624 6.31254131365 10.8188105439 -0.00749310781185 376 0.178550172598
8.13992074266 4.79604250474 4.84040674571 8.13992074266 -0.0520811356919 270 0.177493787717
6.50823293956 4.29391737248 4.45629926183 5.96541896373 -0.0742125527443 242 0.176449829432
6.67453737493 4.35986026686 4.49838892647 6.21805212728 -0.0715310031968 245 0.175418079757
9.69579677008 5.75713204481 5.84351481997 9.6732275856 -0.0170428463321 342 0.174398325776
177.605546242 21.805636718 40.8690590009 -58.4210663982 0.0159519818487 100001 0.173390359496
13.984871714 7.92690389619 7.96590088177 13.8704321557 0.00886246265784 495 0.172393977704
6.63334583222 4.07173565016 4.10870377962 6.60848209252 -0.0999433434895 217 0.171408981831
5.6700020816 3.53802508429 3.59096287445 5.6700020816 -0.143901686485 185 0.170435177821
5.81024579775 3.74761184469 3.8043198545 5.71689136904 -0.128623725954 195 0.169472376003
7.08749846724 4.78223055611 5.12147686365 6.19942554005 -0.0397705367442 290 0.168520390967
3.49950956337 2.62169594055 2.81812877034 3.12356478327 -0.279182817245 124 0.167579041448
2.57563425813 2.08780303374 2.26814474748 2.23114172553 -0.399400779083 90 0.166648150206
5.93783281113 4.00989984206 4.20640015372 5.33803261104 -0.0921009189898 224 0.165727543918
6.99835991047 4.57479873396 4.74600879956 6.39649501003 -0.0570639471995 263 0.164817053071
4.81224221907 3.32882958921 3.45511058975 4.58551654436 -0.169929140564 170 0.163916511857
5.16172020929 3.58841119033 3.80412479328 4.58988598754 -0.128657887171 195 0.16302575807
5.2513774828 3.28220558983 3.30176651306 5.2513774828 -0.191647821991 159 0.162144633013
16.0817377668 8.92551823645 8.96770411036 16.0782075332 0.0125134221622 567 0.1612729814
7.23091472459 4.91297099048 5.29371420806 6.33699069666 -0.0324749781798 304 0.160410651267
7.12582362434 4.35005909889 4.4110495895 7.11911028453 -0.0760223926973 240 0.159557493884
40.4451927698 21.4812225934 21.5134670017 39.7969190125 0.015951725947 1471 0.158713363665
18.4467797403 10.4497766032 10.5401194586 17.7709749307 0.0148812422805 683 0.157878118093
6.12036295567 4.24867235699 4.59682864624 5.30302760094 -0.0648547903484 253 0.157051617632
7.1526273801 4.82392226963 5.16156720936 6.30289649691 -0.038114380277 293 0.156233725654
8.37914635189 4.83214651587 4.84405733297 8.37914635189 -0.0520830300235 270 0.155424308362
8.08089712408 4.6877426023 4.70548956902 8.08089712408 -0.0592760869593 260 0.154623234718
5.46603559661 3.59459146044 3.66542720266 5.25603870514 -0.143911183687 185 0.153830376372
7.82838396453 4.55546985693 4.56831825478 7.82838396453 -0.0672305960752 250 0.153045607591
10.578008158 5.9534111386 5.96485393203 10.578008158 -0.0141902659354 351 0.152268805197
2.59756903238 2.09960751144 2.27712529342 2.23713853688 -0.395248009951 91 0.1514998485
7.55044207229 4.34187405478 4.34718642045 7.55044207229 -0.0807614776482 235 0.150738619234
8.35548831231 4.73333982839 4.73331598261 8.35548831231 -0.0577804685788 262 0.1499850015
9.65178948578 5.39695144237 5.40157392762 9.65178948578 -0.0295623187542 310 0.149238881703
7.30178468604 4.66540547527 4.80816551538 7.30178468604 -0.0520899332758 270 0.1485001485
11.5086417557 6.66996589109 6.74886689064 11.4876952275 -0.00121674937428 407 0.14776869274
10.8185177135 5.97026356866 5.97105545862 10.8185177135 -0.0141916420926 351 0.147044407411
8.10696441122 4.90661010016 4.98458941767 8.09297384576 -0.0455755049355 280 0.146327187591
3.76925317446 2.81672061575 3.11001652147 3.10640272591 -0.206826131224 152 0.145616930395
12.23860151 6.95871238093 7.02431552799 12.23860151 0.00205084951653 428 0.144913534924
5.74106119944 3.92103313288 4.13934637551 5.10058195957 -0.0942844638083 222 0.144216902221
5.56418023009 3.63672617504 3.72057511923 5.56018211955 -0.137611442116 189 0.143526935222
4.78661785209 3.3322779738 3.4709426438 4.54059644746 -0.168073739063 171 0.142843538711
4.98933331161 3.08575718226 3.09485396417 4.98933331161 -0.218252783606 147 0.142166619278
9.63561627177 5.75629805118 5.81457038251 9.57181299727 -0.0177142509883 340 0.141496085275
14.1408871447 8.0009658897 8.03980591631 14.0209613487 0.0092091559098 500 0.140831846775
6.74918719442 3.93744576154 3.93520732153 6.74918719442 -0.112194153719 207 0.140173815531
9.6389545637 5.66448421896 5.72016730316 9.62361399567 -0.0201672874271 333 0.139521904939
9.40087424632 5.50540357055 5.52587892579 9.30416413982 -0.0256260198589 319 0.138876029997
11.659530852 7.0159348341 7.1481774982 10.9491107091 0.00311769893781 436 0.138236107271
9.16003699711 5.14678912688 5.14748298699 9.16003699711 -0.0385874141825 292 0.137602054857
6.80629689159 4.29325882981 4.37260667786 6.66265506661 -0.0797965219834 236 0.136973792348
10.0531421661 5.78892962192 6.05293954737 10.0531421661 -0.0107656393438 363 0.136351240796
10.5601179225 6.33028636929 6.41499282425 10.0580691101 -0.00590400679706 383 0.135734322686
9.72735932689 5.8168054456 6.04857328732 9.72735932689 -0.0110358583926 362 0.135122961895
9.50415976355 5.31539567688 5.31747641067 9.50415976355 -0.0323912058558 304 0.13451708367
2.96603351885 2.3196015602 2.52600537877 2.65154921702 -0.344890525934 104 0.133916614588
9.24510731109 5.31111740841 5.35100142786 9.24510731109 -0.0309518396104 307 0.133321482535
4.80070917596 3.39817426789 3.6646181828 4.09680304888 -0.142352732858 186 0.132731616671
10.5984215304 6.41654602155 6.53176285783 10.0006213221 -0.00401615865842 392 0.132146947406
12.3272516635 6.83670233774 6.84124873146 12.3214715351 -5.11048993596e-05 414 0.131567406368
19.0152157041 10.4314925826 10.4660454033 18.952409331 0.0147906528605 675 0.130992926382
166.308399637 84.5587577668 84.9732119995 166.308399637 0.0159516840385 6073 0.13042344144
11.5963533791 6.70302282304 6.79895056209 11.4961036255 -0.000372814493695 412 0.129858886676
8.64721367164 4.96610152121 4.97059677305 8.64721367164 -0.0462003325583 279 0.129299198345
7.84702880482 5.01002582323 5.16051631157 7.28222316084 -0.0380530182081 293 0.128744313793
4.10333090778 2.94044474283 3.09327221157 3.76595010414 -0.225437639683 144 0.128194171438
9.98756561663 5.87329404329 5.90822356156 9.87553968161 -0.0154262894218 347 0.127648710748
6.15984761573 3.86884233557 3.90829402607 6.09072769768 -0.117452742547 203 0.127107872214
6.05435935944 3.97354654923 4.07982342315 5.72196900429 -0.102300842229 215 0.126571597334
6.96409355085 4.34689311664 4.42775713033 6.96409355085 -0.0760253862837 240 0.126039828586
3.95008236355 2.6922391414 2.71307861029 3.9360722223 -0.285151302345 122 0.125512509413
7.54410262814 4.60498672047 4.73559072306 7.54410262814 -0.0570386277493 263 0.124989584201
12.9331153883 7.286420465 7.31547222853 12.9104547322 0.00469771012238 449 0.124470998257
2.04913520594 1.75014606508 1.83323706027 1.71959210092 -0.497001107126 69 0.123956697794
10.1496350702 5.65634770263 5.66329705372 10.1496350702 -0.0216499896766 329 0.123446629907
12.0727862715 6.71436717019 6.71908950788 12.0648667293 -0.00156629707487 405 0.122940742562
3.41616934115 2.48744531573 2.56919293696 3.26158246932 -0.320357216032 111 0.122438984573
12.4274827513 6.80051022294 6.80347416054 12.4274827513 -0.000541182476006 411 0.121941305585
6.40649592623 4.04619450931 4.09388103814 6.29753887287 -0.101114763232 216 0.12144765606
9.91010612783 5.54685449108 5.54812787588 9.91010612783 -0.0247979946131 321 0.120957987259
9.113682643 5.14201530846 5.15093605947 9.113682643 -0.038587395634 292 0.120472251225
5.64279806513 3.85517796779 4.08203481562 4.94806637452 -0.102332389294 215 0.119990400768
23.2422483554 12.2380248589 12.2495207318 23.2422483554 0.0156342862513 804 0.119512389451
4.91366394568 3.26626154685 3.35805733495 4.90822780128 -0.183467393245 163 0.119038171574
6.96616329012 4.51791470786 4.65916301052 6.45737985074 -0.0615896005709 257 0.118567702158
7.71594298524 4.69796376278 4.73495743966 7.62874276452 -0.0577798801825 262 0.118100936934
8.29743076594 5.01242902401 5.05441434682 8.1891360654 -0.0425625834031 285 0.117637832327
8.72486104141 5.22389075948 5.26225595864 8.62727175062 -0.0343738886309 300 0.117178345442
5.40467705396 3.63525365805 3.76182593196 5.37158622086 -0.133056031497 192 0.116722434052
3.51972779575 2.63126670104 2.81768067598 3.17520260766 -0.279180529634 124 0.116270056585
8.07976874072 4.64600465312 4.66317054709 8.07976874072 -0.0615781694579 257 0.11582117211
8.9920926515 5.19475604304 5.20657652037 8.9920926515 -0.0364382354407 296 0.115375740328
4.28544235525 2.96180388709 3.06584669153 4.26380280993 -0.22786565528 143 0.114933721554
9.25753199891 5.95372225264 6.2329761884 8.43725587426 -0.00898359158909 370 0.114495076712
8.80626256671 5.32312348331 5.37617952183 8.7642361768 -0.0300210681883 309 0.114059767318
6.07177062847 3.88672452294 3.94118164949 5.94494443007 -0.11479967072 205 0.113627755473
4.92513743335 3.26440871037 3.31347264512 4.81194938863 -0.189572381227 160 0.113199003849
3.30640869416 2.50947456495 2.70484746292 2.97192947109 -0.303891001738 116 0.112773475679
6.38160156302 4.02140385217 4.07973506419 6.25103713251 -0.102296002687 215 0.112351134746
18.3847554022 10.0783897356 10.0951066686 18.2689907669 0.0144282653953 648 0.111931945377
4.4823844419 3.0070656508 3.04826427617 4.43296304143 -0.220619016689 146 0.111515872426
16.1967630089 8.7190347072 8.72093733758 16.1967630089 0.011831073309 549 0.111102881268
8.361999071 5.05344869599 5.09333835369 8.22856900248 -0.0408244377183 288 0.110692937791
12.7118748064 7.25975852909 7.28866551462 12.5652546207 0.00434991661289 446 0.110286008382
13.5443362875 7.37205099554 7.37368347322 13.5443362875 0.00502856330113 452 0.109882059922
13.1193523337 7.20319210419 7.20636018631 13.1193523337 0.00362862368029 440 0.109481059777
7.3804196681 4.56023222895 4.6449629513 7.20839190064 -0.0623597708483 256 0.109082975784
3.31627946496 2.53571828746 2.729382322 3.09130012664 -0.297529137619 118 0.108687776248
8.80787592897 5.26821076924 5.30442938294 8.70873557196 -0.0328793954161 303 0.108295429933
13.4338934704 7.74106150609 7.79008458574 13.1790411358 0.00787142012052 482 0.10790590605
7.36853800542 4.67788396754 4.77260631892 7.21684771014 -0.0555927310118 265 0.107519174253
12.3314323879 7.01890783977 7.04030574903 12.2293332791 0.00204902534385 428 0.107135204628
6.51468005159 4.27748615852 4.42160825709 6.03201735551 -0.0760357327061 240 0.106753967689
5.56846878425 3.61951671107 3.67597923492 5.39473931482 -0.142311119322 186 0.106375434366
5.79969786022 3.85998984096 3.98368518733 5.45320857993 -0.110924118425 208 0.105999576002
6.65799376997 4.1793237202 4.23464813388 6.5906490259 -0.0899207824565 226 0.105626364341
11.2806261532 6.66246813468 6.72920171965 10.8949382254 -0.00139192005129 406 0.105255771525
22.4109231695 11.867339457 11.873573645 22.4109231695 0.0155307854569 776 0.104887770086
5.45891364633 3.73637791256 3.92080121495 4.95572199068 -0.116139674864 204 0.104522332938
13.3584241318 7.60127504484 7.63600412672 13.2530011268 0.0069278008014 471 0.104159433373
8.5471815005 5.14807480117 5.19300667875 8.45960821773 -0.036967287192 295 0.103799045049
11.6407639975 6.89002521492 6.96800827889 11.1708037183 0.00133126279613 423 0.10344114199
8.51552410841 5.3327388027 5.45715161743 7.97073011004 -0.0277773220842 314 0.103085698577
11.7061530812 6.97889794459 7.07673965735 11.1246560072 0.00245930837195 431 0.102732689542
9.95188301928 6.0710802492 6.17938715366 9.39777656432 -0.00997837489445 366 0.10238208996
6.36563835091 4.23141467261 4.40537034559 5.83065732292 -0.0769698539606 239 0.102033875247
12.6623050181 7.1146086744 7.13668690122 12.6021573529 0.00299376024902 435 0.101688021151
6.41976233685 4.01270539919 4.05062294933 6.30689546901 -0.10469796039 213 0.10134450375
8.34679215471 5.26290825936 5.40100433831 7.7574706156 -0.029573528663 310 0.101003299441
22.4813639247 12.3535029784 12.3941125656 21.9788053158 0.0156646172743 814 0.100664384941
3.94782187822 2.86178529831 3.02463595757 3.60554496083 -0.237881509565 139 0.100327737275
27.0731287496 14.3777151266 14.3862918014 26.9507981205 0.015883390754 957 0.0999933337777
51.1443755129 26.8283052288 26.8569555723 50.4920725857 0.0159516233809 1855 0.0996611520829
72.0287257153 36.6891750302 36.704879441 72.0287257153 0.0159516460131 2565 0.0993311701212
46.2259670582 24.3254126898 24.3593759905 45.6030410814 0.0159519516717 1676 0.0990033661144
27.7370296326 14.8255742977 14.8639629443 27.5584634044 0.0159037262974 992 0.0986777185711
8.22540363087 4.71795049103 4.72104862052 8.22540363087 -0.0585253947624 261 0.0983542062816
3.56958895878 2.67274780997 2.85777205699 3.28294206265 -0.270417014211 127 0.0980328083132
4.33079486386 2.91397431042 2.94896252939 4.28749659905 -0.237862731859 139 0.0977135040063
6.89359742669 4.49625279483 4.65151628343 6.33748303917 -0.0623790412297 256 0.0973962729693
16.5778932417 9.25285898705 9.28899786143 16.3808122504 0.013223049235 590 0.0970810950748
2.94217356489 2.30083052894 2.51587660042 2.59754318505 -0.348527849121 103 0.0967679504548
5.2015781364 3.61982337298 3.84588731909 4.59970011491 -0.124369242285 198 0.0964568194971
6.31852394357 4.00141475525 4.05339916203 6.24074557545 -0.104698134814 213 0.0961476828408
5.97327489499 3.76144368855 3.79120921203 5.91906334139 -0.128622062819 195 0.0958405213724
5.34525038463 3.41764185216 3.47685839312 5.34525038463 -0.16621812564 172 0.0955353162219
5.57408107542 3.81221348631 4.00914344578 5.02164324605 -0.108418377711 210 0.0952320487588
8.39640636962 4.97746607626 4.99777695249 8.3229864257 -0.044962751164 281 0.0949307005886
4.11495895039 2.76969570289 2.85195609184 4.11495895039 -0.261891365347 130 0.0946312535487
4.84094757447 3.01246990929 3.0195638236 4.84094757447 -0.220615939071 146 0.094333689705
6.03289250542 4.00931309503 4.14711149172 5.66060725224 -0.0953826097477 221 0.0940379913485
5.15339192442 3.35687752899 3.39460228065 5.03841545582 -0.175606298268 167 0.0937441409912
23.2440039243 12.2630151832 12.2688393785 23.2440039243 0.0156374015595 805 0.0934521213632
7.1396755367 4.66668680591 4.86870635863 6.37128355056 -0.0507543390353 272 0.093161915409
6.12035940729 4.12186683711 4.34574897656 5.52059059734 -0.0807787609488 235 0.0928735062844
4.25082225248 3.00463335154 3.16054890455 4.22494941628 -0.213605108037 149 0.0925868773532
11.343843027 6.25666799531 6.25923204156 11.343843027 -0.00845500918267 372 0.0923020121839
5.88771359515 3.91020258117 4.03585788809 5.48959937196 -0.105924062021 212 0.0920188945463
6.2076167117 3.75199178106 3.76514263061 6.2076167117 -0.124322848541 198 0.0917375084093
32.0994309939 17.1578536775 17.1897855783 31.8066998732 0.0159432066279 1159 0.0914578379367
9.47520323036 5.33210145989 5.34254320958 9.47520323036 -0.0314283490428 306 0.0911798674853
15.7023440944 8.4823795985 8.51108281818 15.7023440944 0.0113061726043 537 0.0909035816011
5.37680210051 3.70835628787 3.92789528156 4.74808621382 -0.114826578946 205 0.0906289650172
12.867882413 7.30863430459 7.33214034164 12.7018561142 0.004694242809 449 0.0903560026504
8.8982844753 5.2270793885 5.27189277023 8.82615055376 -0.0328746619072 303 0.0900846795988
4.13010172598 2.76499190727 2.77588715522 4.08359188726 -0.273286361586 126 0.0898149811389
24.5912463709 12.9252180608 12.9279970709 24.5912463709 0.0157579856052 853 0.0895468927228
7.25814830818 4.66853275207 4.8031283322 6.88555274445 -0.0520859293678 270 0.0892803999762
3.33801388926 2.48493597893 2.60441827335 3.27274435225 -0.323758473665 110 0.089015488695
8.12656448834 4.66012657872 4.66410232843 8.12656448834 -0.061579893159 257 0.0887521448435
4.66113913602 3.11372014025 3.174884384 4.58268017921 -0.206775915021 152 0.0884903545514
6.36331128555 4.30472314542 4.58460283417 5.5019747358 -0.0647992104986 253 0.0882301041115
11.8874560549 6.53821164788 6.54054038366 11.8874560549 -0.00401167825405 392 0.0879713799777
10.0100390807 5.61998210796 5.63461771824 10.0100390807 -0.022412844035 327 0.0877141687621
5.73865837816 3.57214934289 3.60012943373 5.73865837816 -0.150465033265 181 0.0874584572328
5.68407922563 3.59551623327 3.60588952077 5.63078422098 -0.143906883649 185 0.0872042323121
7.54871974873 4.36158565455 4.37172255008 7.54871974873 -0.0797978237861 236 0.0869514810736
6.20626870461 4.20506105418 4.49774825469 5.26010154376 -0.0715826639689 245 0.0867001907404
6.73943962453 4.05828060685 4.06724532971 6.72556517822 -0.10349316062 214 0.0864503486831
6.71639378919 4.16704496274 4.23272647629 6.69883892031 -0.0899188058619 226 0.0862019424171
36.8311080252 19.0996344083 19.1050371114 36.8267960205 0.0159494327624 1297 0.0859549596012
6.48964132857 3.92386189694 3.94401179613 6.48964132857 -0.11219300156 207 0.085709388035
6.06530804718 3.73042462853 3.74956678182 6.06530804718 -0.128617611359 195 0.0854652156572
8.23839269864 4.83162887936 4.86281107887 8.23839269864 -0.0507270500214 272 0.0852224305437
7.01624629023 4.10594550455 4.12114267725 7.01624629023 -0.0987852031673 218 0.0849810209053
7.86426492056 4.79105542979 4.90124804715 7.85750517834 -0.0493990601482 274 0.0847409750862
9.8231074572 6.47176275787 6.94236688919 8.88830392907 0.000991623321892 421 0.0845022815616
5.71818610697 3.5791300693 3.60452521423 5.71818610697 -0.145518009206 184 0.0842649289366
91.350773911 46.9245587216 47.1481453907 91.2844876735 0.0159518517915 3329 0.0840289059436
28.0661807875 14.9045571467 14.9270630457 28.0661807875 0.0159064858414 997 0.0837942014413
15.0637859007 8.37184093756 8.39511117565 15.0281144001 0.0107600450867 526 0.083560804412
13.0223964877 7.37778790946 7.42910744764 13.0209666331 0.00545961078657 456 0.0833287039609
24.7664912802 13.2291584116 13.3010072456 24.7664912802 0.0158024841708 879 0.0830978893136
33.560518278 17.7229851877 17.7377320437 33.4942606442 0.0159457259395 1199 0.0828683498149
14.3574828289 7.88293574383 7.94245918331 14.3574828289 0.00871826745652 493 0.082640074927
11.4015665447 6.33745562876 6.39526655723 11.4015665447 -0.00611973935518 382 0.0824130542278
9.93962933214 6.07687804519 6.19023372813 9.39636887755 -0.0097194906627 367 0.0821872774095
6.03843014646 3.82598214587 3.86811616104 5.95903260206 -0.121536875387 200 0.0819627342768
7.87729369606 4.76171098992 4.88466724219 7.87729369606 -0.050058939647 273 0.0817394147458
8.15866537917 4.91290231577 5.00679279949 8.15434401675 -0.0443496616106 282 0.0815173088419
12.4873729545 6.89982694159 6.91498991601 12.4873729545 0.000733096465111 419 0.0812964066988
25.4868555263 13.4191496485 13.428496944 25.4868555263 0.0158151694623 888 0.0810766985568
8.34021796025 5.0438679665 5.10928398103 8.26411663142 -0.0402551912063 289 0.0808581747615
7.42264836486 4.61091246456 4.67918606534 7.29109168101 -0.0608034934339 258 0.0806408257621
17.8150615859 10.0370471339 10.0953138995 17.2937499315 0.0144280845693 648 0.0804246421103
6.87689928419 4.29035253062 4.34221825139 6.86410317847 -0.08174184846 234 0.0802096144591
8.38676585254 4.97229811554 5.00603135789 8.38618226746 -0.0437484045798 283 0.0799957335609
9.25831115604 5.25023213176 5.32510659276 9.25831115604 -0.0319029404148 305 0.0797829902665
11.9450461933 6.90543738278 6.95574037165 11.8366396101 0.00118544803268 422 0.0795713755238
4.11852733746 2.94717309664 3.08316001165 3.875651612 -0.225434902708 144 0.0793608803767
18.6777578714 10.4468306939 10.4976415231 18.1914818658 0.0148133187505 677 0.0791514959633
10.0598155571 5.64906445783 5.70642091867 10.0598155571 -0.0205308508444 332 0.0789432135151
7.35343420329 4.37462265959 4.39821901822 7.35343420329 -0.0769514120049 239 0.0787360243557
13.3861175143 7.35334336543 7.44358468271 13.3861175143 0.00567083462691 458 0.0785299198995
9.71534252821 5.78959006265 5.85608386503 9.63193582932 -0.0167138849038 343 0.0783248916506
9.58494683677 5.46557903734 5.53891333897 9.58494683677 -0.0243847096087 322 0.0781209312015
10.0991679715 5.97397525185 6.03339877964 9.99057148081 -0.0127123497596 356 0.0779180302322
7.49067827996 4.32607900925 4.33188683896 7.49067827996 -0.0827295505138 233 0.0777161805088
9.01208076057 5.35529103817 5.41336990909 8.99791931505 -0.0291051401208 311 0.0775153738825
18.4984721454 10.0023237005 10.0111102457 18.46244663 0.0143336830261 642 0.0773156022885
5.06818438623 3.44685055977 3.56490117857 4.75631226804 -0.15556560438 178 0.0771168577451
5.06075243519 3.4042444765 3.51027535631 4.85980375705 -0.162600190724 174 0.0769191323522
7.5658939422 4.36310935539 4.39779457037 7.5658939422 -0.076949693566 239 0.0767224182906
8.16122096249 4.70080516627 4.77375044207 8.16122096249 -0.0548683748724 266 0.076526707821
4.31462240198 3.02603133081 3.15154394128 4.29029282643 -0.2159210394 148 0.0763319932828
8.61827580321 4.91680762977 4.98147295801 8.61827580321 -0.0455739539067 280 0.076138267093
7.3897598732 4.74786564924 4.95572424386 7.25932682722 -0.0468377317154 278 0.0759455217457
7.22737166854 4.38351132732 4.4349947128 7.2151324088 -0.0751034727825 241 0.0757537498106
10.689379601 6.09571928982 6.12244408104 10.689379601 -0.0110357728107 362 0.0755629439323
5.02648589698 3.14757468556 3.14550743223 5.02648589698 -0.204545921729 153 0.0753730968293
12.2710436535 7.31311694385 7.47081627229 11.8745544454 0.00577089904614 459 0.0751842012932
3.37078195311 2.54056246056 2.71577849263 3.07440574446 -0.300691258324 117 0.0749962501875
7.23100033775 4.56652725255 4.79052138213 7.14917562864 -0.0548785158459 266 0.0748092364471
11.7849197073 7.17316442619 7.33981287206 11.0305541553 0.00479875391365 450 0.074623153077
8.27089760101 5.02916503137 5.19327050104 8.26135686272 -0.0369676250958 295 0.0744379931517
17.5377921434 9.83834139423 9.93338124638 17.5252962924 0.014250418455 637 0.0742537498144
3.12692785609 2.41285673245 2.61883300746 2.79473199654 -0.323766471663 110 0.0740704162757
7.64688557068 4.41013209788 4.41103222364 7.64688557068 -0.0751039014882 241 0.0738879858135
7.66817055197 4.74614845427 4.81749757469 7.53682511973 -0.0534640539904 268 0.0737064517714
7.54957609112 4.68539875747 4.76192100385 7.40768912522 -0.0563113936904 264 0.0735258075585
7.87859373293 4.8554460989 4.92912598318 7.7392336445 -0.0481012552179 276 0.0733460466481
7.29553629452 4.24751560455 4.26470754716 7.29553629452 -0.0867748717218 229 0.0731671625774
7.04419607223 4.38727091339 4.5119122285 7.03548955621 -0.0697716616307 247 0.0729891489465
6.63598344801 4.01498334988 4.03894176841 6.63598344801 -0.104695828953 213 0.0728119994175
16.9488534763 9.14107551579 9.20719646112 16.9488534763 0.0130534152383 584 0.0726357077139
7.38675792211 4.59874075652 4.67851275169 7.28630877105 -0.0608026532488 258 0.0724602676199
8.77850684551 4.99120856476 4.9950210505 8.77850684551 -0.0449628352467 281 0.0722856729796
16.2284101612 8.97131220294 9.07991245291 16.2284101612 0.0128123998872 576 0.0721119176963
9.29049746445 6.07218210142 6.48535249276 8.54732549021 -0.00384547346877 393 0.0719389957316
22.7453296234 12.5004128787 12.9179731667 22.7453296234 0.0157641344225 856 0.0717669011052
10.5005800944 6.46686445396 6.63621237527 10.1491570768 -0.00266234883713 399 0.0715956278937
15.453573465 8.76757494997 8.85653270819 15.3821748615 0.0122258508017 559 0.07142517023
7.86657447323 4.82631904944 4.92752513649 7.86657447323 -0.0481031521967 276 0.071255522303
4.94905119718 3.39592965236 3.52541075271 4.61118882625 -0.160817628939 175 0.0710866783565
11.3300253848 6.44990565012 6.48051313482 11.3300253848 -0.00482888285262 388 0.0709186326888
9.0838068632 5.79846683174 6.10760336231 8.0259362599 -0.011346191802 361 0.0707513796519
6.82099389949 4.38589645206 4.48885348588 6.52169455519 -0.0715169874725 245 0.0705849136511
7.37035359497 4.44261131788 4.4842916791 7.37035359497 -0.0724000603415 244 0.0704192291442
7.08575763032 4.26081495503 4.29882342155 7.08575763032 -0.0817384193085 234 0.0702543206407
25.4260294231 13.4959567701 13.5125978261 25.4260294231 0.0158230516412 894 0.0700901827017
9.42281552388 5.46881096896 5.49867039859 9.42281552388 -0.0264697440222 317 0.0699268099389
10.296474362 5.91744795562 5.95720866242 10.296474362 -0.0144954398079 350 0.0697641970141
11.5556534812 6.70260825795 6.83685307261 11.5499069268 0.000270871359557 416 0.0696023386386
11.5440073506 7.09642488292 7.42759640006 10.9756922206 0.00577356109869 459 0.0694412295727
9.00436811559 5.2568907742 5.29044002366 9.00436811559 -0.0333721239129 302 0.0692808646252
4.4876758655 3.14790274839 3.28866797284 4.16090875261 -0.193754528979 158 0.0691212386526
10.8124402239 6.78258791156 7.07929395591 10.2903440565 0.00244966447311 431 0.0689623465588
7.96632618096 4.6274421428 4.6513955579 7.96632618096 -0.0623621725706 256 0.0688041832943
7.97675119401 4.63924773528 4.66532035985 7.97675119401 -0.0615789608103 257 0.0686467438561
7.264559576 4.29909003374 4.33222031502 7.264559576 -0.0827281708037 233 0.0684900232866
7.9479376102 4.81335085103 4.87982626417 7.9479376102 -0.0487468794239 275 0.0683340166735
6.7319467981 3.94622339261 3.99003255655 6.7319467981 -0.107143218681 211 0.0681787191491
4.66509922578 3.27650891697 3.42671530735 4.38080036176 -0.173708397845 168 0.06802412589
384.571734353 280.282636989 318.352000338 250.572475382 0.0159517661917 34537 0.0678702321162
8.21868857387 5.03979089803 5.15145384412 8.21868857387 -0.0385893931691 292 0.0677170330911
9.69811129985 5.97326395282 6.12040883834 9.11838645404 -0.0110449610424 362 0.0675645241205
9.5980019915 5.92321237652 6.08189607646 9.01612247223 -0.0118716668751 359 0.0674127005528
9.73322908458 5.9998632929 6.15144403108 9.22484511376 -0.0105075202446 364 0.0672615577777
12.4315932403 7.27951575944 7.37300141754 12.4315932403 0.00502780724749 452 0.0671110912263
4.46501511689 3.16713708867 3.31720264434 4.23245597347 -0.189584299477 160 0.0669612963707
10.5526673034 6.29642953297 6.40113800529 10.5526673034 -0.00612376069434 382 0.066812168723
10.4155703655 6.26638232237 6.38317887058 10.4155703655 -0.00634687634856 381 0.0666637038354
9.3682827596 5.57182717765 5.66341303751 9.3682827596 -0.021650235319 329 0.0665158972995
7.86530239251 4.90643746242 5.04052184957 7.86530239251 -0.0431577925473 284 0.0663687447458
2.67940783409 2.16712265978 2.34654005504 2.55701467677 -0.379050706673 95 0.0662222418436
9.26916525257 5.36603724156 5.41515498745 9.26916525257 -0.0291058384976 311 0.0660763843003
68.1478600315 35.3459788524 35.3676316458 68.1470994832 0.0159517443793 2468 0.0659311678608
20.794246619 11.2387165612 11.4452984032 20.794246619 0.0153837044722 746 0.0657865883075
112.449484243 55.7695111583 61.0624442788 -19.9060797349 0.0159521131847 12979 0.0656426414599
12.2083503294 7.03169242629 7.08176967507 12.1043755468 0.00246246407322 431 0.0654993231737
6.2231334153 3.86672867189 3.90353083209 6.21812802453 -0.113487855724 206 0.0653566293408
DEBUT ITERATION : 1
2.5267547748 2.03851591876 2.20891905379 2.23764784342 -0.420805448325 85 0.49983338887
3.99234531294 2.85327458481 2.97609608458 3.81424855498 -0.237873709191 139 0.491642084562
9.29866347552 5.26228352745 5.26918470232 9.29866347552 -0.0338692460731 301 0.483714930668
4.28631465714 2.8785186048 2.92906537422 4.28491003378 -0.250942075835 134 0.476039352586
5.86010320684 3.76362740907 3.81455906301 5.71961069293 -0.127177226867 196 0.468603561387
1.99129263919 1.71502491626 1.78952473312 1.66206912659 -0.50741361748 67 0.461396493387
3.84437802574 2.80279208668 2.97072795782 3.48762948969 -0.24829208794 135 0.454407755226
6.35000393349 4.04586041896 4.10856988727 6.14058809674 -0.0999454248178 217 0.447627573859
4.89741123998 3.2360242904 3.28862852868 4.82089333858 -0.19164531564 159 0.441046750956
5.3366307001 3.51836456986 3.61219570121 5.22362145335 -0.148801568649 182 0.434656621269
3.81090007275 2.73811616714 2.83997933636 3.72752661372 -0.270402809185 127 0.428449014567
3.3403761069 2.52460916972 2.71593297549 2.97681305649 -0.300692994796 117 0.422416220783
6.66027295746 3.89388364014 3.89910075422 6.66027295746 -0.118802377611 202 0.416550958067
5.93364753571 3.58967409851 3.6187861109 5.93364753571 -0.147149686505 183 0.410846343468
3.94584232819 2.78901965274 2.87540360343 3.87996412184 -0.264703011824 129 0.405295865982
6.09131382139 3.8681526658 3.91359975227 5.94570473118 -0.117454665819 203 0.39989336177
2.27462434518 1.90780934747 2.04965111161 2.02847665471 -0.447960573777 79 0.394632991318
3.7956702218 2.776499341 2.94043671374 3.45703721466 -0.253652585371 133 0.389509218385
3.92747479591 2.84256332417 2.9837553832 3.72187628149 -0.245646285539 136 0.384516790567
4.13392890557 2.72663808654 2.77421272311 4.13392890557 -0.282141966566 123 0.379650721336
3.22368698945 2.45526386226 2.6493013116 2.87893197617 -0.317009266984 112 0.374906273432
4.8523009488 3.33138120307 3.45343012139 4.56009435845 -0.169928192149 170 0.370278943471
3.29153608378 2.46505629572 2.59583551748 3.24648883513 -0.327190685196 109 0.365764447696
4.97638206678 3.14983372826 3.19183553935 4.97638206678 -0.206774763025 152 0.361358708745
2.68254572126 2.16045832132 2.37745166032 2.38681627966 -0.383037721379 94 0.357057843371
4.73494321999 3.37011520494 3.66607477618 3.95859666966 -0.139227550923 188 0.352858151023
5.19608386699 3.45971945411 3.5464988494 5.04881304206 -0.157294255942 177 0.348756103232
3.43155819499 2.55057797719 2.69074019372 3.39618574444 -0.303881405393 116 0.344748333716
3.41372187073 2.5732479603 2.74635997265 3.35075863925 -0.291286221894 120 0.340831629175
5.04956738463 3.21547911453 3.25452219594 5.04956738463 -0.195858290977 157 0.337002920692
2.40129177844 1.99648542806 2.15882684652 2.26834215839 -0.425222187111 84 0.333259275717
12.0650523722 6.6021998133 6.60892700911 12.0650523722 -0.00303261149547 397 0.329597890574
7.87937324825 5.1042622595 5.34608464557 6.98786462652 -0.0314672108192 306 0.32601608346
2.9820430936 2.32221830302 2.51852329809 2.67591066894 -0.348530152664 103 0.322511287895
3.60727360257 2.6820538598 2.85285835079 3.37277493482 -0.270416325396 127 0.319081046586
3.21466786366 2.43751395745 2.58181475858 3.02334400554 -0.330660731418 108 0.315723005683
7.77035566086 5.03569164953 5.2607756444 6.91128920882 -0.0344090489035 300 0.312434909394
2.77988825916 2.22540603289 2.42375833953 2.56789219566 -0.367318827928 98 0.309214594929
9.6374943231 5.47609434537 5.49497982975 9.6374943231 -0.0264687055425 317 0.306059987758
5.74175775913 3.77254436519 3.85957520945 5.58038367175 -0.122930353694 199 0.302969097152
6.60659972781 4.35071773906 4.52556185398 5.97413021747 -0.0697972560234 247 0.299940011998
3.79322609677 2.75929847616 2.90438783363 3.51957435561 -0.259129063512 131 0.296970896852
2.56377263622 2.0790157978 2.26595243144 2.22756872841 -0.403592621624 89 0.294059988238
3.51224320893 2.62330758995 2.80099041589 3.18102231842 -0.28215643516 123 0.291205591147
3.11586801437 2.36632481304 2.50400344722 3.09805615035 -0.33769813182 106 0.288406075755
6.39395036907 3.96209817032 3.99322911244 6.38764542647 -0.109646385413 209 0.28565987431
75.635551023 39.0085879053 39.0238100178 75.1060347215 0.0159516825331 2731 0.282965478212
10.275509377 6.00701027878 6.03705373604 10.1334878656 -0.0127133683977 356 0.280321435246
6.41220207301 4.23306660083 4.39599494334 5.83719181684 -0.0779078250553 238 0.277726346973
11.3366804185 6.54083398981 6.56797660787 11.1683327518 -0.0036142962721 394 0.275178866263
2.97497289326 2.29734896441 2.46144430221 2.69340777178 -0.363473594634 99 0.272677694965
3.10065039455 2.32684837885 2.44324441724 3.09768375702 -0.355917572654 101 0.270221581697
7.05161035087 4.36971276422 4.41259105208 6.92749349007 -0.0769539008676 239 0.267809319764
2.27864201077 1.89933992203 2.02035156186 1.93063600122 -0.452639423334 78 0.265439745178
1.98313761226 1.71004484414 1.78765129561 1.649408035 -0.507413309443 67 0.263111734783
4.6705746186 3.0401792587 3.07258718091 4.6705746186 -0.225422855301 144 0.260824204486
9.02655614327 5.07410538591 5.08021977856 9.02655614327 -0.0413979506975 287 0.258576107568
3.34178741816 2.42872799869 2.48785099725 3.25618404624 -0.337686079016 106 0.256366433088
5.32469340986 3.41897336677 3.46249889404 5.32139261502 -0.16805951857 171 0.254194204372
3.90671548184 2.71285152525 2.77683730304 3.89916885567 -0.282143138259 123 0.252058477567
4.18333241528 2.90476645619 3.02711379861 4.18248316807 -0.235330660462 140 0.249958340277
4.15942473918 2.85098158861 2.90259177373 4.07650638621 -0.253639868458 133 0.247892910263
17.846171201 10.041368684 10.1020351696 17.3984983321 0.0144436655636 649 0.245861334208
2.57293112801 2.09600449714 2.25700987907 2.48328075439 -0.399403528633 90 0.243862786539
7.73650501054 4.92068847071 5.05432046703 7.17359309377 -0.042572424425 285 0.241896468312
2.20993226965 1.87854666087 2.02686768317 2.00591609892 -0.457378532118 77 0.239961606143
7.3639149213 4.6483977303 4.7341984487 7.04206760836 -0.0577815268409 262 0.238057451198
6.08977178701 3.98307328095 4.07844042823 6.0063429212 -0.10230077213 215 0.236183278224
4.99821636874 3.47333338315 3.66294600133 4.48307375067 -0.14392900759 185 0.234338384627
7.59270352626 4.85895609806 4.99772016335 7.05631913996 -0.0449756226882 281 0.232522089599
4.26470347106 3.00825186022 3.12741443675 4.1354408033 -0.218264367502 147 0.230733733272
7.43970109072 4.46657233447 4.48453137024 7.40060740448 -0.0724013030294 244 0.228972675927
12.0162009575 7.1057677853 7.19201544267 11.4544383938 0.00350218874543 439 0.227238297228
9.76263512374 5.51422152688 5.52664911331 9.76263512374 -0.0256258530436 319 0.225529995489
8.44764401712 4.8464986713 4.85999740737 8.44764401712 -0.051403244474 271 0.223847186987
5.6497594827 3.43311466173 3.48582189836 5.6497594827 -0.164394385236 173 0.222189305288
4.35567899629 3.08361904205 3.23076565082 4.01592536991 -0.202353317168 154 0.220555800618
6.50085450639 3.98325334886 4.00434773739 6.49488064079 -0.10838996789 210 0.21894613925
6.1559003889 4.08986419514 4.24818447783 5.62521638892 -0.0888771972486 227 0.217359802927
5.91016589222 3.78412600025 3.82993430993 5.77591125429 -0.125747114161 197 0.215796288304
5.41885659172 3.57688266194 3.67690651838 5.41463409558 -0.142312642195 186 0.214255106413
6.3211237385 4.16551717103 4.29484489248 5.86868191089 -0.0827338983853 233 0.212735782159
7.65752716784 4.8898727569 5.03442903129 7.04390497167 -0.0431662075417 284 0.211237853823
6.48300776569 4.25542772776 4.40019055638 5.97345139131 -0.0779039877007 238 0.209760872605
7.27171390336 4.27493257781 4.29044895902 7.27171390336 -0.0857495489962 230 0.208304402166
6.17067881388 4.09816906831 4.24720257706 5.69360501436 -0.0888763978212 227 0.206868018204
9.41240726083 5.77894475362 5.88735243519 8.85817618711 -0.0160700890769 345 0.20545130804
4.89410223526 3.40776851321 3.57037845231 4.47842247967 -0.150473691397 181 0.204053870222
10.0224199503 6.1274242814 6.25299270301 9.41337287997 -0.00846204641122 372 0.202675314147
6.52537649197 3.96202902757 3.98478187605 6.52537649197 -0.110916209799 208 0.201315259697
3.49945935324 2.61427075401 2.7835620943 3.19107877271 -0.285165181254 122 0.199973336888
8.95896801994 5.24471781326 5.25988276625 8.90487397665 -0.0343739415806 300 0.198649185538
7.02817764416 4.22749869041 4.24713577476 7.02725569333 -0.0878130832562 228 0.19734245494
2.8219015636 2.22396157397 2.42805763357 2.49189756765 -0.371184563094 97 0.196052803555
3.70572326287 2.73634342263 2.89746867699 3.58394856587 -0.261907749066 130 0.194779898714
3.47447130296 2.61090570617 2.78574822784 3.23865900745 -0.285172670976 122 0.193523416333
3.61093814394 2.66206065704 2.82557870603 3.29602349343 -0.276227471922 125 0.192283040636
12.1913049995 7.18983047836 7.27239737076 11.6435321648 0.00423113198742 445 0.19105846389
7.66886034612 4.4027226945 4.42802293206 7.66886034612 -0.076023904527 240 0.189849386154
5.93978812802 3.57643486563 3.59945239337 5.93978812802 -0.150463659103 181 0.18865551503
3.749984722 2.72859219486 2.86211281626 3.68656070143 -0.267544369848 128 0.187476565429
7.11783398991 4.58877351051 4.72086054599 6.61584171043 -0.0585343864715 261 0.186312259347
6.69197415092 3.9142159721 3.91342121596 6.69197415092 -0.116118336854 204 0.185162325639
9.03957778785 5.07345681958 5.07319677676 9.03957778785 -0.0413962655595 287 0.184026499816
9.79946980455 5.45558228952 5.45650687012 9.79946980455 -0.0277689120766 314 0.182904523839
5.86278633285 3.68854401273 3.73243432562 5.86278633285 -0.13607321393 190 0.181796145922
6.29025091567 3.7075705084 3.73132398072 6.29025091567 -0.134551211907 191 0.180701120347
6.53045606015 4.23588040052 4.34140456737 6.37269774003 -0.0817467365649 234 0.179619207281
1.97623967874 1.70546466467 1.78268202952 1.63916815066 -0.5074151042 67 0.178550172598
2.39794039449 1.98913840123 2.1500065339 2.11563503123 -0.425225880211 84 0.177493787717
3.80686289532 2.80985119015 3.01287375218 3.38030944973 -0.235342952587 140 0.176449829432
3.72319147628 2.78959535211 3.08886229751 3.09281346704 -0.213640185495 149 0.175418079757
2.43762768993 1.99682067456 2.15041839308 2.11061719578 -0.429674035832 83 0.174398325776
4.37621278969 3.08965718089 3.23219623704 4.04653725518 -0.202353573549 154 0.173390359496
2.59457411741 2.09397088139 2.28110608785 2.26123844655 -0.403595060265 89 0.172393977704
5.70879867598 3.854485733 4.02653772645 5.16981077267 -0.107165986956 211 0.171408981831
131.884671667 66.5159132402 66.5242913147 131.884671667 0.015951659089 4711 0.170435177821
4.58493790397 3.25184240574 3.45888368286 4.06863422657 -0.168081101177 171 0.169472376003
3.64299232197 2.64135290284 2.74151823586 3.50500273217 -0.288202634718 121 0.168520390967
9.47540876391 5.67626277186 5.73016736548 9.41510408514 -0.0198071665181 334 0.167579041448
8.84068276517 4.98383775063 4.98441196862 8.84068276517 -0.0455789669703 280 0.166648150206
6.72239487629 4.26166518507 4.33141039397 6.489772695 -0.0827309916261 233 0.165727543918
15.0034471015 8.06666662911 8.06728549068 15.0034471015 0.00934322466347 502 0.164817053071
3.93592830267 2.85821106799 3.0103147426 3.84499056437 -0.240440272503 138 0.163916511857
13.9786893675 7.60449215476 7.60780662378 13.9786893675 0.00674431729727 469 0.16302575807
29.2809038795 15.3463226334 15.3693210926 29.2809038795 0.0159193812444 1030 0.162144633013
12.3903551275 6.83983528954 6.84423821086 12.3903551275 -5.13486813252e-05 414 0.1612729814
3.4227481716 2.57282959033 2.75390478012 3.09047425207 -0.291281163534 120 0.160410651267
5.63537335067 3.41527428665 3.46004520353 5.63537335067 -0.166216069593 172 0.159557493884
7.00779543769 4.24245020647 4.25990908025 6.99739869084 -0.0878143184778 228 0.158713363665
7.65960983895 4.39933576753 4.39961353538 7.65960983895 -0.0778934883054 238 0.157878118093
4.70990329058 2.97015395834 2.99172919602 4.70990329058 -0.237860215161 139 0.157051617632
3.16198710732 2.42925983982 2.6011211461 3.08999472765 -0.323767427198 110 0.156233725654
10.63886264 6.41024841225 6.51075075139 10.0522659532 -0.00442022026763 390 0.155424308362
7.05802704674 4.13533251167 4.1386589185 7.05802704674 -0.0965005807185 220 0.154623234718
8.46997919382 5.02071062335 5.04019138711 8.38933732978 -0.0431540501117 284 0.153830376372
6.71462195615 4.11616421216 4.13776828608 6.68127300746 -0.0976387965713 219 0.153045607591
5.77188787162 3.88393432556 4.04698671352 5.33881879826 -0.104704127902 213 0.152268805197
6.53446001945 4.04311813399 4.06831394078 6.46227432218 -0.103492823305 214 0.1514998485
5.89307224323 3.52773395695 3.55296524713 5.89307224323 -0.157292040912 177 0.150738619234
5.11351750208 3.34222500773 3.40109688691 5.11279066047 -0.177545080875 166 0.1499850015
6.00847622553 4.0515510821 4.26248831804 5.35573412645 -0.0878493902002 228 0.149238881703
10.5664391437 6.04204207398 6.05443974699 10.5414123886 -0.01242749317 357 0.1485001485
6.31487405916 3.92375373581 3.94647433249 6.23965024954 -0.113489640548 206 0.14776869274
8.20763008169 4.65843489701 4.65646206718 8.20763008169 -0.0615789509764 257 0.147044407411
3.21659840358 2.46067574148 2.66428301598 2.86675843714 -0.313680070671 113 0.146327187591
13.3906502413 7.80866067623 7.89929206278 12.8322943458 0.00857192597968 491 0.145616930395
8.68037255405 4.89789089986 4.89808869605 8.68037255405 -0.0494029423431 274 0.144913534924
9.42662259421 5.27503725684 5.2752795934 9.42662259421 -0.0338712120588 301 0.144216902221
3.91561370592 2.85410729173 3.00903602921 3.73792564972 -0.240444038684 138 0.143526935222
4.98108027782 3.47283932399 3.6744677594 4.44502862926 -0.142329288743 186 0.142843538711
8.32303977951 5.22162230016 5.34534998384 7.75934523343 -0.0314369886154 306 0.142166619278
5.16044150571 3.56975920679 3.77578038931 4.56420295407 -0.13158666976 193 0.141496085275
6.87180138022 4.60532290546 4.84145604712 6.25553804902 -0.0507670311375 272 0.140831846775
5.15617143663 3.56725062646 3.77511020604 4.55153126483 -0.131587272989 193 0.140173815531
5.13205748848 3.55096251037 3.7487575422 4.57303975064 -0.134576815448 191 0.139521904939
9.60078370986 5.9369477311 6.08734357081 8.99597968473 -0.0115872934888 360 0.138876029997
12.1267159518 7.14265769076 7.21994692785 11.6246872681 0.00375056711472 441 0.138236107271
8.34091887716 5.20561133861 5.3100009493 7.89032007159 -0.0323938658269 304 0.137602054857
7.11114603116 4.12187093311 4.12206886811 7.11114603116 -0.0987866236241 218 0.136973792348
3.63592573956 2.73029393539 3.00087552756 3.08125426511 -0.230356118575 142 0.136351240796
7.21186349231 4.64614521867 4.78577439668 6.67431382596 -0.0548824537868 266 0.135734322686
9.16028770209 5.66913563285 5.79830429623 8.56486520948 -0.0180632671958 339 0.135122961895
5.07010827752 3.10394093803 3.08565312053 5.07010827752 -0.215912435479 148 0.13451708367
14.1748862897 8.21591987656 8.30050181434 13.5429796263 0.0103802034307 519 0.133916614588
6.10965575206 4.06814407306 4.23475327021 5.54311233126 -0.0899381417546 226 0.133321482535
2.57076920206 2.09447944058 2.29301100017 2.28510939922 -0.399403320376 90 0.132731616671
6.14005723131 3.62281878655 3.61946437924 6.14005723131 -0.145520899198 184 0.132146947406
2.46495404776 2.0109308527 2.16279204505 2.11018556002 -0.420810821467 85 0.131567406368
4.31539945507 3.10368500238 3.31148345326 3.84087504609 -0.187530809313 161 0.130992926382
8.71798773102 4.91603936662 4.91948489445 8.71798773102 -0.0481009959314 276 0.13042344144
6.10646953108 4.07417679127 4.24725309638 5.52122010865 -0.0888824790171 227 0.129858886676
12.4322474169 7.30782554447 7.38759791405 11.8969398441 0.00513639704169 453 0.129299198345
2.32305256505 1.94454589268 2.09111420552 2.21012662825 -0.438725575194 81 0.128744313793
7.03629812875 4.55153069354 4.69328609226 6.48946135862 -0.0600481691959 259 0.128194171438
13.058268553 7.62654926618 7.70331399465 12.5117410459 0.00736977041001 476 0.127648710748
10.2794348975 5.72083445888 5.74681255022 10.2794348975 -0.0194486787539 335 0.127107872214
3.99716125029 2.82472441796 2.96520687385 3.99235412535 -0.245639921007 136 0.126571597334
7.65306010653 4.79080082379 4.87158925869 7.34159208805 -0.0507323013041 272 0.126039828586
5.0300307718 3.5940628175 3.92890113986 4.40270154879 -0.114884264993 205 0.125512509413
3.21298594158 2.45289093276 2.62041839484 3.16768001326 -0.317006975207 112 0.124989584201
2.55596311108 2.06038267925 2.2320876401 2.22898862382 -0.412116905089 87 0.124470998257
9.28672830566 5.65525619788 5.73275007593 9.08890269228 -0.0198086686058 334 0.123956697794
3.85221252653 2.86028824138 3.13153271982 3.25735825771 -0.206813156837 152 0.123446629907
8.27722772661 5.19625668781 5.31816864825 7.7317546911 -0.0323992010591 304 0.122940742562
6.54290232351 4.29374048949 4.4432271061 6.01338879524 -0.0751191543645 241 0.122438984573
7.35296844024 4.23443964594 4.23774490929 7.35296844024 -0.0888613189086 227 0.121941305585
7.72253612028 4.9016301295 5.0257401619 7.20416643533 -0.0437585145045 283 0.12144765606
6.94985808917 4.06548438576 4.05943154639 6.94985808917 -0.101112102695 216 0.120957987259
4.26271007953 3.04429314788 3.19146338587 4.10760130198 -0.209041214287 151 0.120472251225
10.1794978576 5.67115697802 5.69071026213 10.1794978576 -0.0209011151166 331 0.119990400768
31.0518045439 16.6725624053 16.7060634103 30.4928763862 0.0159392215004 1124 0.119512389451
13.9485401547 8.07825199249 8.15102691893 13.4005076892 0.00972914037198 508 0.119038171574
5.93305992232 3.74569706313 3.78409728256 5.83648307758 -0.13008231137 194 0.118567702158
6.53806646818 4.29179965221 4.44326450331 5.99756712289 -0.0751191175784 241 0.118100936934
7.56891820432 4.45083700667 4.48403255687 7.56891820432 -0.0723991765132 244 0.117637832327
7.57729295019 4.76554540583 4.85354446769 7.21605800131 -0.0514044910953 271 0.117178345442
1.95279966259 1.6901130848 1.76002480338 1.61905104984 -0.512701003518 66 0.116722434052
7.7049634729 4.90454086214 5.03972918574 7.13702237808 -0.0431626652561 284 0.116270056585
2.58527615844 2.08834223185 2.26955309463 2.24242440274 -0.403595246699 89 0.11582117211
5.45845599441 3.28338591069 3.26586123289 5.45845599441 -0.187513474784 161 0.115375740328
8.42403662542 4.77186176694 4.77342239362 8.42403662542 -0.055589986053 265 0.114933721554
5.63486436774 3.81905496705 3.99883286092 5.07719001779 -0.109666796446 209 0.114495076712
5.24304382446 3.29974736999 3.37639303198 5.24304382446 -0.173686025441 168 0.114059767318
16.2226832903 9.22719557056 9.29024025991 15.670912131 0.0132223150157 590 0.113627755473
7.01393055809 4.52971477618 4.65970970643 6.52972453552 -0.0615863828584 257 0.113199003849
4.55877444633 3.27771709144 3.58734300021 3.76328135071 -0.147213246327 183 0.112773475679
7.130786902 4.73910218304 4.95720431314 6.8376818954 -0.046853686583 278 0.112351134746
5.52307906064 3.33889310462 3.3789457417 5.52307906064 -0.175604239984 167 0.111931945377
5.98612877349 3.60126882447 3.65880071464 5.98612877349 -0.142304334176 186 0.111515872426
17.6855149245 9.98500517994 10.0511146033 17.0685242741 0.014381589437 645 0.111102881268
6.53445376814 4.29019261695 4.44328523776 5.98530684922 -0.0751185614789 241 0.110692937791
6.17729278035 4.10885733109 4.27606010681 5.6157420562 -0.0867917672871 229 0.110286008382
9.22545686195 5.6714328829 5.77589105424 8.69917526442 -0.0187498496978 337 0.109882059922
5.90569527713 3.95717425037 4.12385949632 5.36154466017 -0.0988013845091 218 0.109481059777
7.03319166795 4.55714191267 4.70386492957 6.49026696918 -0.0592855193532 260 0.109082975784
6.923705977 4.52612079827 4.6871111281 6.49203278999 -0.0600529284541 259 0.108687776248
5.93143859259 4.04622848763 4.27393210204 5.41097723735 -0.0868147914305 229 0.108295429933
12.605828775 7.40055728389 7.48184008057 12.0442353531 0.00587203344859 460 0.10790590605
9.35731222578 5.57622282606 5.63695152135 9.35731222578 -0.0224140508018 327 0.107519174253
10.1783431834 6.15462029523 6.24768798877 9.66249005926 -0.00870515266179 371 0.107135204628
12.9742258238 7.64147212614 7.73393325432 12.4942876763 0.00753834926272 478 0.106753967689
11.5485132343 6.872363862 6.96511523258 10.9606002346 0.00133072018473 423 0.106375434366
10.2055742642 6.17519614683 6.26992505234 9.68367825269 -0.00821380135871 373 0.105999576002
7.66823304567 4.87256107271 4.99662775936 7.15465895977 -0.0449700426593 281 0.105626364341
5.47867386444 3.7005857432 3.84068659177 5.1308755304 -0.124332444072 198 0.105255771525
5.36235639497 3.61249615402 3.73353933293 5.01509972616 -0.136080601101 190 0.104887770086
4.73838398388 2.94125851006 2.92532482148 4.73838398388 -0.243016637906 137 0.104522332938
11.1015880373 6.63929873994 6.73318788561 10.5277735836 -0.00139398554737 406 0.104159433373
3.34749030184 2.51000739628 2.66524963392 3.32460821563 -0.303884648781 116 0.103799045049
9.21652248765 5.31379173258 5.34601634712 9.21652248765 -0.031428034557 306 0.10344114199
7.59025566098 4.846009436 4.98471020073 7.01053940882 -0.0455887835975 280 0.103085698577
3.46661868823 2.63307326297 2.89664612313 2.87229403568 -0.240470490596 138 0.102732689542
14.4169433551 8.22692179479 8.2777374277 14.0369952602 0.0103264555338 518 0.10238208996
3.64753078293 2.6914075287 2.84592778632 3.34354789246 -0.26754246532 128 0.102033875247
2.73131313816 2.17349566044 2.38615764255 2.39033814201 -0.383032721403 94 0.101688021151
8.69357036763 5.18860408159 5.22086889477 8.5648257213 -0.0359146326713 297 0.10134450375
8.89600100463 5.02548214761 5.02666220555 8.89600100463 -0.0437515386584 283 0.101003299441
3.21862148749 2.46596926302 2.6712357291 2.87089730995 -0.310379384239 114 0.100664384941
6.71509985683 4.06743620164 4.1201243259 6.71509985683 -0.0987819827249 218 0.100327737275
5.43845239497 3.71969026257 3.91555028403 4.8480699035 -0.117477657078 203 0.0999933337777
3.59773548606 2.71118878043 2.99926013897 3.00986262172 -0.230365500417 142 0.0996611520829
6.13304599333 4.08250308021 4.24703218608 5.58245270586 -0.0888772746896 227 0.0993311701212
14.179939454 8.20186304519 8.27584975855 13.6193624283 0.0102672256699 517 0.0990033661144
4.53215836282 2.93484533351 2.99219862512 4.53215836282 -0.2430170664 137 0.0986777185711
4.4068152676 3.16835168361 3.38504552479 3.85677184466 -0.171818835851 169 0.0983542062816
13.436735362 7.83218249277 7.91345806646 12.8736111563 0.00856961148957 491 0.0980328083132
4.86555785212 3.4132163424 3.63707741955 4.25485727689 -0.147187149414 183 0.0977135040063
4.82767401533 3.43684211349 3.72110239699 4.26554948541 -0.13310839715 192 0.0973962729693
6.82403755647 4.09737729439 4.14684683222 6.82403755647 -0.0964986722914 220 0.0970810950748
3.34887040955 2.54510213792 2.74490192749 3.03185788105 -0.294392955717 119 0.0967679504548
9.10602508799 5.5136620277 5.57802470882 8.800936571 -0.0239875218203 323 0.0964568194971
11.301689317 6.69695982818 6.76765576596 10.8298617398 -0.000707767631848 410 0.0961476828408
7.54184061553 4.81234369733 4.94328464831 7.00360271018 -0.047470856508 277 0.0958405213724
2.39674966586 1.96902859742 2.11079962906 2.05536377896 -0.434177854201 82 0.0955353162219
4.13336685474 3.01305231284 3.25887644851 3.5845893985 -0.195887995764 157 0.0952320487588
7.91048826244 5.01718206023 5.1513531222 7.36027722104 -0.0385944520667 292 0.0949307005886
5.69501117868 3.84407790968 4.01025148431 5.1819259318 -0.108406387368 210 0.0946312535487
5.62413221361 3.80467562569 3.97681728201 5.0850656279 -0.11093071201 208 0.094333689705
15.8126027954 9.00390906561 9.06315496276 15.3109645266 0.0127477182912 574 0.0940379913485
5.87665233669 3.89801165242 4.01975263028 5.50013020368 -0.107152750188 211 0.0937441409912
2.14437743938 1.81175483282 1.90435772363 1.8064166614 -0.476791418529 73 0.0934521213632
6.74321546273 4.11459524618 4.14567150459 6.74321546273 -0.0965011373988 220 0.093161915409
5.41473052487 3.64710986462 3.75799304331 5.24375750673 -0.13305441869 192 0.0928735062844
5.43702475396 3.71409333128 3.90166284654 4.87283671023 -0.118823273548 202 0.0925868773532
4.82765479913 3.39026371102 3.60997602087 4.23642109867 -0.150496324365 181 0.0923020121839
6.02610878517 4.0188148474 4.17943819728 5.4923628999 -0.094279578631 222 0.0920188945463
11.3807367055 6.77339027869 6.85991718602 10.8536658811 0.000106539397159 415 0.0917375084093
15.5588604539 8.89130570131 8.95665284184 15.0081897528 0.0124778675665 566 0.0914578379367
11.4361566137 6.80106070045 6.88763175158 10.8953025218 0.000421753725177 417 0.0911798674853
10.6259958615 6.3915442715 6.48491428932 10.0877671589 -0.00483334925042 388 0.0909035816011
19.8939118592 11.071905671 11.1230786417 19.3412820582 0.0152276314262 722 0.0906289650172
33.2548209541 17.7842585189 17.8171928335 32.6777072364 0.0159459553955 1204 0.0903560026504
4.83515643962 3.39029184402 3.59436928628 4.29681130043 -0.152171541314 180 0.0900846795988
12.6868093813 7.45567933296 7.54389027056 12.0791534075 0.00636661845982 465 0.0898149811389
2.45874426468 2.03223531012 2.21508087888 2.26679237414 -0.416444219845 86 0.0895468927228
8.40903993383 4.760139178 4.76158310842 8.40903993383 -0.0563129908835 264 0.0892803999762
4.42699172252 3.05062492878 3.17275808135 4.42349446586 -0.211304609766 150 0.089015488695
6.33358018998 4.18650164743 4.34599947852 5.77829381739 -0.0817568612163 234 0.0887521448435
8.357363338 5.22835009838 5.34277814688 7.84057866457 -0.0314343154407 306 0.0884903545514
32.689120218 17.4640890809 17.4960855498 32.2492962359 0.0159444372599 1181 0.0882301041115
15.6051611747 8.89272988562 8.9536245373 15.1367410794 0.0124784978684 566 0.0879713799777
9.36220895283 5.42141788426 5.44244584348 9.36220895283 -0.0282100395958 313 0.0877141687621
8.42541465406 4.86769224903 4.88775419314 8.42541465406 -0.0500625782431 273 0.0874584572328
11.1710902056 6.27454140842 6.28847253446 11.1710902056 -0.00796988278935 374 0.0872042323121
6.47270420307 4.26578484604 4.4287836231 5.89049376455 -0.0760418821502 240 0.0869514810736
2.6892538457 2.14712499578 2.34940794016 2.34940794016 -0.387067305043 93 0.0867001907404
6.28073189622 3.69408034658 3.67206944401 6.28073189622 -0.136071639355 190 0.0864503486831
6.60492654558 4.02408797135 4.05442881487 6.60492654558 -0.104698359296 213 0.0862019424171
5.15388888941 3.37144365757 3.42847928624 5.15056698924 -0.171795327958 169 0.0859549596012
5.34454135092 3.27215925358 3.26970841412 5.34454135092 -0.193744174173 158 0.085709388035
6.43325479675 4.22042995739 4.35592416668 5.96711878143 -0.0807740233503 235 0.0854652156572
13.3637899815 7.78293688176 7.85908568555 12.8289087502 0.00826692968572 487 0.0852224305437
9.39884464094 5.54002118194 5.68070121996 9.39884464094 -0.0209012896215 331 0.0849810209053
9.1530305373 5.64814892779 5.76110641409 8.6053796453 -0.0191001876394 336 0.0847409750862
8.22758244565 5.16720996852 5.28751091306 7.69725125065 -0.0333779178557 302 0.0845022815616
6.62119308184 4.35645934403 4.52294580979 6.05566530244 -0.0697974354626 247 0.0842649289366
6.01052152351 3.75492946337 3.79055334775 6.01052152351 -0.130084126289 194 0.0840289059436
5.61549430482 3.56994521293 3.60999156509 5.61549430482 -0.150467028289 181 0.0837942014413
7.78725250479 4.6255491338 4.65165161313 7.78725250479 -0.0623625806313 256 0.083560804412
2.03781509456 1.74559180163 1.83131955753 1.70252943678 -0.496999783696 69 0.0833287039609
6.42389670094 3.77225849006 3.77666522682 6.42389670094 -0.131560364254 193 0.0830978893136
3.60359846495 2.70745501226 2.96591621321 3.08135412994 -0.237890568789 139 0.0828683498149
5.2291763976 3.60048881112 3.79049258849 4.6795879518 -0.130106837325 194 0.082640074927
6.4242201206 4.23300112699 4.38769990847 5.8813418188 -0.07885522698 237 0.0824130542278
19.6682024782 11.00316561 11.0734920951 19.0235500988 0.0152134526897 720 0.0821872774095
8.68454516415 5.39833554219 5.51214066932 8.14028759239 -0.0260517274988 318 0.0819627342768
6.84151798026 4.17606762798 4.33028650791 6.84151798026 -0.079793768624 236 0.0817394147458
9.48892232161 5.82730365056 5.94871094285 8.86508611288 -0.0145009702854 350 0.0815173088419
9.15273915447 5.64625992319 5.75999721267 8.57482324656 -0.0191015417337 336 0.0812964066988
16.7943090353 9.49685616243 9.56254919305 16.3719651375 0.0137658915036 612 0.0810766985568
10.1760238864 6.16358599303 6.26091712515 9.63732857223 -0.00845937437929 372 0.0808581747615
15.1791971847 8.69290461107 8.75813424013 14.6694463841 0.01195335315 552 0.0806408257621
4.4072391509 3.04241410485 3.12316651419 4.36010268152 -0.215915904308 148 0.0804246421103
4.84466697938 3.397721484 3.6099955313 4.27525967544 -0.150493951638 181 0.0802096144591
2.62469915394 2.13269711385 2.30587199446 2.5131292272 -0.387070864729 93 0.0799957335609
6.20812289789 3.68843559701 3.71456018937 6.20812289789 -0.136069009534 190 0.0797829902665
12.1256836624 6.95785996577 6.99230209728 11.9794173121 0.00162458341335 425 0.0795713755238
11.5482006469 6.33152715278 6.33183521953 11.5482006469 -0.00725997984332 377 0.0793608803767
9.69711312469 5.91406664854 6.01273068201 9.1844092796 -0.0133000004668 354 0.0791514959633
7.25117587977 4.65793323441 4.79053601633 6.72809255694 -0.0548842465534 266 0.0789432135151
4.66434996694 2.97185378849 3.0190498318 4.66434996694 -0.237863339097 139 0.0787360243557
10.2062406424 6.17888390857 6.27663140184 9.6646128439 -0.00821538959768 373 0.0785299198995
4.21437165899 3.00357750836 3.14998003731 3.88840105164 -0.215923234904 148 0.0783248916506
12.217508794 7.34248868144 7.50780420664 11.5016078345 0.00626724189058 464 0.0781209312015
1061.81491184 539.481834262 542.768173479 1060.99536584 0.0159516295703 39290 0.0779180302322
5.27686662175 3.23635978638 3.23628323953 5.27686662175 -0.200164049312 155 0.0777161805088
8.32516917686 5.27299960757 5.46169664792 7.58061407934 -0.0269151443776 316 0.0775153738825
6.00371001228 4.00514601771 4.15783215367 5.52017899423 -0.0953868380973 221 0.0773156022885
9.44579760164 5.2860430837 5.28983408913 9.44579760164 -0.0333726433886 302 0.0771168577451
4.84950540825 3.4465200416 3.70600894677 4.18344230428 -0.133074891923 192 0.0769191323522
5.4937239914 3.73770871893 3.91071029129 4.96850290318 -0.117472354344 203 0.0767224182906
13.2596306198 7.75438883744 7.84618586481 12.6227587942 0.00826754289455 487 0.076526707821
8.9544694289 5.10444005915 5.1174646955 8.9544694289 -0.0396933613706 290 0.0763319932828
6.37557717144 4.21074754132 4.37221493938 5.80474540034 -0.0798143312661 236 0.076138267093
6.73614665639 3.96561728227 3.96893854559 6.73614665639 -0.110913370842 208 0.0759455217457
8.6739031282 5.40315545224 5.52362284371 8.0963741632 -0.0256329926711 319 0.0757537498106
8.01802802438 5.05440818883 5.1765875894 7.47639180904 -0.037509133679 294 0.0755629439323
9.27016194222 5.71208459489 5.82860186477 8.668846131 -0.0173840340607 341 0.0753730968293
4.80881195052 3.41048335678 3.6564674436 4.17422326204 -0.139184829553 188 0.0751842012932
8.95519707974 5.55807552399 5.68728373177 8.32113418429 -0.020909920312 331 0.0749962501875
6.98510308461 4.52272918391 4.66292834159 6.45322428432 -0.0615890530779 257 0.0748092364471
3.5789902905 2.68242112386 2.87046038479 3.32600811669 -0.267554337844 128 0.074623153077
8.23218988808 4.68459824554 4.70767313959 8.23218988808 -0.058521849623 261 0.0744379931517
7.8920396778 4.98761097835 5.10987257506 7.3631387214 -0.0402648865701 289 0.0742537498144
5.79852415907 3.95162480042 4.17430810048 5.15280076112 -0.092088596948 224 0.0740704162757
25.5574326114 13.9039453916 14.1833496541 25.5574326114 0.0158753394367 945 0.0738879858135
6.596724637 4.32646086214 4.48358311428 6.02143706544 -0.0724153975547 244 0.0737064517714
6.02787093711 4.03188884588 4.20658496761 5.44764758058 -0.0920895086772 224 0.0735258075585
4.71278208687 3.32575686576 3.54327984254 4.11747746944 -0.153873092399 179 0.0733460466481
5.27193350928 3.56310935273 3.68363642893 4.90527253216 -0.140734800658 187 0.0731671625774
11.8581569532 7.01589078351 7.10012223918 11.2965290058 0.00273016513715 433 0.0729891489465
8.51009507924 5.3021111308 5.41415405755 8.04070048841 -0.0291100679879 311 0.0728119994175
13.7416184329 7.96739603904 8.03952557369 13.197773426 0.00920816877648 500 0.0726357077139
3.46089644104 2.53752594575 2.6431217817 3.3928854361 -0.313666994439 113 0.0724602676199
12.8864782335 7.53242366044 7.60866456709 12.330467567 0.00683744304248 470 0.0722856729796
5.36748867477 3.24730070858 3.26927080936 5.36748867477 -0.195861998514 157 0.0721119176963
7.58577299809 4.82231796449 4.94220271194 7.09458734591 -0.047468752296 277 0.0719389957316
3.46542223598 2.61580494681 2.79777694679 3.3139906612 -0.282164249553 123 0.0717669011052
4.69322181128 2.88747816959 2.87534969098 4.69322181128 -0.256365263264 132 0.0715956278937
11.9621705495 7.08626381157 7.17687528664 11.3652970291 0.00337661376843 438 0.07142517023
6.2008146508 3.98109600352 4.04987959742 5.98280180318 -0.104699721249 213 0.071255522303
9.69684719184 5.91337994357 6.02419422061 9.1242625911 -0.0130083511271 355 0.0710866783565
11.6500786953 6.88676789168 6.96107970963 11.2021878433 0.00133247144524 423 0.0709186326888
32.8164552082 17.5462307856 17.5778773431 32.307921845 0.0159448996615 1187 0.0707513796519
11.6059307866 6.86172566668 6.93738151128 11.1489376378 0.00103554834439 421 0.0705849136511
5.01909707164 3.10815849847 3.09707350306 5.01909707164 -0.215911523794 148 0.0704192291442
8.04179835587 4.61466692053 4.62336254784 8.04179835587 -0.0639527528447 254 0.0702543206407
8.30235778958 5.19205847383 5.30235771847 7.80835835204 -0.0328845782759 303 0.0700901827017
15.2698646148 8.77528868366 8.86726802428 14.6397784922 0.0122623956684 560 0.0699268099389
5.31026516274 3.63213775507 3.80643946286 4.78751385009 -0.127193154497 196 0.0697641970141
5.72421586385 3.45324035276 3.45562887288 5.72421586385 -0.168060389967 171 0.0696023386386
15.1070909923 8.65435325695 8.71930459971 14.5909026605 0.0118307550272 549 0.0694412295727
5.17109586979 3.4737283913 3.59268935261 5.15359508736 -0.15215133188 180 0.0692808646252
12.2910255106 7.2598886254 7.35378589705 11.690579332 0.00491657085513 451 0.0691212386526
9.18281778684 5.64558064662 5.74752273178 8.67645114106 -0.0194538614502 335 0.0689623465588
9.5421252066 5.34880753106 5.35785862026 9.5421252066 -0.0309545113248 307 0.0688041832943
9.18341772261 5.59839745897 5.67723003426 8.85651368673 -0.0212743905965 330 0.0686467438561
11.7001011731 6.95088504652 7.04826768422 11.101681323 0.00218573931637 429 0.0684900232866
15.7967821468 8.74467703824 8.76191655844 15.7638963039 0.0119535363468 552 0.0683340166735
7.09709545391 4.58924036063 4.73485524087 6.53211706476 -0.0577922307401 262 0.0681787191491
6.1589089129 4.10190029709 4.26571884449 5.65074330365 -0.0867852812579 229 0.06802412589
8.67400344989 5.38798734901 5.49721962937 8.18365487832 -0.0264739361911 317 0.0678702321162
8.15716162181 5.13539258876 5.26196554046 7.589581398 -0.0343823761601 300 0.0677170330911
9.75257040948 5.94516829715 6.05269139306 9.18707694162 -0.0124320673677 357 0.0675645241205
4.7517247255 3.34158274999 3.51215135767 4.28888472185 -0.155571433139 178 0.0674127005528
5.36728158115 3.27713063753 3.32610757983 5.36728158115 -0.181466582676 164 0.0672615577777
8.12441290923 4.77255628877 4.82302942377 8.12441290923 -0.0527681622956 269 0.0671110912263
3.74244489797 2.86150225219 3.15103605503 3.0308621937 -0.177691001447 166 0.0669612963707
5.57391001439 3.79056117694 3.98131889393 4.97313709872 -0.110941595559 208 0.066812168723
10.6887630106 6.42939394149 6.52578992317 10.1254178775 -0.00421633147549 391 0.0666637038354
11.2349949742 6.27804947099 6.2897846068 11.2349949742 -0.00797001983424 374 0.0665158972995
6.56259663822 4.30334218864 4.45595660714 6.00452263422 -0.0742091270644 242 0.0663687447458
13.2468038111 7.70489308204 7.77513535391 12.7388194551 0.00778971077702 481 0.0662222418436
8.20861449266 5.14630563228 5.26078315138 7.69231047541 -0.0343799468739 300 0.0660763843003
6.37169757439 3.80585357659 3.81067508906 6.37169757439 -0.125743247003 197 0.0659311678608
7.45552702033 4.75960991265 4.88450261954 6.95262065964 -0.0500702301949 273 0.0657865883075
36.68673792 19.2637423388 19.2804536663 36.5291097376 0.0159498515149 1310 0.0656426414599
6.90016234817 4.47221520917 4.60826651303 6.38925888853 -0.0647692686888 253 0.0654993231737
6.2122402787 4.11203372665 4.26234553736 5.69941177321 -0.0878274795686 228 0.0653566293408
