DEBUT ITERATION : 0
4.83558916955 3.10904440789 3.13678648526 4.83558916955 -0.215912598039 148 0.49983338887
11.5789894938 6.56867201849 6.58202369754 11.5168832327 -0.00341862839536 395 0.491642084562
7.3343188062 4.4915061331 4.52620461062 7.20325499158 -0.0697770250237 247 0.483714930668
2.95932446431 2.3300634408 2.51781113961 2.8383114706 -0.341279406907 105 0.476039352586
4.39629707236 3.21725567302 3.44103478542 3.11877869136 -0.121753120504 200 0.468603561387
6.34257949657 3.7817802848 3.79949460391 6.34257949657 -0.128623382595 195 0.461396493387
4.42981985326 3.26740175103 3.63370824927 3.72915598457 -0.140828732467 187 0.454407755226
4.23407420306 2.91515724293 3.00366883532 4.22599336542 -0.237866015773 139 0.447627573859
14.4634713219 8.10969459176 8.00728165213 14.4634713219 0.0116659752844 545 0.441046750956
6.42130295845 3.7774076798 3.8017336666 6.42130295845 -0.127174855084 196 0.434656621269
14.0977676809 7.84940209922 8.01575536542 14.0977676809 0.00914351876204 499 0.428449014567
8.00391255848 5.2035356373 5.47610015736 7.26942645451 -0.0265031235369 317 0.422416220783
8.45329000599 5.0362756003 5.17110644303 8.45329000599 -0.0374996686116 294 0.416550958067
4.3501768026 2.85657219033 2.90494152059 4.3501768026 -0.250939919825 134 0.410846343468
10.3212827566 7.03656162839 7.95223523466 8.35468402493 0.0128353237637 579 0.405295865982
10.0824785901 6.08911785555 6.14033386335 9.90244542556 0.00176464662484 426 0.39989336177
6.35764570192 3.75490801917 3.8483057506 6.35764570192 -0.116109035802 204 0.394632991318
8.3264013387 5.20269321536 5.49921429792 8.31631002355 -0.0099949067422 366 0.389509218385
5.64318073891 3.71092262563 3.80936430393 5.60257747538 -0.0742117463767 242 0.384516790567
8.87452723015 6.36697497411 7.19451530883 6.62710808925 0.0129287155204 584 0.379650721336
4.9911168529 3.27156161831 3.34885351633 4.9771950179 -0.173687226002 168 0.374906273432
4.56387024719 3.34813426177 3.70353629727 3.65192414653 -0.127310684528 196 0.370278943471
13.2178075434 9.19652994456 10.5084182532 11.4730625029 0.0153634075453 745 0.365764447696
13.0781122265 1.4135242403 1.75320490974 7.69591780547 0.0158959531071 15002 0.361358708745
9.92919922348 4.0314286277 5.07917429221 -1.38946803375 0.0158718212222 1422 0.357057843371
10.5423168434 1.36297041326 2.7257963293 -0.795607112268 0.0158758675835 3016 0.352858151023
20.7648364184 11.416503374 11.1372418496 20.7648364184 0.0158750798069 1034 0.348756103232
101.427378079 52.2817730398 51.8679604674 100.218790076 0.0159586014494 3881 0.344748333716
27.0868921807 14.3214789219 14.3221117793 27.0412520616 0.0158932789963 966 0.340831629175
12.3591357692 7.00897520668 7.02655207998 12.2454346548 0.00190854456843 427 0.337002920692
65.0847131345 37.8487693854 39.584236667 59.9232326824 0.0159584754931 2879 0.333259275717
28.6854459712 15.7265338515 15.8378600573 28.210233057 0.0159403293872 1092 0.329597890574
31.1883435165 -41.2380801116 -44.8686842049 -113.740273883 0.0159061147747 16992 0.32601608346
15.9991875171 8.92961198309 8.98186661573 15.9991875171 0.0130018798948 582 0.322511287895
65.9643095693 35.5463506601 36.6686592909 65.5263567229 0.0159537506553 2669 0.319081046586
54.6691248789 4.96638867604 17.4439888461 -87.7011972187 0.0159575054241 9869 0.315723005683
8.06644125828 5.34874023301 5.8096318976 7.07747838137 -0.0167346063164 343 0.312434909394
24.9084579555 14.8949156969 14.8040312124 10.437073849 0.0159556626003 1844 0.309214594929
69.0671194979 38.0671863836 39.9146882609 69.005154112 0.0159559996504 2971 0.306059987758
128.305155423 51.3113569246 54.6424867437 128.305155423 0.0159243744069 25830 0.302969097152
9.91492317581 -105.321987624 -127.850522478 -101.671252604 0.0158675657302 52171 0.299940011998
8.6045860105 -14.508804688 -14.4289777589 -5.04048350486 0.0157702335962 4757 0.296970896852
39.617754865 16.6414663887 11.4943603389 39.617754865 0.015842182953 3006 0.294059988238
8.11391353437 5.24447887615 5.54964630449 8.11391353437 -0.0236111528578 324 0.291205591147
8.41362143232 5.70281066475 6.05030226525 2.5497120092 0.0144254400412 665 0.288406075755
8.42338548166 4.87884452464 4.92902893551 8.42338548166 -0.0461947089577 279 0.28565987431
21.2774860911 5.41613271672 6.38236043651 -8.65160692663 0.0159555121399 6052 0.282965478212
