DEBUT ITERATION : 0
1.88283220694 1.64511756584 1.70657383025 1.55152578123 -8.54586617096 64 0.49983338887
1.99588907019 1.71725942351 1.79191595523 1.66579972153 -7.69851062911 67 0.491642084562
DEBUT ITERATION : 0
2.2406517474 1.84706895931 1.95380830267 2.14372553357 -0.528865464026 63 0.49983338887
DEBUT ITERATION : 0
1.88905965251 1.64209201946 1.75561641657 1.78980473088 -0.604908309155 50 0.49983338887
3.06040811954 2.22882370153 2.27175496774 3.04180903991 -0.420789686793 85 0.491642084562
2.18385811549 1.80353735994 1.89112236766 2.16067118461 -0.545541570265 60 0.491642084562
2.41364297164 1.91135860363 1.97342656088 2.38823094018 -0.512681875329 66 0.483714930668
6.43923586589 3.85798673202 3.97257510815 6.43923586589 -0.109639981715 209 0.483714930668
2.21547361554 1.82023495069 1.90817557918 2.17306031794 -0.539926698929 61 0.476039352586
6.07751400641 3.59419066047 3.59472399945 6.07751400641 -0.152149834097 180 0.476039352586
5.47482493036 3.31543752568 3.34224909928 5.47482493036 -0.185481137647 162 0.468603561387
6.27405668309 3.69273655987 3.69295162927 6.27405668309 -0.140730156062 187 0.468603561387
4.42271587805 2.79551898481 2.82911984034 4.42271587805 -0.27621414527 125 0.461396493387
4.70994730599 2.92887668699 2.95196098376 4.70994730599 -0.250946641086 134 0.461396493387
4.1039893828 2.60674416846 2.60766889536 4.1039893828 -0.323753935383 110 0.454407755226
15.351425469 8.24537044282 8.24566544771 15.351425469 0.0101535723987 515 0.454407755226
3.49093363532 2.34457762336 2.37302756468 3.49093363532 -0.383015874596 94 0.447627573859
11.5527469718 6.33210291166 6.33217775696 11.5527469718 -0.00726003878487 377 0.441046750956
9.37400748219 5.24697177702 5.24704642616 9.37400748219 -0.0348823346953 299 0.447627573859
3.04098421346 2.2855360541 2.37284184472 3.00049086098 -0.391120228173 92 0.434656621269
7.35269395144 4.23181719746 4.2315922887 7.35269395144 -0.089922102523 226 0.441046750956
8.18487946667 4.68686496339 4.70390019933 8.18487946667 -0.0592757680143 260 0.434656621269
9.0329815119 5.33229433716 5.42476380997 9.0329815119 -0.0286548743089 312 0.428449014567
4.61169626183 2.89505336742 2.91077354971 4.61169626183 -0.250943957358 134 0.428449014567
7.71337743472 4.55212973108 4.61992237535 7.71337743472 -0.0639492916379 254 0.422416220783
6.75347198751 3.93929891404 3.93994693434 6.75347198751 -0.114800363216 205 0.422416220783
10.1550055953 5.67193663896 5.68655643136 10.1550055953 -0.0209005491211 331 0.416550958067
9.42421412082 5.36872173062 5.40553243362 9.42421412082 -0.0291031796761 311 0.416550958067
7.21457411917 4.1634757924 4.16391185377 7.21457411917 -0.095378698366 221 0.410846343468
5.59854232503 3.69192018541 3.77358538755 5.35822045461 -0.131560688439 193 0.410846343468
4.22292679279 2.67097682406 2.66545249402 4.22292679279 -0.30710597943 115 0.405295865982
9.96319965134 5.63601696414 5.66511136838 9.96319965134 -0.0212719610662 330 0.405295865982
8.79726883649 4.96909984758 4.98242214205 8.79726883649 -0.0455774046138 280 0.39989336177
3.27337619337 2.19928036286 2.21048036901 3.27337619337 -0.429655054225 83 0.39989336177
6.66094176948 3.9106023338 3.92934468887 6.66094176948 -0.116119963083 204 0.394632991318
36.5611307949 19.7171861961 19.9838130872 36.5611307949 0.0159559107907 1425 0.389509218385
15.6300440517 8.5080491384 8.73668877114 15.6300440517 0.0119958113467 553 0.394632991318
4.08782974448 2.94166292965 3.08490975372 3.78961676929 -0.220630263 146 0.389509218385
8.45779190211 5.22360887961 5.28727180948 8.07162235664 -0.0295570863296 310 0.384516790567
39.1592337688 19.7470164452 23.3242358596 -18.0095335578 0.0159543798833 4955 0.379650721336
6.37994365002 3.78282473644 3.80375505925 6.37994365002 -0.128622903916 195 0.384516790567
12.9071276747 7.54077055834 7.63776156607 12.4762237525 0.00754374882539 478 0.379650721336
10.7447742557 6.71956693706 6.97940293681 10.0229985491 0.00146368226886 424 0.374906273432
16.2912407234 9.10470381608 9.10918931836 16.2323274549 0.0133613129868 595 0.370278943471
17.3269966933 4.08469745318 4.37969098995 -2.47430357261 0.0159518456936 8661 0.374906273432
3.16482314716 2.33961994886 2.41444020977 3.08267881521 -0.379029756048 95 0.370278943471
31.1053503388 14.2662105939 14.6654420364 1.38849633807 0.015953838236 3745 0.365764447696
13.6413913329 8.83502424895 9.40880924318 13.6413913329 0.015340193305 745 0.365764447696
3.9896283499 2.55603595042 2.56784093975 3.9896283499 -0.334152571409 107 0.361358708745
41.4482896968 21.8511823988 21.8608771286 41.2480344626 0.0159534938499 1506 0.361358708745
10.2091755542 5.69799454282 5.70885264699 10.2091755542 -0.0201657824639 333 0.357057843371
59.4386029024 35.5098615477 38.2941574134 1.89414594995 0.015954361238 5966 0.352858151023
37.1949105645 23.6402704562 25.0555590737 8.28563978694 0.0159543214116 3158 0.357057843371
18.7567599045 13.8304181397 15.5005851462 15.2203888847 0.0159572587313 1527 0.348756103232
15.0921693534 8.20494262601 8.25892618366 15.0921693534 0.0102123553242 516 0.352858151023
40.3851417701 24.0369085379 25.0701143041 40.1415086401 0.015953999259 1794 0.344748333716
18.0198895313 9.9395650245 10.0917028433 18.0198895313 0.0144447413071 649 0.348756103232
12.9535480123 7.15385775224 7.25151404471 12.9535480123 0.00435488568653 446 0.344748333716
27.2252656247 15.7190026834 16.9881265751 27.2252656247 0.0159504471802 1219 0.340831629175
20.6712150366 8.33360976813 10.416003851 16.4017899579 0.0159517819303 4526 0.340831629175
18.1567826312 10.4868931633 10.771396845 18.0132455605 0.0150788453808 703 0.337002920692
24.8214838847 13.0251152352 13.0798666946 24.8214838847 0.0158201070241 887 0.333259275717
8.87000230545 5.26816391675 5.49370677607 8.87000230545 -0.0220286261214 328 0.329597890574
16.017565448 8.6363038289 8.71835844554 16.017565448 0.0119169678788 551 0.32601608346
9.01277889022 5.16297896716 5.31417917995 9.01277889022 -0.0309492322472 307 0.337002920692
26.5702064861 14.68426755 15.1252806758 26.5702064861 0.0159441390133 1102 0.333259275717
24.314005063 13.687249478 14.611372807 24.314005063 0.0159292775148 1055 0.322511287895
17.4945065948 10.1823155783 10.4844208668 17.4945065948 0.0151488549595 711 0.329597890574
15.5827055275 9.0438789314 8.87477059554 14.8546778186 0.0149920725253 696 0.319081046586
48.0004167712 24.8010691456 24.2903292484 48.0004167712 0.0159520578484 1839 0.32601608346
14.4798989843 9.21056655485 10.5924434001 14.4798989843 0.0154197495268 755 0.315723005683
6.33373476101 4.3177705137 4.56575552681 5.89836158209 -0.0672721904923 250 0.312434909394
30.6004549541 17.6433977066 20.1157296009 30.6004549541 0.0159514028159 1455 0.309214594929
27.9143373656 14.7313759904 15.0497959058 27.9143373656 0.0159124873116 1012 0.322511287895
27.700238469 13.4525383378 13.0137217065 22.6646553948 0.0159520387998 4098 0.306059987758
14.5694397481 8.90274353437 9.2430394708 13.7121515039 0.0134567211071 599 0.302969097152
70.3100078858 36.2623780172 36.0010543836 70.3100078858 0.0159517338166 2672 0.319081046586
26.0722192396 14.445699493 14.7071043929 25.7781456103 0.0159072515583 998 0.299940011998
20.1640075524 12.0185626744 12.5771698021 19.0827178497 0.0157191008819 835 0.296970896852
106.781572634 55.7569002062 56.0793813717 106.781572634 0.0159531620729 4433 0.315723005683
23.783574917 13.6764391405 14.0138263424 22.846359361 0.0158633145876 931 0.294059988238
29.6940313495 15.4289287594 15.4223569666 29.6940313495 0.015934715893 1079 0.312434909394
25.2583880309 17.2205592785 19.7613351208 23.2573388707 0.0159533160125 1485 0.291205591147
25.7392436218 14.0589036218 14.3621679392 25.6657860244 0.0158830943426 956 0.309214594929
3.50478726283 2.44868838296 2.50878332509 3.50478726283 -0.352194981942 102 0.306059987758
20.8942953021 14.2631903548 16.7818513358 20.8942953021 0.015960206298 1323 0.302969097152
19.9824882645 11.2014950548 11.2544993923 19.7800865184 0.0154602111538 760 0.288406075755
