2.03802355937 1.74314900196 1.82278543442 1.6936956844 -0.298815874151 0 0.466989838006
2.38823099966 1.96949734591 2.10255900471 2.02419938344 -0.285483940661 0 0.466989838006
1.85921979716 1.62527288671 1.67879674311 1.51814130162 -0.287435366885 50 0.306272556095
4.62663947537 3.16917254447 3.26225232759 4.41626334267 -0.242608721848 100 0.20086706601
1.9972680968 1.72007200248 1.79693762788 1.65876654097 -0.281090449068 150 0.131737491345
1.99523493835 1.71865953179 1.79578351715 1.65697798055 -0.277138140849 200 0.0863992638039
1.92464640481 1.66993224961 1.73446568961 1.57583457489 -0.300971514634 250 0.056664452235
1.92517324671 1.67032043848 1.73493019793 1.57678987635 -0.298236787514 300 0.0371630498424
1.83959091779 1.61136689455 1.66683761025 1.50199360946 -0.291829637358 350 0.0243731690525
2.13614639409 1.80894059779 1.90709144808 1.79279038627 -0.28803203232 400 0.0159850004825
2.11066747204 1.794779395 1.89008512102 1.77720069466 -0.271083749287 450 0.0104836691476
1.97826826571 1.7039089164 1.77356857209 1.63807773827 -0.281901765282 500 0.00687565314226
1.89486502292 1.6504467218 1.71221859214 1.56007866234 -0.279714927136 550 0.00450935693096
1.93168370392 1.67320318032 1.7434631585 1.59799860908 -0.274549281433 600 0.00295743538979
1.90445611527 1.65498827871 1.71968110955 1.55576949599 -0.297286342079 650 0.00193961671668
1.93705090334 1.67680290348 1.74219923921 1.59151861361 -0.293970988492 700 0.00127208628821
1.91933932722 1.6658867001 1.72910605211 1.582014247 -0.28169096018 750 0.000834290357853
1.96362084733 1.69397871576 1.76519332693 1.63141396168 -0.273724637175 800 0.000547164455475
1.91571502233 1.66301884228 1.72206318586 1.57466397301 -0.290537643231 850 0.000358854610409
1.93502082962 1.67659890309 1.74217703381 1.59136605755 -0.292261025327 900 0.000235352699034
1.85295754544 1.62150396798 1.67786926542 1.52510755475 -0.271303024898 0 0.466989838006
2.02390308288 1.73582507737 1.81763968219 1.6764691754 -0.296734602982 50 0.306272556095
1.9569308633 1.69114165952 1.76070831622 1.62186169741 -0.275821246644 100 0.20086706601
2.14740178208 1.81695563621 1.92092336556 1.81319404724 -0.268881354297 150 0.131737491345
2.52918758562 2.05612561659 2.22116768273 2.16769483315 -0.287907201722 200 0.0863992638039
2.39985812373 1.97713259946 2.12794006576 2.07206784638 -0.271828255592 250 0.056664452235
2.88693024984 2.26631254937 2.48218537053 2.54552383969 -0.278251961203 300 0.0371630498424
1.97061527703 1.70106227581 1.7756849907 1.63155844708 -0.295969734516 350 0.0243731690525
1.98518427784 1.71019502206 1.78317399708 1.65369824417 -0.279238549372 400 0.0159850004825
1.98280060736 1.7057948389 1.77278057318 1.64199034635 -0.272131157716 450 0.0104836691476
1.93142188838 1.67417202548 1.74335386161 1.60204655802 -0.275786597043 500 0.00687565314226
1.94855835474 1.68428033803 1.75092644321 1.60892756818 -0.289211606522 550 0.00450935693096
1.9467333972 1.68290922138 1.74926436014 1.60555723404 -0.293531596137 600 0.00295743538979
2.05269723138 1.75588190592 1.84172942628 1.73091470576 -0.272282665216 650 0.00193961671668
2.24210023332 1.87469616831 1.9855178444 1.88802110143 -0.284691496541 700 0.00127208628821
2.69196899614 2.15171679438 2.35471029968 2.35471029968 -0.282549706985 0 0.466989838006
2.23198200457 1.87287337744 1.98720832811 1.88137047216 -0.296135112172 50 0.306272556095
4.40199261587 3.06801358486 3.17780154233 4.17612216966 -0.256816064769 100 0.20086706601
2.16592013921 1.83047317274 1.93497527772 1.82662941992 -0.284112785771 150 0.131737491345
2.15680167803 1.82449835596 1.93192278252 1.82966447235 -0.267178772248 200 0.0863992638039
2.29410716564 1.91104882479 2.04276121276 1.96495370942 -0.265994619521 250 0.056664452235
2.23792980381 1.87572467325 1.99525555937 1.90803753258 -0.268844155887 300 0.0371630498424
2.32127916999 1.92499086544 2.05136806293 1.9703300942 -0.293496379915 350 0.0243731690525
2.41713457857 1.98284236866 2.1311345403 2.07578575248 -0.282533963811 400 0.0159850004825
2.28176358154 1.89901382411 2.02072362357 1.94693344516 -0.275493340055 450 0.0104836691476
2.29912751934 1.91033418364 2.03560862418 1.9549861808 -0.289693414352 500 0.00687565314226
2.22643944593 1.86442234189 1.97673092304 1.88775168942 -0.276074463887 550 0.00450935693096
