DEBUT ITERATION : 0
2.81698565098 2.22283420571 2.42322187713 2.49189471852 -1727.08419212 97 0.49983338887
7.44310163308 4.27661820419 4.27664623138 7.44310163308 566.448707221 229 0.491642084562
7.35698928986 4.23477595502 4.23496032495 7.35698928986 548.766930127 226 0.483714930668
6.71699887205 4.15871267138 4.21900068539 6.70968880738 294.218993723 225 0.476039352586
7.98256198652 4.58591929455 4.59946434197 7.98256198652 594.815214368 253 0.468603561387
9.9646238717 5.88045669545 5.92570532321 9.77919876329 793.701553321 348 0.461396493387
11.6266952059 7.14898267567 7.3489484004 11.0566440485 840.048804306 453 0.454407755226
6.04565258411 3.69470593233 3.70786286338 6.03899647537 219.022080299 189 0.447627573859
11.9184436371 6.79404595798 6.83801003923 11.8217727531 790.178480251 420 0.441046750956
9.85955945478 5.49902560932 5.51476813642 9.85955945478 819.387889919 319 0.434656621269
7.90609782925 4.52264297646 4.52843082451 7.90609782925 578.231695567 248 0.428449014567
16.0252025939 8.6473977239 8.67044941729 16.0252025939 912.425440766 550 0.422416220783
7.95956596288 4.540539407 4.54586222138 7.95956596288 608.213135049 249 0.416550958067
8.94574566139 5.22432286052 5.2505857787 8.91243719716 755.201050747 300 0.410846343468
9.07736496944 5.21813325347 5.28012798832 9.07736496944 638.761408314 303 0.405295865982
17.5706266144 10.2676220021 10.4933456261 16.8699378358 900.468346057 684 0.39989336177
6.43605777004 3.77780732548 3.78209363613 6.43605777004 335.134315427 194 0.394632991318
10.5577239825 6.56352673814 6.78261508608 10.120447818 790.958363658 410 0.389509218385
7.86593818773 4.49728216088 4.50332786017 7.86593818773 622.831213329 246 0.384516790567
12.4620100777 6.82765857761 6.91346296547 12.4620100777 836.111544402 421 0.379650721336
10.6160213911 6.46178097043 6.6452566592 10.1348519316 785.325829794 402 0.374906273432
12.7694117478 7.02827438654 7.01584001487 12.7664565585 708.131655551 447 0.370278943471
7.32472845383 4.22364218866 4.22801315766 7.32472845383 533.10494652 226 0.365764447696
19.0731008385 10.1250227314 10.1419910774 19.0731008385 971.357219763 652 0.361358708745
12.5067579612 6.82472749999 6.83916609413 12.5067579612 950.271147983 414 0.357057843371
11.8475862009 6.48949278272 6.49639428464 11.8475862009 908.211205388 389 0.352858151023
12.6094242875 7.64309569953 7.84021536397 11.3409171854 804.293272165 491 0.348756103232
7.78948598392 4.45332937721 4.4587120118 7.78948598392 618.650907995 243 0.344748333716
7.32061215704 4.40876702704 4.43753803832 7.29415787318 544.495848666 242 0.340831629175
9.59560931638 5.36268638685 5.36722332157 9.59560931638 823.440421596 308 0.337002920692
23.6817392684 12.635391824 12.718045436 23.6817392684 972.406408746 839 0.333259275717
17.1329118815 9.14254883947 9.15621842171 17.1329118815 1019.26323301 581 0.329597890574
7.66956997958 4.39717713246 4.40308450883 7.66956997958 588.786223706 239 0.32601608346
6.73850736776 3.92705905411 3.93058732406 6.73850736776 419.207797437 205 0.322511287895
11.6349723293 6.38535354839 6.40782854883 11.6349723293 936.850688731 384 0.319081046586
9.42329794137 5.32265508766 5.35240408221 9.42329794137 659.928087976 307 0.315723005683
12.6694070037 6.91428849883 6.92465634335 12.6694070037 900.192978477 420 0.312434909394
11.4492204153 6.28423432074 6.26706465352 11.4492204153 762.235506882 378 0.309214594929
6.78692358304 3.95438172307 3.95912810414 6.78692358304 411.593805508 207 0.306059987758
17.2700851255 9.23327747112 9.265974373 17.2700851255 976.133941431 590 0.302969097152
18.3769165899 9.80582820625 9.83765948278 18.3769165899 1000.02918845 630 0.299940011998
12.5396541722 6.82141869622 6.79706202469 12.5396541722 720.574334166 423 0.296970896852
46.1465248775 23.9695782262 24.1138853411 46.1465248775 983.074985729 1669 0.294059988238
8.7588118938 4.94404717203 4.94935178728 8.7588118938 720.36648853 278 0.291205591147
14.9365661069 8.05906499725 8.08671856178 14.9365661069 956.195983191 506 0.288406075755
11.3023477391 6.25265462742 6.28851979431 11.3023477391 804.828868692 376 0.28565987431
10.3475373724 5.74249579697 5.76026639526 10.3475373724 835.26698215 336 0.282965478212
9.63633121279 5.42277904744 5.44452040431 9.63633121279 670.064285321 314 0.280321435246
8.23276768204 4.70298422526 4.71857218048 8.23276768204 511.159800371 262 0.277726346973
6.45477578255 3.78906309522 3.79329683908 6.45477578255 335.001928275 195 0.275178866263
7.54472269378 4.33227791203 4.33696030985 7.54472269378 566.617965698 234 0.272677694965
9.71826295293 5.42397534273 5.43782960548 9.71826295293 770.361281803 313 0.270221581697
7.17781106348 4.15328556649 4.15987125125 7.17781106348 429.175489603 221 0.267809319764
11.7619025659 6.45677775082 6.46795000782 11.7619025659 892.072863538 387 0.265439745178
6.5607292858 3.84792697043 3.85235862851 6.5607292858 394.507967088 200 0.263111734783
8.67575208106 4.90082348064 4.90657922779 8.67575208106 706.726879881 275 0.260824204486
10.0952904676 5.61331207571 5.61786169 10.0952904676 832.466634128 326 0.258576107568
9.73716528828 5.42129786568 5.41215396968 9.73716528828 778.336725967 314 0.256366433088
6.76632664671 3.94469514182 3.94874983338 6.76632664671 431.409698563 206 0.254194204372
16.9802620853 9.10570754843 9.12240656774 16.9802620853 955.755751857 582 0.252058477567
14.1918042925 7.70461304557 7.75445052475 14.1918042925 936.300859016 481 0.249958340277
21.4152573564 11.3260329085 11.3439647728 21.4152573564 986.215970241 738 0.247892910263
9.61571605332 5.37429297213 5.3872032346 9.61571605332 802.627893015 310 0.245861334208
15.5405874091 8.38346214929 8.42410827258 15.5405874091 932.361471484 531 0.243862786539
11.121851132 6.12568733871 6.13646285087 11.121851132 882.619444142 363 0.241896468312
9.03821934005 5.19709621644 5.24605274513 9.03821934005 609.254678876 301 0.239961606143
11.4549250156 6.3002568741 6.31461968374 11.4549250156 879.052382425 376 0.238057451198
9.38837608191 5.27237288039 5.29268212145 9.38837608191 615.947353163 304 0.236183278224
22.5814642157 12.0689146475 12.1319234906 22.5682738373 992.660858992 797 0.234338384627
7.32800223106 4.23434171314 4.24345898671 7.32800223106 424.954171534 227 0.232522089599
7.13855428908 4.13523715008 4.14040126704 7.13855428908 469.054203449 220 0.230733733272
14.3627649577 7.75005104357 7.76521601599 14.3627649577 986.482288005 481 0.228972675927
13.1636786293 7.12754562887 7.10592701537 13.1636786293 848.040327017 438 0.227238297228
10.8897921578 6.00126529524 6.0032456418 10.8897921578 827.429066895 356 0.225529995489
9.52378918993 5.33388329417 5.33899827237 9.52378918993 731.110823953 306 0.223847186987
7.4863166963 4.30233180919 4.30718478891 7.4863166963 546.818155467 232 0.222189305288
8.62830763057 4.8825537847 4.90062911297 8.62830763057 717.595428456 275 0.220555800618
9.83237469111 5.4794873022 5.489990851 9.83237469111 811.260712559 317 0.21894613925
6.74198786548 3.92883681367 3.93278359224 6.74198786548 420.278376732 205 0.217359802927
8.5972034594 4.86064264791 4.86758287837 8.5972034594 706.408904982 272 0.215796288304
16.1621216839 9.09539456775 9.11243526141 15.9649920114 813.818761376 590 0.214255106413
12.4029046952 6.77555631498 6.78801011225 12.4029046952 943.508793301 410 0.212735782159
13.5787612743 7.37022311459 7.39616754307 13.5787612743 922.998633574 454 0.211237853823
8.26219235688 4.69306100334 4.70271777535 8.26219235688 694.821084638 261 0.209760872605
9.9104829179 5.56855736173 5.59031797246 9.9104829179 731.017255661 324 0.208304402166
8.73616622251 4.93225000378 4.93802911968 8.73616622251 706.462021339 277 0.206868018204
16.6587384909 8.93130049213 8.95418950121 16.6587384909 964.300938038 566 0.20545130804
6.82282719132 3.97302084322 3.97826238668 6.82282719132 445.651686233 208 0.204053870222
16.6789182693 8.92185269831 8.93650108534 16.6789182693 986.693094007 565 0.202675314147
7.60028503896 4.3624204223 4.36664277773 7.60028503896 577.042504308 236 0.201315259697
9.77236716904 5.45665046516 5.46069396629 9.77236716904 745.937374019 315 0.199973336888
7.09401328005 4.10440774499 4.10832723004 7.09401328005 505.637846397 218 0.198649185538
12.8334734898 6.98773465017 6.99705944542 12.8334734898 942.708932243 425 0.19734245494
14.9103040208 8.04691402571 8.06682623668 14.9103040208 964.30452805 502 0.196052803555
7.04713457882 4.08504002537 4.08923342011 7.04713457882 408.456179914 216 0.194779898714
6.82237399214 3.97029513184 3.97504429765 6.82237399214 443.149470721 208 0.193523416333
12.484729633 6.81521218539 6.81630533077 12.484729633 870.09701081 416 0.192283040636
6.68669922181 3.90145392186 3.90521521196 6.68669922181 420.010707958 203 0.19105846389
10.1087186521 5.61773191058 5.62611474626 10.1087186521 842.787609619 327 0.189849386154
11.2430579625 6.18803705715 6.19899856957 11.2430579625 892.410903485 368 0.18865551503
8.65461453011 4.88930490678 4.89666062607 8.65461453011 725.976614029 274 0.187476565429
6.40382562012 3.76030636842 3.76399970323 6.40382562012 358.99905857 193 0.186312259347
14.5966170361 7.87709487157 7.89771414448 14.5966170361 961.198731689 490 0.185162325639
10.7553278713 5.94177987799 5.9534467132 10.7553278713 872.915685257 350 0.184026499816
9.53915285324 5.33352174943 5.34089908507 9.53915285324 798.576660405 306 0.182904523839
14.5462434359 7.87073182598 7.88405592898 14.5462434359 944.726624857 489 0.181796145922
10.4599528207 5.79577582066 5.81065788264 10.4599528207 869.651627099 340 0.180701120347
13.5441061553 7.32728741217 7.31786909314 13.5441061553 868.925896642 452 0.179619207281
15.4629202237 8.30203903698 8.31093405048 15.4629202237 984.549364908 520 0.178550172598
8.34680702636 4.73718452438 4.74246602227 8.34680702636 673.041596356 263 0.177493787717
8.23343865054 4.68016313719 4.69347635603 8.23343865054 584.695630403 260 0.176449829432
14.8333567317 7.98229470719 7.99230665376 14.8333567317 958.953877715 497 0.175418079757
17.4603892112 9.35630714536 9.4050051436 17.4603892112 980.898413182 599 0.174398325776
20.8232869337 11.0383724769 11.072531023 20.8232869337 974.936614533 720 0.173390359496
7.5682498494 4.34768993272 4.35234276316 7.5682498494 508.651382288 235 0.172393977704
7.37707209683 4.25057192238 4.25785764727 7.37707209683 555.587050933 229 0.171408981831
12.4122752054 6.7764853557 6.78656278863 12.4122752054 914.994304102 410 0.170435177821
30.0345263016 15.8175572032 15.9067171828 30.0345263016 984.138944769 1070 0.169472376003
10.5299544652 5.83142443856 5.84155637246 10.5299544652 841.294521704 342 0.168520390967
13.6289171439 7.38483336435 7.39287656782 13.6289171439 948.466490615 454 0.167579041448
8.81064417619 4.96644982216 4.97526403413 8.81064417619 774.331972467 280 0.166648150206
14.4393672986 7.8156536924 7.83757482955 14.4393672986 926.541274302 486 0.165727543918
8.09303767731 4.60851545594 4.61411745364 8.09303767731 666.642642626 254 0.164817053071
6.52785643308 3.82501037103 3.83052337725 6.52785643308 307.920741275 198 0.163916511857
7.14067919434 4.13816847013 4.14654203913 7.14067919434 406.232592758 220 0.16302575807
17.984652673 9.69009915112 9.71279294068 17.984652673 862.171662369 629 0.162144633013
8.03968069393 4.58234798229 4.58752216011 8.03968069393 643.087378093 252 0.1612729814
10.4056509655 5.8282428924 5.88939564285 10.4056509655 608.513386843 349 0.160410651267
14.8679888013 7.98557220597 7.9719065133 14.8679888013 895.106546971 501 0.159557493884
14.2170815783 7.70002054637 7.71488499162 14.2170815783 954.283221772 477 0.158713363665
22.7164301167 11.9879035618 12.0281598791 22.7164301167 929.33368191 793 0.157878118093
9.65203300057 5.39653559766 5.4071770109 9.65203300057 768.51544621 311 0.157051617632
6.35683873797 3.73431385232 3.73674733795 6.35683873797 353.973887057 191 0.156233725654
13.4986657122 7.30234052129 7.29614101249 13.4986657122 887.925948224 452 0.155424308362
6.93144256497 4.02596845205 4.03114986617 6.93144256497 449.972354728 212 0.154623234718
8.83020751407 5.02604049876 5.04749573233 8.83020751407 542.529345341 286 0.153830376372
8.1386229891 4.6384073338 4.64311080504 8.1386229891 566.274283801 256 0.153045607591
14.8906447299 8.01453090017 8.01498484862 14.8906447299 933.833350346 501 0.152268805197
15.267659425 8.21373672741 8.23035032846 15.267659425 980.741732373 514 0.1514998485
8.07740116387 4.60009030173 4.60995291636 8.07740116387 580.694128715 254 0.150738619234
9.18283182828 5.15298529848 5.16267024307 9.18283182828 788.701211059 294 0.1499850015
12.1560135542 6.72030237205 6.77950974735 12.1560135542 839.69228752 412 0.149238881703
16.337191882 8.76638733724 8.79654368334 16.337191882 961.475454117 555 0.1485001485
10.0100971436 5.56909055678 5.58177338928 10.0100971436 817.041633351 324 0.14776869274
7.88126806342 4.5178661855 4.53268073079 7.88126806342 566.957137857 248 0.147044407411
7.07422413876 4.09677629131 4.10128406765 7.07422413876 501.718625416 217 0.146327187591
26.4604155556 14.1897957166 14.3527059273 26.4604155556 937.27083522 960 0.145616930395
9.35955045502 5.25629758161 5.27975951836 9.35955045502 629.123242705 303 0.144913534924
9.28603699287 5.20299375703 5.2091968667 9.28603699287 790.302698456 297 0.144216902221
6.59880138262 3.86031112837 3.86452358304 6.59880138262 385.923246429 200 0.143526935222
6.82207414449 3.96958170112 3.97428690132 6.82207414449 432.083433255 208 0.142843538711
6.60280404708 3.85836503346 3.86186377313 6.60280404708 400.518572718 200 0.142166619278
10.8002878233 5.96339484655 5.96904665322 10.8002878233 856.18032123 351 0.141496085275
8.47890368888 4.80063438851 4.80670848278 8.47890368888 709.259305556 268 0.140831846775
8.41197434752 4.7671687727 4.77066745491 8.41197434752 680.24878027 265 0.140173815531
7.21108827302 4.16789602665 4.17289461281 7.21108827302 440.29743061 222 0.139521904939
15.4964844049 8.34425600045 8.33773594805 15.4964844049 847.509356694 530 0.138876029997
12.793897772 6.96096853437 6.96848023737 12.793897772 954.496916015 423 0.138236107271
15.2449148541 8.21160632234 8.23036523622 15.2449148541 957.208869657 514 0.137602054857
7.10619365073 4.11377191357 4.11761489763 7.10619365073 430.627898411 218 0.136973792348
8.19833459948 4.66428204934 4.67082480425 8.19833459948 667.364757586 258 0.136351240796
13.9674349649 7.57390383356 7.58815651632 13.9674349649 920.199776332 468 0.135734322686
8.54208812693 4.83161901402 4.83898398638 8.54208812693 720.578330646 270 0.135122961895
7.18401489985 4.15151242479 4.15531718182 7.18401489985 471.938485091 221 0.13451708367
8.83308691993 5.00531614149 5.01900898609 8.83308691993 578.10525501 284 0.133916614588
13.8759087059 7.51275416703 7.52337728756 13.8759087059 956.40590177 463 0.133321482535
8.62202134043 4.87313454854 4.88254474363 8.62202134043 728.705358704 274 0.132731616671
10.9744021964 6.04991546198 6.05427907323 10.9744021964 818.665900503 359 0.132146947406
8.4078135086 4.75881783227 4.74026008242 8.4078135086 649.104282671 266 0.131567406368
10.8472446486 5.99351326754 6.01000305137 10.8472446486 880.360242385 354 0.130992926382
15.5634099024 8.37159602958 8.37076887696 15.5634099024 906.864590386 528 0.13042344144
6.53486920432 3.82896269177 3.83321781265 6.53486920432 334.521630586 198 0.129858886676
28.1221108495 14.7845189939 14.8512588645 28.1221108495 977.492416457 993 0.129299198345
8.25606771125 4.71818359954 4.73093558151 8.25606771125 501.198576047 263 0.128744313793
9.18027344664 5.1543318396 5.15841810997 9.18027344664 723.156330827 293 0.128194171438
10.3022061936 5.73024806148 5.74987867459 10.3022061936 844.002118539 336 0.127648710748
11.1822389011 6.14455357602 6.13764338419 11.1822389011 840.011363246 366 0.127107872214
6.38171028242 3.74770406423 3.75078331814 6.38171028242 355.873865307 192 0.126571597334
8.10464850478 4.61161617574 4.61877369428 8.10464850478 684.618098867 255 0.126039828586
8.65994552291 4.9219717829 4.9351362685 8.65994552291 543.789682649 278 0.125512509413
9.25218316992 5.19216779912 5.20049489266 9.25218316992 764.834511056 296 0.124989584201
6.86220201815 3.99015096217 3.9930257514 6.86220201815 446.181044044 209 0.124470998257
8.37164286206 4.75011346964 4.75612895655 8.37164286206 685.426646808 264 0.123956697794
15.2448564419 8.18207411505 8.19744846861 15.2448564419 922.996382378 515 0.123446629907
6.28658474427 3.69834084893 3.69879711812 6.28658474427 361.605272383 189 0.122940742562
23.923819626 12.5562231583 12.5710671836 23.923819626 979.318575783 827 0.122438984573
6.93518647662 4.0261092338 4.03068534835 6.93518647662 476.809957686 212 0.121941305585
10.6605829419 5.89231315498 5.89870323997 10.6605829419 851.288640535 346 0.12144765606
12.7307355357 6.93596377011 6.95034857273 12.7307355357 924.464173518 422 0.120957987259
9.19301776449 5.16302600183 5.1707490213 9.19301776449 768.169877033 294 0.120472251225
14.7688333386 7.97159579944 7.9911921111 14.7688333386 923.165962205 497 0.119990400768
11.5129910491 6.30666467662 6.28701981143 11.5129910491 763.588308809 381 0.119512389451
8.77032763609 4.97938394111 4.99601348862 8.77032763609 570.983814983 282 0.119038171574
14.3996588807 7.77449855968 7.78766452258 14.3996588807 934.10706615 483 0.118567702158
6.50662746314 3.81351064032 3.81757858863 6.50662746314 328.922826775 197 0.118100936934
7.76748429483 4.44345065293 4.45160563108 7.76748429483 646.142473213 243 0.117637832327
7.0384612396 4.08358808927 4.09044652376 7.0384612396 394.282148618 216 0.117178345442
10.8379240719 5.98611546117 5.99722474509 10.8379240719 874.733998791 353 0.116722434052
8.81933568792 4.97276580888 4.97811046593 8.81933568792 744.376299177 280 0.116270056585
22.3195839495 11.8059707757 11.8485985075 22.3195839495 971.324072186 777 0.11582117211
13.3151535162 7.23031514167 7.24534007989 13.3151535162 929.2493982 443 0.115375740328
10.5919819196 5.86346408169 5.86880107803 10.5919819196 870.361664123 344 0.114933721554
21.6167255082 11.435276754 11.4645023744 21.6167255082 990.434640417 747 0.114495076712
6.46531699694 3.78921955344 3.79245387086 6.46531699694 383.891576359 195 0.114059767318
8.02235731968 4.57466205027 4.58848387981 8.02235731968 608.427665664 252 0.113627755473
9.02990247968 5.07739464355 5.0861013184 9.02990247968 745.66284427 288 0.113199003849
6.56049247997 3.83894375881 3.84349435568 6.56049247997 420.973733792 199 0.112773475679
6.4927192976 3.80758573087 3.81248504915 6.4927192976 367.183995821 196 0.112351134746
12.3492395581 6.77487907759 6.79208109099 12.3492395581 847.608768246 411 0.111931945377
17.3291576081 9.29047456685 9.34121867674 17.3291576081 963.238344607 595 0.111515872426
13.1622979054 7.17627910774 7.22020463662 13.1622979054 881.367571976 443 0.111102881268
8.20721794584 4.66273429909 4.6687896714 8.20721794584 681.261030274 258 0.110692937791
12.4000978464 6.77098641462 6.78778453334 12.4000978464 897.183972547 410 0.110286008382
9.18062963466 5.21115981016 5.23748014359 9.18062963466 555.569591945 300 0.109882059922
7.23174034232 4.17835960157 4.18344541086 7.23174034232 498.029710694 223 0.109481059777
17.2321324136 9.27096392359 9.34973227211 17.2321324136 991.113636868 596 0.109082975784
11.7535656955 6.43412539877 6.42604957465 11.7535656955 765.803591682 389 0.108687776248
12.2092504392 6.67473114365 6.68706153888 12.2092504392 936.926202089 403 0.108295429933
7.34090112929 4.2331551466 4.23799109592 7.34090112929 512.100433992 227 0.10790590605
14.5766424077 7.85994073076 7.86931633247 14.5766424077 944.790569296 488 0.107519174253
10.2290335552 5.67012415077 5.65874802319 10.2290335552 808.493857591 331 0.107135204628
29.2182745735 15.25355874 15.2572182803 29.2182745735 1005.79413911 1027 0.106753967689
7.20884770159 4.16338755843 4.16854721927 7.20884770159 510.494586481 222 0.106375434366
9.59807943632 5.39346025698 5.41546281127 9.59807943632 708.176856902 313 0.105999576002
6.99013199321 4.05679221745 4.0617226905 6.99013199321 403.499101024 214 0.105626364341
6.9330585795 4.02575947408 4.02997341838 6.9330585795 439.508016097 212 0.105255771525
10.1191473412 5.62523959745 5.6351153331 10.1191473412 821.324019807 327 0.104887770086
6.96704673988 4.0426601923 4.04715503969 6.96704673988 477.877896955 213 0.104522332938
10.7042210421 5.90653640687 5.89917292046 10.7042210421 853.625718471 348 0.104159433373
15.2473188467 8.21300377159 8.25599907304 15.2473188467 953.186032697 516 0.103799045049
9.98826937373 5.56266447145 5.57280336617 9.98826937373 837.138999076 323 0.10344114199
8.38430710797 4.75436370787 4.75708331076 8.38430710797 685.557510153 264 0.103085698577
6.18890214693 3.65038225493 3.65280356292 6.18890214693 337.980558146 185 0.102732689542
7.94887002445 4.54221637717 4.54714276819 7.94887002445 544.39569701 249 0.10238208996
14.2560268964 7.718942376 7.73998964562 14.2560268964 924.401371638 479 0.102033875247
14.9783940924 8.1065273405 8.15366777047 14.9783940924 924.377542236 509 0.101688021151
9.57262683905 5.39230202744 5.41272379639 9.57262683905 653.579645037 312 0.10134450375
30.2714467244 15.9023245357 15.9878792718 30.2714467244 1006.8686592 1075 0.101003299441
28.73230584 15.0087525888 15.0525861822 28.73230584 963.000140451 1008 0.100664384941
6.21630090269 3.66395274916 3.66628416323 6.21630090269 337.088657356 186 0.100327737275
8.14383515812 4.6356432869 4.64129567527 8.14383515812 641.265125042 256 0.0999933337777
9.50987400867 5.35753030008 5.36046285219 9.50987400867 772.428010819 309 0.0996611520829
16.7082202266 8.94675455611 8.97156431797 16.7082202266 995.792501599 568 0.0993311701212
12.5468408296 6.87497155181 6.8931986583 12.5468408296 902.465877954 418 0.0990033661144
6.81979573252 3.96988961686 3.97436874812 6.81979573252 420.67417326 208 0.0986777185711
8.37649319083 4.75155887572 4.7565061425 8.37649319083 666.073903597 264 0.0983542062816
6.29682855523 3.70569641613 3.70923785821 6.29682855523 336.722749892 189 0.0980328083132
11.9879294783 6.61501002042 6.63442325783 11.9879294783 729.203618575 405 0.0977135040063
6.76324485565 3.94266608216 3.94679472497 6.76324485565 416.80912401 206 0.0973962729693
22.249528987 11.7459423621 11.8222925926 22.249528987 979.218296916 775 0.0970810950748
6.74112500892 3.93094433985 3.93619442516 6.74112500892 417.807657324 205 0.0967679504548
21.7282928807 11.4823289287 11.5163249434 21.7282928807 1010.8179496 751 0.0964568194971
27.4840371067 14.3247661053 14.3482480778 27.4840371067 999.531715577 955 0.0961476828408
8.30910378482 4.71764531534 4.7244365927 8.30910378482 644.678694866 262 0.0958405213724
8.45905987117 4.79252426633 4.80063150912 8.45905987117 584.849137684 268 0.0955353162219
11.205669241 6.17367735268 6.18961312583 11.205669241 917.519568543 367 0.0952320487588
9.20627530612 5.16468386773 5.17148361863 9.20627530612 782.674782996 294 0.0949307005886
8.3736488509 4.75003011507 4.75562176318 8.3736488509 696.391599403 264 0.0946312535487
24.9349032089 13.3120107179 13.4476941973 24.9349032089 973.121558329 892 0.094333689705
6.44524835294 3.78094504877 3.78536449398 6.44524835294 379.14875089 194 0.0940379913485
6.41229897466 3.76298795432 3.76623007333 6.41229897466 370.253984789 193 0.0937441409912
7.56529320177 4.34371358426 4.34862501877 7.56529320177 540.381668216 235 0.0934521213632
11.2857495902 6.23883933401 6.25382759572 11.2857495902 828.504041939 372 0.093161915409
6.34880621814 3.73414915405 3.73796365727 6.34880621814 326.629030599 191 0.0928735062844
15.1559699648 8.19032064648 8.23502241524 15.1559699648 962.294831544 515 0.0925868773532
10.8729508437 6.00155667091 6.01026682863 10.8729508437 885.038844975 354 0.0923020121839
14.1202050469 7.63076204838 7.64487775245 14.1202050469 898.334898779 473 0.0920188945463
6.84837957377 3.9850967092 3.99043777857 6.84837957377 439.942687501 209 0.0917375084093
7.37772276321 4.25061910531 4.25514363495 7.37772276321 475.269681905 228 0.0914578379367
7.80572292271 4.46310472505 4.46567582911 7.80572292271 606.180016683 243 0.0911798674853
9.04778819106 5.08934146071 5.09856790543 9.04778819106 760.599512449 289 0.0909035816011
13.0608807915 7.10201014641 7.11500501838 13.0608807915 966.447473634 434 0.0906289650172
6.54815865421 3.83185003447 3.83561067959 6.54815865421 400.541850205 198 0.0903560026504
6.84222292783 3.98371537743 3.98858868988 6.84222292783 425.050375747 209 0.0900846795988
20.3831018477 10.86056169 10.9336155669 20.3831018477 1012.47234291 711 0.0898149811389
12.4793170095 6.80365416879 6.80581812634 12.4793170095 898.701314477 413 0.0895468927228
10.4487965761 5.79003365547 5.79978389936 10.4487965761 851.171212357 339 0.0892803999762
6.57964698214 3.84923502305 3.85380415664 6.57964698214 410.540428037 199 0.089015488695
12.2508092815 6.69861352797 6.70414223655 12.2508092815 926.245275193 404 0.0887521448435
14.0357060545 7.57639389403 7.57464657754 14.0357060545 915.505358711 470 0.0884903545514
9.5896582592 5.36155238063 5.36780665468 9.5896582592 805.912262999 308 0.0882301041115
13.0827275843 7.12937006509 7.10258117966 13.0827275843 801.545048613 441 0.0879713799777
9.2185518811 5.17299733141 5.18663716947 9.2185518811 795.411432939 295 0.0877141687621
6.32496509549 3.71793488072 3.72015231369 6.32496509549 348.955100174 190 0.0874584572328
7.38526527827 4.26040517141 4.26576164951 7.38526527827 511.982896412 229 0.0872042323121
8.61691552089 4.87261077266 4.88032635564 8.61691552089 706.941743392 273 0.0869514810736
9.02278188766 5.09841912872 5.11085523387 9.02278188766 760.867162777 290 0.0867001907404
13.2141933956 7.17790449079 7.18852805552 13.2141933956 912.182093357 439 0.0864503486831
21.6780726733 11.4283312791 11.4442185167 21.6780726733 1022.6998783 746 0.0862019424171
7.15838332053 4.14038554342 4.14550146892 7.15838332053 460.702496602 220 0.0859549596012
12.6828729345 6.94016664814 6.97977038669 12.6828729345 935.538660359 424 0.085709388035
7.94488083177 4.53708518207 4.54346638151 7.94488083177 595.79058472 249 0.0854652156572
9.05776962725 5.13434790741 5.15180868848 9.05776962725 611.094101172 293 0.0852224305437
13.1291731151 7.13858641607 7.15449480082 13.1291731151 932.506719805 437 0.0849810209053
12.4121630529 6.76650888775 6.76567079661 12.4121630529 855.353625257 411 0.0847409750862
6.62730056994 3.87415102991 3.87967261085 6.62730056994 385.171261671 201 0.0845022815616
9.91432404389 5.57955782837 5.60960315647 9.91432404389 635.106181083 327 0.0842649289366
10.2040331647 5.66939399179 5.68890339439 10.2040331647 862.975640557 331 0.0840289059436
8.00469984836 4.58161169925 4.59316924651 8.00469984836 486.827403388 253 0.0837942014413
6.65559643492 3.88778748154 3.8916958103 6.65559643492 408.247103803 202 0.083560804412
7.01354413248 4.07123791239 4.07725493009 7.01354413248 392.209919139 215 0.0833287039609
13.3478141356 7.26664771912 7.3414097042 13.3478141356 906.213857587 452 0.0830978893136
29.6588295068 15.5562766202 15.6281741004 29.6588295068 986.204732552 1047 0.0828683498149
18.4732627048 9.8524796283 9.88515608961 18.4732627048 986.830985103 634 0.082640074927
6.7930063243 3.95382677252 3.9575232381 6.7930063243 436.032206379 207 0.0824130542278
9.02230204843 5.07283762791 5.07730788907 9.02230204843 751.438714915 287 0.0821872774095
7.73442853276 4.42608994607 4.43091349163 7.73442853276 587.79754621 241 0.0819627342768
15.1720470947 8.14604738807 8.15632773127 15.1720470947 935.341780008 512 0.0817394147458
9.64359441821 5.38443766593 5.37217605468 9.64359441821 731.173567648 311 0.0815173088419
9.90810852602 5.52347457051 5.53409445842 9.90810852602 783.911293904 320 0.0812964066988
13.0842616871 7.22727335532 7.21880903875 13.0842616871 833.01820534 448 0.0810766985568
9.0739653352 5.10327177093 5.1154554879 9.0739653352 778.933666924 290 0.0808581747615
8.10070441504 4.61321305459 4.61862466308 8.10070441504 655.070310832 254 0.0806408257621
11.7053526235 6.40445451292 6.39055036296 11.7053526235 836.918516484 385 0.0804246421103
9.32635424187 5.23557301324 5.2553196641 9.32635424187 738.930563167 300 0.0802096144591
11.4419754373 6.29665812027 6.29496895167 11.4419754373 851.267235744 378 0.0799957335609
9.17226254836 5.14890531615 5.15549709199 9.17226254836 769.240423819 293 0.0797829902665
9.82148007181 5.46587833304 5.46205501973 9.82148007181 798.761277315 316 0.0795713755238
8.74745156571 4.94084349562 4.95070253976 8.74745156571 591.597007347 279 0.0793608803767
10.343676428 5.72791485384 5.73596010855 10.343676428 846.461755159 335 0.0791514959633
16.9051411993 9.10159944897 9.14914613697 16.9051411993 971.976265114 582 0.0789432135151
23.358114411 12.2929645608 12.3189745086 23.358114411 1023.76897448 809 0.0787360243557
11.079459306 6.10288345122 6.10011134263 11.079459306 891.459126664 362 0.0785299198995
16.3454557164 8.74574300188 8.75645411856 16.3454557164 997.397928003 552 0.0783248916506
7.65282241337 4.3848040566 4.39012248311 7.65282241337 602.67654153 238 0.0781209312015
13.3749617605 7.24756355001 7.24270472632 13.3749617605 929.899886014 445 0.0779180302322
8.77377519306 5.21878507296 5.30979718407 8.77377519306 547.911505548 305 0.0777161805088
11.7987475091 6.50012411913 6.51800402955 11.7987475091 857.463227462 391 0.0775153738825
13.5833773852 7.36145169587 7.3712677893 13.5833773852 951.146216275 452 0.0773156022885
13.957752396 7.5295389962 7.51927379627 13.957752396 864.759394717 467 0.0771168577451
8.18366886719 4.65083022887 4.63746197776 8.18366886719 595.883429933 258 0.0769191323522
9.10586000098 5.11594756256 5.11964810539 9.10586000098 765.053940445 290 0.0767224182906
7.19918581066 4.16734830206 4.17212231042 7.19918581066 409.453230774 222 0.076526707821
10.4280902262 5.78244079197 5.80099674898 10.4280902262 855.242918039 339 0.0763319932828
12.370954741 6.80039428563 6.85485925583 12.370954741 807.923839936 419 0.076138267093
8.9126971891 5.05672553702 5.11394139795 8.9126971891 529.229808168 291 0.0759455217457
6.463130785 3.79183798946 3.79672227898 6.463130785 357.45143082 195 0.0757537498106
8.30433518414 4.71432505579 4.72329015201 8.30433518414 691.248112022 262 0.0755629439323
14.0172852892 7.60040043733 7.61928016221 14.0172852892 954.135487848 470 0.0753730968293
10.8134772527 5.98062671485 5.99081484144 10.8134772527 852.062503179 353 0.0751842012932
22.9253921626 12.0963125703 12.1422239914 22.9253921626 971.610444701 797 0.0749962501875
9.11862363365 5.12302504765 5.13387587094 9.11862363365 767.787330206 291 0.0748092364471
17.4082609304 9.27395256201 9.28496692089 17.4082609304 987.918374189 591 0.074623153077
10.9275246263 6.02748070565 6.03604582928 10.9275246263 835.013686659 357 0.0744379931517
16.7794374916 8.9821525274 9.00989766721 16.7794374916 950.605107882 571 0.0742537498144
17.334846395 9.24453854126 9.25448553706 17.334846395 969.560515304 588 0.0740704162757
7.67673371518 4.40129759374 4.40619106485 7.67673371518 571.305659877 239 0.0738879858135
11.3586326809 6.24988393414 6.2599971016 11.3586326809 912.573547478 372 0.0737064517714
8.52385984885 4.82241668719 4.83220298149 8.52385984885 731.706518566 270 0.0735258075585
14.3550522092 7.75397698213 7.77038342034 14.3550522092 911.459184683 483 0.0733460466481
7.7694461097 4.45096405755 4.45740989333 7.7694461097 561.441721109 243 0.0731671625774
8.30704782112 4.74362948396 4.75863015833 8.30704782112 518.760242693 265 0.0729891489465
15.7728404219 8.5882846272 8.72892921122 15.7728404219 923.652519385 554 0.0728119994175
6.90627568458 4.00973507448 4.01293926675 6.90627568458 475.428731183 211 0.0726357077139
8.44145452793 4.81169575921 4.8250261855 8.44145452793 519.013872835 270 0.0724602676199
9.41619827923 5.26961394022 5.27801960665 9.41619827923 787.728297837 302 0.0722856729796
11.257674498 6.19679176843 6.21521186819 11.257674498 886.20498824 369 0.0721119176963
11.6977042396 6.41555451537 6.42463733173 11.6977042396 928.304543216 384 0.0719389957316
15.3901217147 8.26869515293 8.28426524369 15.3901217147 974.895606661 518 0.0717669011052
14.3213657938 7.74009860963 7.7558750602 14.3213657938 952.332153395 480 0.0715956278937
16.3812181782 8.84985207142 8.93754383887 16.3812181782 946.881926789 568 0.07142517023
18.9406680436 10.0480144025 10.0596345164 18.9406680436 974.210233447 646 0.071255522303
12.3204300133 6.77177804337 6.77806485109 12.3204300133 882.826639804 412 0.0710866783565
9.13326216701 5.13189022187 5.14322915789 9.13326216701 751.80618063 292 0.0709186326888
6.66205584559 3.88792716618 3.89135883313 6.66205584559 421.082142588 202 0.0707513796519
6.84379156756 3.98357598894 3.98795457305 6.84379156756 412.522261905 209 0.0705849136511
17.2287768251 9.20722796638 9.19693745353 17.2287768251 940.409911165 591 0.0704192291442
8.10441002585 4.61244358299 4.6205966099 8.10441002585 686.681314756 255 0.0702543206407
6.26093147321 3.6900569518 3.6931060052 6.26093147321 294.409831051 188 0.0700901827017
8.66126958119 4.89347483575 4.90567781178 8.66126958119 682.379652414 275 0.0699268099389
6.95388668718 4.03962740104 4.04447776794 6.95388668718 452.103782061 213 0.0697641970141
10.7928566001 5.97719481473 6.00679554091 10.7928566001 814.001744115 354 0.0696023386386
15.8864655822 8.51563154632 8.54819835712 15.8864655822 934.028077373 538 0.0694412295727
6.29689783575 3.70446546644 3.7073794821 6.29689783575 335.588854176 189 0.0692808646252
27.0013049749 14.114746013 14.1400402453 27.0013049749 996.28540709 942 0.0691212386526
13.4789487158 7.31328166865 7.32523283686 13.4789487158 914.434202885 449 0.0689623465588
16.7973749269 8.95858813665 8.9668625499 16.7973749269 995.809346862 567 0.0688041832943
19.2556485849 10.2138276639 10.2299566667 19.2556485849 973.758328996 659 0.0686467438561
14.0460197149 7.63314737552 7.62135835459 14.0460197149 877.986921065 476 0.0684900232866
17.3160120982 9.24666522843 9.26557799349 17.3160120982 987.561707767 589 0.0683340166735
23.4467453172 12.3476028849 12.3829149979 23.4467453172 968.621140105 814 0.0681787191491
11.8103206121 6.49327767843 6.52125724042 11.8103206121 916.346042076 392 0.06802412589
16.0207973899 8.62033733725 8.6580332215 16.0207973899 959.058124821 545 0.0678702321162
6.51653633221 3.81518834446 3.81865157682 6.51653633221 371.519370748 197 0.0677170330911
15.9002826 8.52663441121 8.55486919167 15.9002826 950.474090515 538 0.0675645241205
12.0036045732 6.60363741151 6.61678729619 12.0036045732 902.358478001 398 0.0674127005528
7.95106144283 4.53441675967 4.54139728457 7.95106144283 634.864186325 249 0.0672615577777
7.06737795604 4.09594689183 4.10109285065 7.06737795604 476.881762148 217 0.0671110912263
8.83693286041 4.97167360118 4.96118925253 8.83693286041 692.97627144 281 0.0669612963707
6.95835111061 4.03956420753 4.04410378873 6.95835111061 462.875277468 213 0.066812168723
8.42080301596 4.77475961989 4.78200912888 8.42080301596 676.866839618 266 0.0666637038354
15.9801833071 8.54446618413 8.51255663957 15.9801833071 892.160410215 542 0.0665158972995
16.3392259499 8.77361785265 8.80831578253 16.3392259499 912.440499189 559 0.0663687447458
7.18272516298 4.15418925708 4.15971465957 7.18272516298 438.888099096 221 0.0662222418436
8.88866433843 5.01215711709 5.02326360037 8.88866433843 726.104467967 284 0.0660763843003
13.3083329812 7.22263499683 7.23178140599 13.3083329812 971.070532819 442 0.0659311678608
7.42431510257 4.27182650818 4.27734916908 7.42431510257 548.036822337 230 0.0657865883075
8.54949364374 4.84071038278 4.84860886148 8.54949364374 697.485801968 271 0.0656426414599
10.587745773 5.85993671942 5.87169998276 10.587745773 862.376501104 344 0.0654993231737
9.0156751373 5.06069103372 5.04790329835 9.0156751373 726.025403206 287 0.0653566293408
DEBUT ITERATION : 1
3.29945227001 2.50026361258 2.69217293382 2.94602364998 -1234.97502809 115 0.49983338887
8.36641935127 5.08716293657 5.14199288732 8.22337582557 707.029931815 292 0.491642084562
9.11089104024 5.32316971985 5.38494902684 9.11089104024 654.14821705 311 0.483714930668
8.95003077462 5.16382501666 5.20441457256 8.95003077462 669.077802935 298 0.476039352586
8.60013921886 4.874854794 4.88008492071 8.60013921886 744.050587926 274 0.468603561387
10.2111594111 6.21505371885 6.32094813429 9.74100380854 831.831345481 377 0.461396493387
12.7384785784 7.00782876853 7.07853134974 12.7384785784 862.025420978 434 0.454407755226
7.0247277931 4.31401731497 4.34583853658 6.95447319705 497.808935618 236 0.447627573859
12.6575763566 6.99500673386 7.06457034733 12.6575763566 924.56665668 431 0.441046750956
14.0935052917 7.85790340503 8.14029995168 14.0935052917 901.122995063 514 0.434656621269
16.9236768873 10.1002908237 10.9110116951 16.9236768873 973.132338556 722 0.428449014567
11.4878811138 6.35512235021 6.39863610692 11.4878811138 868.383817524 385 0.422416220783
10.5726274617 6.1396612511 6.20107272482 10.4295208896 772.712402293 371 0.416550958067
9.37896956941 5.28451194519 5.28409851678 9.37896956941 812.980397248 304 0.410846343468
8.38132859527 5.11004780055 5.16063735784 8.19440865009 738.020822343 294 0.405295865982
9.04446611334 5.28442270833 5.30234890394 9.00051288134 719.797572457 304 0.39989336177
6.6892246024 4.18884754208 4.23903169414 6.54367788858 415.696277828 227 0.394632991318
11.5679006456 6.71170385558 6.84771680944 11.4265433251 890.139308375 418 0.389509218385
15.7085353591 8.50336945816 8.57165420365 15.7085353591 988.695526312 540 0.384516790567
12.7307130927 7.00327685171 7.01918890145 12.7307130927 906.904008708 432 0.379650721336
8.21793353186 4.66662232269 4.66370325675 8.21793353186 728.843889519 258 0.374906273432
13.6828161137 7.70174809801 7.77461948874 13.6507512758 918.599131398 482 0.370278943471
10.8471806884 6.12991429517 6.13729928628 10.8471806884 900.752692312 365 0.365764447696
11.31742657 6.32148037983 6.33357978509 11.31742657 835.001829607 385 0.361358708745
9.07367520586 5.31122871514 5.34797246093 9.06660200625 761.874584162 309 0.357057843371
9.76185712555 5.63568392862 5.65934407019 9.74888845387 828.982099893 330 0.352858151023
11.0059545937 6.1588516444 6.26425334958 11.0059545937 702.70578706 376 0.348756103232
9.15479636925 5.18289276232 5.1995138343 9.15479636925 743.314194412 298 0.344748333716
7.52649931811 4.45502864433 4.45778498948 7.52649931811 549.347668738 244 0.340831629175
13.7053975005 7.6218544499 7.62400685143 13.6665740158 982.99933653 474 0.337002920692
8.82618045215 4.96556224219 4.96037743793 8.82618045215 806.452518806 280 0.333259275717
12.2142414154 6.72682858802 6.79311512968 12.2142414154 901.663956431 413 0.329597890574
7.96453342474 4.5342612721 4.5316394303 7.96453342474 709.838759735 249 0.32601608346
13.2693558005 7.19335106426 7.19861586709 13.2693558005 922.843337851 442 0.322511287895
11.7075272302 7.31329606589 7.72740156551 10.0305544683 777.783887111 482 0.319081046586
8.37673127203 4.74036607008 4.73397803136 8.37673127203 728.954330476 264 0.315723005683
10.4406674042 6.00032366029 6.03322143254 10.4217477653 839.646554271 359 0.312434909394
9.05728232729 5.08235068915 5.07289571207 9.05728232729 805.398072089 289 0.309214594929
8.44434798839 4.95820996384 4.97516105214 8.43116710443 748.716099489 281 0.306059987758
9.49541666655 5.30250589642 5.29396524635 9.49541666655 838.488565514 305 0.302969097152
10.0438100129 5.85012158655 5.92893757942 9.98296739909 764.415386335 351 0.299940011998
11.0525190781 6.34930900012 6.39985440131 11.0438581374 907.149817475 383 0.296970896852
9.91767186625 5.51496013156 5.50414830418 9.91767186625 845.150145335 320 0.294059988238
12.6215339948 6.96965036756 7.00055664542 12.6215339948 957.10144438 427 0.291205591147
7.62843819875 4.41434500038 4.40694719807 7.62843819875 638.103172629 241 0.288406075755
9.0188550521 5.30440029625 5.35006780805 8.99293920844 789.17057306 308 0.28565987431
9.8890366244 5.77451875554 5.82705167644 9.80000487577 794.553644265 344 0.282965478212
11.6757383968 6.61197525753 6.64091240675 11.6636077229 903.433148885 402 0.280321435246
12.635881989 7.29045092514 7.47238967877 12.4670552807 808.97184853 470 0.277726346973
8.90308944332 5.03582332959 5.07136600451 8.90308944332 768.075052773 288 0.275178866263
8.93238141094 5.0695547901 5.10104212256 8.93238141094 595.912190035 289 0.272677694965
11.0258629091 6.21729886292 6.24030049915 11.0258629091 896.347074395 373 0.270221581697
12.9000618272 7.01416623782 7.03177887665 12.9000618272 959.070493964 429 0.267809319764
7.58159665108 4.37860947746 4.3765075084 7.58159665108 583.986903936 238 0.265439745178
9.95500493724 5.5309143629 5.51906495649 9.95500493724 847.435051107 321 0.263111734783
12.4705135416 6.86167117909 6.95015085 12.4705135416 900.812362719 424 0.260824204486
11.5753527906 6.38633785081 6.40192766969 11.5753527906 891.150650679 384 0.258576107568
10.8627060952 6.03940052739 6.07313327201 10.8627060952 817.572948419 360 0.256366433088
10.6012615163 6.00427957768 6.03449435248 10.6012615163 826.14972028 356 0.254194204372
16.6520641822 8.97718991393 9.0322057856 16.6520641822 952.503507125 575 0.252058477567
11.7768286295 6.44552259011 6.43894640629 11.7768286295 929.148683546 387 0.249958340277
15.8219760109 8.51114400547 8.50535850893 15.8219760109 943.399820515 541 0.247892910263
13.2917028971 7.22452288708 7.2347782274 13.2917028971 936.718082234 446 0.245861334208
13.4523755964 7.54802654531 7.79231681671 13.4523755964 675.588309744 498 0.243862786539
8.70886355154 4.91742180624 4.92443093801 8.70886355154 603.264142655 276 0.241896468312
7.23947323332 4.17475069583 4.1736591602 7.23947323332 597.735295332 223 0.239961606143
8.40674645994 4.90937209846 4.92518285291 8.39471226233 722.366280505 277 0.238057451198
10.7564188387 5.94153620815 5.94784692896 10.7564188387 860.367749179 351 0.236183278224
12.5012300805 6.85476170901 6.88919856518 12.5012300805 940.975190672 419 0.234338384627
11.2240561902 6.21228602389 6.26398387927 11.2240561902 794.149063301 377 0.232522089599
15.0268647227 8.46003880852 8.68075705067 15.0268647227 943.475813246 552 0.230733733272
11.8963224747 6.71768696437 6.90353859866 11.8963224747 798.202602647 421 0.228972675927
14.4262185036 7.86562942264 7.96292781647 14.4262185036 947.189536732 498 0.227238297228
10.0560323061 5.58214052032 5.5760797333 10.0560323061 859.990050543 325 0.225529995489
10.3392801044 5.78817980195 5.86637886654 10.3392801044 737.11559417 347 0.223847186987
8.21716019738 4.69468814783 4.68702936036 8.21716019738 668.830315174 261 0.222189305288
9.04556965806 5.09563604667 5.11167627989 9.04556965806 735.595995533 291 0.220555800618
11.2393003663 6.21183929515 6.28244036476 11.2393003663 853.107809646 376 0.21894613925
11.829570786 6.64089501125 6.71860521039 11.829570786 901.814997902 406 0.217359802927
11.7321778139 6.57590060767 6.67232485664 11.7321778139 874.332413484 403 0.215796288304
15.5142589075 8.35304836803 8.37316649146 15.5142589075 949.935155184 528 0.214255106413
9.99303203932 5.5523719268 5.54930371449 9.99303203932 848.188965949 322 0.212735782159
14.1403001688 8.02886825228 8.25380469429 14.1403001688 899.136865604 522 0.211237853823
11.8206022032 6.47597754478 6.47834078372 11.8206022032 922.734254919 391 0.209760872605
12.4883087471 6.80729363277 6.8113685355 12.4883087471 960.639738226 415 0.208304402166
13.0896263762 7.16763215719 7.22737536945 13.0896263762 924.18283648 443 0.206868018204
13.0164582456 7.07557709116 7.06920740317 13.0164582456 962.126926148 433 0.20545130804
11.5959831411 6.57255858126 6.63195932195 11.5732061005 824.623310669 403 0.204053870222
19.2289658599 10.1708651035 10.1101403603 19.2289658599 883.410629966 682 0.202675314147
12.688016502 6.95923169813 6.97148762508 12.688016502 946.421788805 426 0.201315259697
11.2736166288 6.37502526803 6.53234325715 11.2736166288 791.694972051 393 0.199973336888
8.26695471459 4.81782285507 4.85239005248 8.26695471459 691.022172186 273 0.198649185538
8.32127861681 4.7138347057 4.70822945521 8.32127861681 721.298830987 262 0.19734245494
8.48843902119 4.8091031861 4.80047505519 8.48843902119 721.696750594 269 0.196052803555
15.522237297 8.67141975674 8.91175406308 15.522237297 888.411458838 566 0.194779898714
14.5307517206 7.84281944438 7.89635223534 14.5307517206 933.24815193 496 0.193523416333
15.961340973 8.55585377065 8.56889474313 15.961340973 896.737314586 559 0.192283040636
14.9965898591 8.14908475348 8.23284320353 14.9965898591 915.322253647 521 0.19105846389
14.1224893804 7.68337667862 7.7399639852 14.1224893804 971.879091715 482 0.189849386154
9.1782143156 5.31212483111 5.39434998903 9.1782143156 732.731643972 312 0.18865551503
12.9578413752 7.31662645939 7.50751539869 12.9578413752 841.996155285 470 0.187476565429
11.7428439434 6.44659152887 6.46681668217 11.7428439434 898.652688082 389 0.186312259347
12.5030547094 7.07830619653 7.25415003085 12.5030547094 717.020811554 457 0.185162325639
11.5114277588 6.42014652856 6.54144295626 11.5114277588 778.739508904 399 0.184026499816
9.20918184934 5.28760172403 5.29543297011 9.20918184934 792.986150656 305 0.182904523839
12.8476691818 7.02560366981 7.06365959754 12.8476691818 944.334021679 432 0.181796145922
9.21287124955 5.18046049447 5.19537860522 9.21287124955 615.772017658 296 0.180701120347
13.5536326631 7.41099482895 7.49379362831 13.5536326631 948.412754173 463 0.179619207281
13.3244956848 7.28871198744 7.33036000594 13.3244956848 916.556885137 454 0.178550172598
14.836866592 8.20604235809 8.2938620708 14.8367910244 931.661079568 522 0.177493787717
15.1393242622 8.52920172769 8.80149585138 15.1393242622 924.247048652 558 0.176449829432
12.2820540776 6.71305599608 6.73447683377 12.2820540776 863.07808055 409 0.175418079757
10.1037660451 5.63303859663 5.65276504037 10.1037660451 669.168836679 329 0.174398325776
12.0536118385 6.67550464635 6.79248288268 12.0536118385 772.345632305 412 0.173390359496
10.4227040623 5.81179002564 5.83769601186 10.4227040623 899.587818007 344 0.172393977704
8.63609606994 4.91083210504 4.96108258528 8.63609606994 653.935171108 280 0.171408981831
18.5403679077 10.1072998714 10.4472935865 18.5403679077 907.115372909 689 0.170435177821
11.4374991419 6.4755051355 6.64327139467 11.4374991419 763.346259422 403 0.169472376003
13.5702758294 7.42275713736 7.43124651746 13.5702758294 882.178678612 466 0.168520390967
12.6146567684 6.87654124619 6.87351063046 12.6146567684 953.172250502 418 0.167579041448
11.3737951367 6.47620189739 6.59997317583 11.3737951367 796.684650531 404 0.166648150206
12.0841697168 6.83412463513 6.99958116412 12.0841697168 835.273210769 428 0.165727543918
13.3344005277 7.31551087097 7.3950799217 13.3344005277 923.69201549 456 0.164817053071
11.0729428918 6.11556107895 6.17178763965 11.0729428918 824.942417649 370 0.163916511857
16.0036872949 8.59570828093 8.69886567514 16.0036872949 946.028031727 553 0.16302575807
16.9302099258 10.8666767062 11.842779732 16.9302099258 890.466545627 819 0.162144633013
10.1984247858 5.65851914421 5.65783136235 10.1984247858 885.11636507 331 0.1612729814
18.8285027218 10.1744667823 10.2744023346 18.8285027218 987.15201982 667 0.160410651267
15.7127933653 8.93940161709 9.25871362317 15.7127933653 897.977977795 593 0.159557493884
12.924322788 7.24756592003 7.30293866365 12.8915312252 773.028331989 454 0.158713363665
12.8161848208 7.08865310034 7.15094593571 12.8161848208 911.700568079 440 0.157878118093
13.0082097497 7.45951126953 7.77082184611 13.0082097497 786.245774306 496 0.157051617632
17.5278820909 12.2996286533 14.2154472535 16.8671895179 896.970957913 1021 0.156233725654
11.1286028396 6.37960688835 6.42476179256 11.111725913 916.899253683 385 0.155424308362
13.082600763 7.25185512287 7.41367249307 13.082600763 829.405426708 463 0.154623234718
8.97254398423 5.04373460213 5.04237235167 8.97254398423 756.774203266 287 0.153830376372
11.5868935896 6.36398019219 6.37231752685 11.5868935896 925.975318462 382 0.153045607591
12.9045504041 7.22420865189 7.37963741961 12.9045504041 852.239357242 455 0.152268805197
15.0623113069 8.11562871616 8.14717475101 15.0623113069 939.001769362 512 0.1514998485
18.6050821201 9.91857009972 9.93335853818 18.6050821201 874.593486703 659 0.150738619234
7.65581617429 4.38728450658 4.39520118097 7.65581617429 690.362844829 239 0.1499850015
7.71531835154 4.41655046136 4.41785939183 7.71531835154 690.237661981 241 0.149238881703
16.4033641982 8.87330239144 8.99362702973 16.4033641982 967.655940596 572 0.1485001485
15.2004102288 8.52060920515 8.74446568687 15.2004102288 885.770990021 557 0.14776869274
14.9195843783 8.15832864881 8.27511851426 14.9195843783 989.885857228 521 0.147044407411
19.5889398067 10.442371243 10.6564915938 19.5889398067 966.101952928 697 0.146327187591
11.4851573437 6.43121177985 6.52259586808 11.4851573437 762.167274915 396 0.145616930395
10.0747535141 5.66007094068 5.71514219649 10.0747535141 761.190838117 336 0.144913534924
11.2868276363 6.30435951668 6.34721934896 11.2868276363 851.564591326 383 0.144216902221
16.3586329579 9.32532707307 9.65036017939 16.3586329579 893.140720659 621 0.143526935222
7.84893889696 4.48273911599 4.48857596446 7.84893889696 685.552129609 246 0.142843538711
13.6618853787 7.42098613233 7.51769162446 13.6618853787 900.872955382 468 0.142166619278
12.8321535758 7.03090452269 7.06882733406 12.8321535758 900.402079376 434 0.141496085275
11.3361869273 6.39045522416 6.54829504145 11.3361869273 615.143622749 395 0.140831846775
11.1335132974 6.15473521508 6.1854698956 11.1335132974 844.681152334 368 0.140173815531
13.9856820143 7.8294722928 7.99082051127 13.9856820143 927.857446705 500 0.139521904939
13.7023587796 7.47840367704 7.51207167215 13.7023587796 943.557586161 466 0.138876029997
14.5977963115 8.16545217958 8.33739000579 14.5977963115 918.71454692 526 0.138236107271
14.1154427487 7.64121650629 7.7198769319 14.1154427487 918.398090486 481 0.137602054857
20.9873692083 11.5335786716 11.7302356179 20.9873692083 955.12639811 772 0.136973792348
10.1785413138 5.67539969581 5.70193555634 10.1785413138 801.818451462 334 0.136351240796
12.9033248695 7.02937335771 7.09656940354 12.9033248695 742.777049814 441 0.135734322686
15.8458309042 8.51786539771 8.59529935604 15.8458309042 949.697079746 543 0.135122961895
13.9251428977 7.53479689694 7.5937448232 13.9251428977 911.876966317 473 0.13451708367
12.1317117819 6.68666522655 6.79433504677 12.1317117819 794.304716805 415 0.133916614588
11.6278151964 6.58380717404 6.74838093107 11.6278151964 617.658134305 413 0.133321482535
11.6840123166 6.52973972961 6.67940412537 11.6840123166 708.495741018 413 0.132731616671
9.47138372532 5.29642458394 5.29410717262 9.47138372532 815.66000403 305 0.132146947406
14.5203037803 8.12388223322 8.32934286653 14.5203037803 872.158966435 526 0.131567406368
16.1185412428 9.30736108334 9.70027157749 16.1185412428 907.416746414 626 0.130992926382
13.460990779 7.34350709143 7.44082719282 13.460990779 896.676112494 461 0.13042344144
11.3620770396 6.44609243946 6.55854272496 11.3620770396 822.0242188 397 0.129858886676
13.2539067763 7.34665882179 7.32891223931 13.2418864486 803.112089178 467 0.129299198345
9.61952758543 5.375315585 5.38304475385 9.61952758543 810.89589767 311 0.128744313793
10.8329016837 6.04025703068 6.11390526391 10.8329016837 791.009988943 364 0.128194171438
11.4687852211 6.51306808191 6.58695681214 11.4687852211 920.263994663 397 0.127648710748
18.2488154465 10.2919321118 10.775285524 18.2488154465 946.784344977 706 0.127107872214
13.9399757514 8.0154768896 8.31698901051 13.9399757514 663.254564624 533 0.126571597334
9.48380806225 5.31075231326 5.31917920803 9.48380806225 767.481325932 307 0.126039828586
12.2825614253 6.87386459803 6.98343297542 12.2825614253 826.439325996 426 0.125512509413
19.2122570524 10.1591766986 10.1179189667 19.2122570524 805.575728082 701 0.124989584201
12.8908534387 7.10723320344 7.23252537705 12.8908534387 786.576831908 444 0.124470998257
15.8102029142 8.49936860815 8.48416818434 15.8102029142 975.8235836 542 0.123956697794
14.6760125987 8.06379233336 8.09660061265 14.6760125987 934.836791066 512 0.123446629907
14.5463571395 8.26231760969 8.48703490083 14.5338398041 867.926310377 544 0.122940742562
13.1834237602 7.35581923995 7.5497525881 13.1834237602 832.2074571 469 0.122438984573
7.98363214544 4.599305545 4.59841247541 7.98363214544 656.304988295 254 0.121941305585
10.2266108898 5.90863010814 6.09273883958 10.2266108898 606.29467398 369 0.12144765606
11.7285495176 6.41969701634 6.40557786229 11.7285495176 856.266488822 391 0.120957987259
10.6373593511 5.99716783739 6.10040587078 10.6373593511 778.765694229 363 0.120472251225
17.6617314361 9.51949646631 9.6346081809 17.6617314361 914.63063999 620 0.119990400768
16.1579153337 8.71802037773 8.81016083535 16.1579153337 939.788241028 561 0.119512389451
13.5359275685 7.49517139997 7.6690112952 13.5359275685 831.22904983 482 0.119038171574
15.0612463016 8.12150359925 8.08300266493 15.0612463016 880.240877822 519 0.118567702158
14.7015931542 7.93893008739 7.99224905232 14.7015931542 957.263285939 500 0.118100936934
15.1578048286 8.54146590686 8.79943608974 15.1578048286 892.471620238 559 0.117637832327
15.5208032009 8.77615619021 9.02096833268 15.5208032009 921.641984596 575 0.117178345442
11.7385343137 6.47708060712 6.50269338618 11.7385343137 771.830273339 393 0.116722434052
12.0619886166 6.59706982698 6.60322881815 12.0619886166 949.073476025 399 0.116270056585
15.8294872499 8.58343495884 8.6918870133 15.8294872499 981.68136726 550 0.11582117211
13.4274874678 7.32238751611 7.32381942807 13.4274874678 864.580134422 457 0.115375740328
15.322333334 8.2855117519 8.33838886247 15.322333334 933.896376598 525 0.114933721554
14.0884285932 7.61314731397 7.65152961821 14.0884285932 965.935919003 475 0.114495076712
15.6610808522 8.59827978911 8.85961994184 15.6610808522 916.244585015 564 0.114059767318
13.8338260536 7.63284258712 7.76859954118 13.8338260536 897.743270271 485 0.113627755473
14.3361190901 7.78961593786 7.88674179264 14.3361190901 862.724866601 491 0.113199003849
12.0775839066 6.63749585517 6.66043792127 12.0775839066 877.754087639 405 0.112773475679
14.8082251587 8.66809467891 9.08622616181 14.8082251587 825.247387346 591 0.112351134746
10.652565814 5.91018458781 5.93461308703 10.652565814 821.278122713 351 0.111931945377
22.1146782021 11.7345801837 11.7904323765 22.1146782021 972.643279339 782 0.111515872426
15.8887967543 8.96734705744 9.25120751947 15.8887967543 940.732326655 592 0.111102881268
11.6148697857 6.52131365511 6.67087265854 11.6148697857 814.524672329 405 0.110692937791
10.2495478822 5.69044535979 5.71901464078 10.2495478822 854.791418709 335 0.110286008382
13.0220740331 7.25943245825 7.39020384804 13.0220740331 866.070729821 456 0.109882059922
11.4686497481 6.44485023308 6.59990482641 11.4686497481 569.460812981 407 0.109481059777
10.8012612475 6.09373608617 6.18680595877 10.8012612475 863.020248923 368 0.109082975784
12.2715793423 6.70951620068 6.74737625682 12.2715793423 902.854128043 410 0.108687776248
12.0706694659 6.95266252278 7.17989110457 12.0693367849 577.627947966 452 0.108295429933
10.1774607241 5.7229309415 5.77792056696 10.1774607241 732.244175376 339 0.10790590605
14.2139822125 7.79094931504 7.91605465921 14.2139822125 874.487088705 497 0.107519174253
29.6796727891 15.3409569408 15.257085181 29.6796727891 876.711210963 1062 0.107135204628
14.3918188004 7.966814773 8.1875392632 14.3918188004 816.967682236 522 0.106753967689
18.3308392985 9.77820645624 9.82164459751 18.3308392985 981.510422453 631 0.106375434366
14.4637621266 8.09908311358 8.44155726062 14.4637621266 795.045752877 536 0.105999576002
14.8234905584 8.87765814195 9.41489233533 14.8234905584 820.570359872 612 0.105626364341
10.1904961568 5.69761787979 5.74892845992 10.1904961568 770.302044313 339 0.105255771525
13.5958144441 7.598274057 7.70438290911 13.5621717809 907.91505537 480 0.104887770086
10.0391626256 5.71009815974 5.82257132652 10.0391626256 680.538648821 345 0.104522332938
15.5984961278 8.50268231126 8.69738639368 15.5984961278 902.351824466 551 0.104159433373
13.4693412207 7.35952165359 7.37863472177 13.4693412207 912.034226746 458 0.103799045049
11.418565413 6.4516639874 6.59565396438 11.418565413 752.953496161 400 0.10344114199
14.5122508173 7.88604165268 7.86534957953 14.5122508173 902.828060507 500 0.103085698577
12.6832136698 6.90602676527 6.92959126969 12.6832136698 948.787271073 422 0.102732689542
12.4147876413 6.86953397883 6.94686017947 12.4147876413 843.959469282 426 0.10238208996
10.1001193269 5.70601489 5.83096256779 10.1001193269 730.518211024 343 0.102033875247
14.5013759778 7.83814545808 7.92704186177 14.5013759778 825.507327519 505 0.101688021151
7.46378697472 4.29057298717 4.29533646966 7.46378697472 642.61054732 232 0.10134450375
16.2681449209 8.72145292249 8.67189241562 16.2681449209 833.823498813 571 0.101003299441
14.3621012972 7.91584412967 8.13301720053 14.3621012972 882.168937248 509 0.100664384941
11.2895562048 6.21371990014 6.22032670549 11.2895562048 942.688172214 371 0.100327737275
11.1525983409 6.20674095563 6.27147585474 11.1525983409 837.955501486 375 0.0999933337777
12.9350755612 7.1580526772 7.2576268483 12.9350755612 866.284819103 446 0.0996611520829
12.0983352326 6.71993288433 6.79806076475 12.0983352326 874.53048342 412 0.0993311701212
11.3313558395 6.27567489614 6.33342835145 11.3313558395 828.758360775 380 0.0990033661144
17.8855142549 9.90943379389 9.97396784199 17.8855142549 928.17686066 659 0.0986777185711
17.6763837221 9.4926666957 9.67170010023 17.6763837221 922.328529804 620 0.0983542062816
12.4902913122 6.97654786949 7.13067805953 12.4902913122 642.233631205 442 0.0980328083132
13.7846615333 7.79920748599 7.97379809747 13.7846615333 914.234712082 498 0.0977135040063
14.6341329256 7.93832133741 7.91909124534 14.6341329256 899.955024758 503 0.0973962729693
10.561716569 6.05525078534 6.08502351128 10.5407174306 898.763270885 361 0.0970810950748
11.4643006538 6.49780737956 6.58221069848 11.4643006538 826.472646474 398 0.0967679504548
10.9554771485 6.0672739889 6.11643390209 10.9554771485 799.067944174 366 0.0964568194971
14.9509003186 8.26495139448 8.4155611628 14.9509003186 928.47612843 530 0.0961476828408
19.7482232119 10.5130370296 10.5940116998 19.7482232119 960.447009892 687 0.0958405213724
10.866579908 6.13639066848 6.26678397162 10.866579908 723.931560008 376 0.0955353162219
13.2167879243 7.25638286471 7.36490665233 13.2167879243 895.698686634 454 0.0952320487588
15.3377222654 8.63251045977 8.86684911246 15.3377222654 898.508461344 565 0.0949307005886
13.9885734778 8.08663308295 8.39644981932 13.9885734778 628.637321981 551 0.0946312535487
14.0394426815 7.78000752742 7.86120077736 14.024300317 935.902646137 492 0.094333689705
11.8303146238 6.62424387492 6.8095997075 11.8303146238 634.67829855 418 0.0940379913485
13.3397597549 7.23875302831 7.26059009679 13.3397597549 921.964430584 450 0.0937441409912
13.3892578731 7.42558256991 7.52542460113 13.3892578731 923.979182008 467 0.0934521213632
10.2207326473 5.84265268811 5.96418629892 10.2207326473 623.444343819 359 0.093161915409
13.9322772548 7.69729437692 7.80668466604 13.9322772548 911.972834628 486 0.0928735062844
12.9668865356 7.09387186556 7.1375197322 12.9668865356 904.148761264 436 0.0925868773532
12.8417651391 7.11448075503 7.30878717554 12.8417651391 666.343393495 453 0.0923020121839
11.9163550196 7.12758540761 7.49668455245 11.9163550196 802.493705421 472 0.0920188945463
11.1990253991 6.17629741671 6.20196160751 11.1990253991 933.49716339 370 0.0917375084093
11.4760565604 6.38714904785 6.41748089056 11.4760565604 875.397163338 388 0.0914578379367
12.1696571189 6.73887536111 6.79537048839 12.1696571189 870.840165653 414 0.0911798674853
13.9269866699 7.76241586657 7.93588648362 13.9269866699 869.733277448 496 0.0909035816011
13.8026893719 7.53837056738 7.56571923155 13.8026893719 941.251304095 471 0.0906289650172
17.4130946424 9.33161154721 9.31856830576 17.4130946424 909.020792528 609 0.0903560026504
14.0730261559 7.61735177259 7.69188430429 14.0730261559 919.086828761 479 0.0900846795988
12.4990359608 7.08481003688 7.29387807167 12.4990359608 576.27693123 462 0.0898149811389
12.168275279 6.73838802952 6.86203834269 12.168275279 712.045235971 420 0.0895468927228
12.5009647584 6.966637538 7.08254716856 12.5009647584 879.998965345 433 0.0892803999762
13.3347972686 7.28304635036 7.37270146757 13.3347972686 925.299695977 455 0.089015488695
14.8713434906 8.49228209831 8.80215327406 14.8713434906 882.746404504 561 0.0887521448435
13.6099974441 7.40550424298 7.46912433977 13.6099974441 906.414640205 462 0.0884903545514
11.7233427748 6.58125461282 6.70921189804 11.7233427748 780.850166491 406 0.0882301041115
18.4058485519 9.99853366162 10.1478382861 18.3866006894 963.691217282 661 0.0879713799777
10.8320795895 6.11154968748 6.21494034945 10.8320795895 558.959273089 376 0.0877141687621
7.32004116883 4.22487882953 4.22733430962 7.32004116883 610.81067999 227 0.0874584572328
16.7526371869 9.05316377207 9.22137781546 16.7526371869 968.20852059 589 0.0872042323121
16.9377601021 9.07192501747 9.09969781467 16.9377601021 966.174394787 587 0.0869514810736
14.1694614863 7.78950294358 7.89611700604 14.1694614863 917.195795009 495 0.0867001907404
20.6706422073 11.6213827692 11.9689488119 20.64501705 966.852596885 791 0.0864503486831
8.27374802928 4.69769762701 4.6967041861 8.27374802928 735.470953015 261 0.0862019424171
12.2608853964 6.70012468105 6.73016634542 12.2608853964 859.804351627 411 0.0859549596012
9.72312253203 5.73144982614 5.83448540094 9.60943081723 565.295755755 350 0.085709388035
8.81171389118 5.05328295622 5.08373458141 8.81171389118 772.392929633 289 0.0854652156572
14.0086798052 7.70056136616 7.78264357082 14.0086798052 902.368119036 485 0.0852224305437
13.2086126033 7.23885456572 7.36379703152 13.2086126033 862.088840903 456 0.0849810209053
15.0506950775 8.11666439452 8.1967469955 15.0506950775 925.880512917 516 0.0847409750862
10.2607884015 5.72214905703 5.76912205082 10.2607884015 764.998413284 341 0.0845022815616
14.7503356037 7.99009020702 8.09219464315 14.7503356037 960.853085015 506 0.0842649289366
11.2030715511 6.23206501771 6.30069382168 11.2030715511 807.46363264 378 0.0840289059436
10.2005991317 5.67148055143 5.68513705705 10.2005991317 820.75404804 333 0.0837942014413
18.1178247977 9.76509155487 9.70992367996 18.1178247977 902.117075274 648 0.083560804412
18.4859339427 9.99691804514 10.1415508573 18.4859339427 986.136054719 653 0.0833287039609
13.4932867222 7.40105284656 7.49545654863 13.4932867222 910.60818217 464 0.0830978893136
10.8799442087 6.16490472796 6.31386475594 10.8799442087 750.540373428 378 0.0828683498149
12.7640142305 7.06806787852 7.08544606589 12.7640142305 888.341578531 437 0.082640074927
11.6064702591 6.56801442812 6.70718124924 11.6064702591 832.048310967 412 0.0824130542278
13.3812586262 7.39137221367 7.42825920406 13.3812586262 933.5085592 459 0.0821872774095
17.7043326028 9.65920608869 9.75151205908 17.7043326028 947.962465414 631 0.0819627342768
19.131234163 10.2359808459 10.2605360508 19.131234163 959.511080949 665 0.0817394147458
11.5948296339 6.39394580274 6.44473939141 11.5948296339 790.360957995 391 0.0815173088419
13.2751671386 7.56128038385 7.82965540838 13.2751671386 601.71992803 505 0.0812964066988
10.0509736249 5.68797533631 5.78697309416 10.0509736249 727.493269117 343 0.0810766985568
13.8638742723 7.58945868981 7.62073838489 13.8638742723 855.191252844 481 0.0808581747615
14.0143597962 7.63009395562 7.66960682221 14.0143597962 917.311662341 478 0.0806408257621
15.3801526111 8.54612394305 8.69403075908 15.3801526111 952.797322219 552 0.0804246421103
11.1604015725 6.23826199251 6.3534380092 11.1604015725 814.77224872 382 0.0802096144591
10.2352046961 5.67996819911 5.68131486065 10.2352046961 894.427650391 333 0.0799957335609
13.795415384 7.49382717036 7.50923322701 13.795415384 909.090558127 467 0.0797829902665
12.5210221588 6.89881635594 6.99823472311 12.5210221588 899.137934811 427 0.0795713755238
8.51008122638 4.82362975624 4.83472361727 8.51008122638 743.658425194 271 0.0793608803767
10.7740795966 5.96096286605 5.9979696756 10.7740795966 849.886152467 355 0.0791514959633
12.9333368755 7.47309843155 7.74383667565 12.9333368755 640.020475026 488 0.0789432135151
10.0047070379 5.64878367741 5.74129403896 10.0047070379 787.812490359 336 0.0787360243557
13.082712733 7.11469583968 7.13310592377 13.082712733 915.023960898 441 0.0785299198995
12.4737359477 6.85559933824 6.94341420144 12.4737359477 890.05902462 423 0.0783248916506
11.1480157831 6.13991278629 6.14045893437 11.1480157831 936.091204382 366 0.0781209312015
12.3758130928 6.95379211815 7.07828023675 12.3758130928 799.931420928 437 0.0779180302322
14.1148653704 7.73248379491 7.87748013104 14.1148653704 894.665777293 493 0.0777161805088
7.78783093764 4.6961512218 4.73706636484 7.75703539654 684.218209555 264 0.0775153738825
14.3879718942 7.76382776333 7.71058852078 14.3879718942 870.545412198 491 0.0773156022885
10.0112345809 5.57464378835 5.58696191388 10.0112345809 807.540537438 326 0.0771168577451
13.6974332021 7.45456248853 7.44389145765 13.6974332021 909.395468615 467 0.0769191323522
13.552428934 7.77868964855 8.05241862288 13.552428934 805.243629018 515 0.0767224182906
14.5477373947 7.91310117173 8.047565928 14.5477373947 888.009986721 504 0.076526707821
11.947321782 6.5921341374 6.69676566665 11.947321782 653.068828912 412 0.0763319932828
13.4049553168 7.42170442577 7.56959597061 13.4049553168 721.225032836 472 0.076138267093
15.6474069704 8.80392398266 9.05616094733 15.6474069704 878.304225324 577 0.0759455217457
14.5761529784 8.1264638261 8.2572940221 14.5761529784 885.004632829 522 0.0757537498106
12.2326763927 6.87736121764 7.02629302341 12.2326763927 817.104560839 432 0.0755629439323
17.3234673365 9.58177782047 9.75974104991 17.2053567468 935.830842842 628 0.0753730968293
10.9120552918 6.14134549271 6.25161228056 10.9120552918 756.608969595 377 0.0751842012932
13.1156768265 7.12715852144 7.16427336842 13.1156768265 817.912791445 448 0.0749962501875
7.95590181443 4.54448384692 4.54400032582 7.95590181443 682.700750001 250 0.0748092364471
17.3796857793 10.3232969148 11.1633707508 17.3796857793 811.495044172 802 0.074623153077
11.3475784323 6.33451302686 6.42193686834 11.3475784323 682.909800711 388 0.0744379931517
10.341248092 5.73139531327 5.73468572506 10.341248092 899.237892079 336 0.0742537498144
14.438657986 8.01623157501 8.17184053344 14.438657986 873.50723893 511 0.0740704162757
14.0565132395 7.59938395155 7.49283803432 14.0565132395 825.850407732 488 0.0738879858135
14.2081553744 7.77934886812 7.79459496414 14.2081553744 877.891946187 495 0.0737064517714
11.5815754086 6.35541729337 6.35343653532 11.5815754086 946.807630843 381 0.0735258075585
10.5840293493 5.97320548319 6.08727485762 10.5840293493 850.936808397 361 0.0733460466481
11.0352936684 6.12848409888 6.19090193172 11.0352936684 810.504446114 369 0.0731671625774
8.31778678479 4.7731722134 4.79234706026 8.31778678479 732.436244106 268 0.0729891489465
13.9517994981 7.61702596851 7.76486830702 13.9517994981 899.219331579 485 0.0728119994175
10.8257757679 6.01177853308 6.03760632101 10.8257757679 872.891306534 360 0.0726357077139
10.7441801367 5.93028186936 5.9384052848 10.7441801367 855.115754783 353 0.0724602676199
13.9216027267 8.13837451561 8.49567535446 13.9216027267 701.460145756 547 0.0722856729796
14.2654115687 7.96445220863 7.91695659958 14.2498762441 718.904956193 518 0.0721119176963
21.5967664956 11.4821092142 11.5780770282 21.5967664956 777.401784644 786 0.0719389957316
8.62763772942 4.87437617608 4.87604922618 8.62763772942 786.656272575 274 0.0717669011052
11.6293603028 6.45093506031 6.45906189751 11.6293603028 930.333995394 390 0.0715956278937
13.5202952333 7.37081280452 7.46789483719 13.5202952333 895.073546084 462 0.07142517023
16.2496691786 10.0245356257 10.7551568914 16.2496691786 840.972296209 728 0.071255522303
10.7083426205 6.08727289676 6.1673137122 10.7083426205 650.740645093 372 0.0710866783565
14.343758996 7.90863259098 8.09807565003 14.343758996 874.580232575 508 0.0709186326888
15.457920436 8.40299160786 8.45220641584 15.457920436 962.228298184 532 0.0707513796519
12.5168008293 6.92498018083 7.00373339821 12.5168008293 879.880127518 429 0.0705849136511
12.646310708 6.94955410226 7.00134339127 12.646310708 872.344976111 429 0.0704192291442
12.2150072306 7.01014647982 7.23212983781 12.2150072306 695.831818671 450 0.0702543206407
14.3545581709 7.961824369 8.11747938099 14.3545581709 896.85801771 511 0.0700901827017
13.6162097575 7.53231057438 7.68269034664 13.6162097575 893.568762607 479 0.0699268099389
14.354410155 7.87183522899 7.9372252123 14.354410155 906.053929604 498 0.0697641970141
12.2809946096 6.73685292774 6.7958429309 12.2809946096 814.480791457 417 0.0696023386386
11.5603942831 6.44425325912 6.47369666792 11.5603942831 941.98172131 390 0.0694412295727
17.165701125 9.7670513038 10.1172889753 17.165701125 957.664739952 652 0.0692808646252
11.9291755187 6.76870726116 6.97232600273 11.9291755187 613.859080689 430 0.0691212386526
13.145266432 7.28117504743 7.398746623 13.145266432 876.035050754 457 0.0689623465588
11.2674665603 7.01661720213 7.55376450501 11.2674665603 664.532144682 487 0.0688041832943
9.78760847201 5.48428330776 5.50595222773 9.78760847201 868.52661206 320 0.0686467438561
14.7165007798 8.03653177081 8.20814804398 14.7165007798 843.015932285 517 0.0684900232866
12.891216211 7.1653908318 7.33898534221 12.891216211 805.103445391 457 0.0683340166735
12.384729994 6.9115617498 7.02496848173 12.384729994 859.199522217 430 0.0681787191491
17.0275576197 10.0141807223 10.5165831124 17.0275576197 907.303870417 687 0.06802412589
10.8277757958 6.04218617882 6.14234187364 10.8277757958 742.222028548 368 0.0678702321162
12.9280559136 7.09485410598 7.13961666184 12.9280559136 868.439068626 440 0.0677170330911
12.0209628232 6.61064503996 6.63442708436 12.0209628232 869.406190594 403 0.0675645241205
13.0242478396 7.3907050377 7.62786479745 13.0242478396 850.705539158 474 0.0674127005528
18.6165490688 10.3639849856 10.7251391342 18.6165490688 953.296774787 695 0.0672615577777
8.31063015353 4.77823804475 4.79110046452 8.31063015353 731.776519595 268 0.0671110912263
11.439108958 6.39265527951 6.48305061642 11.439108958 749.839809031 392 0.0669612963707
15.0125004135 8.13119324171 8.12979097932 15.0125004135 871.625893556 518 0.066812168723
13.0194266884 7.31852621687 7.46002490353 13.0194266884 794.184271577 468 0.0666637038354
12.6433224127 7.13235531535 7.27573110627 12.6433224127 874.754356893 449 0.0665158972995
13.9819007608 7.59890730576 7.71439365739 13.9819007608 873.237979914 484 0.0663687447458
19.8745390734 10.7019566989 10.7893111599 19.8745390734 964.914440238 702 0.0662222418436
11.4852918788 6.30892921207 6.33887684897 11.4852918788 907.509084409 380 0.0660763843003
8.30431797538 4.80037862331 4.82348047722 8.30431797538 699.745273843 270 0.0659311678608
10.9377518174 6.08188407885 6.12933517721 10.9377518174 822.320816755 365 0.0657865883075
8.9955195092 5.0583019833 5.06489322259 8.9955195092 737.655653665 288 0.0656426414599
12.2989755285 7.20016013525 7.48557386095 12.2989755285 585.320902089 477 0.0654993231737
11.3875304825 6.36771979794 6.45391588297 11.3875304825 798.647582178 389 0.0653566293408
