DEBUT ITERATION : 0
5.22583049992 3.28069116893 3.28277069818 5.2182107839 23596.06393 162 0.49983338887
2.96166276328 2.30848750233 2.50755775804 2.64428710844 22981.0781184 103 0.491642084562
3.01721556211 2.33587776117 2.52480083966 2.71492393658 22669.7724925 104 0.483714930668
2.89340598783 2.26688464072 2.46381449564 2.58028555124 22485.9685662 100 0.476039352586
3.05939625042 2.37094565605 2.55648346219 2.79910943056 22920.4222489 106 0.468603561387
4.03007128903 2.89869515952 3.05331617353 3.71212190799 25832.7373601 141 0.461396493387
2.74565834178 2.18202437583 2.3837325897 2.42753177665 22114.6627989 95 0.454407755226
3.05742850592 2.36069410434 2.55292441462 2.74821579174 23085.6298762 106 0.447627573859
3.03192365347 2.34627077997 2.53961593562 2.71828875858 22964.416127 105 0.441046750956
3.04238687649 2.35053423641 2.53975848344 2.7378535615 22811.3807131 105 0.434656621269
3.01496318782 2.33864088935 2.53501962236 2.70167845837 23185.3909549 105 0.428449014567
3.08157142805 2.37541079894 2.56942575599 2.76357485729 23259.2887733 107 0.422416220783
2.8284828591 2.23491405431 2.42192529515 2.57182136076 21778.9685661 97 0.416550958067
3.23327727997 2.45895159328 2.64367950096 2.9227880653 23513.3188987 112 0.410846343468
3.05050878547 2.36177745382 2.54269477661 2.79330725317 22602.0723231 105 0.405295865982
3.41218995521 2.56221473344 2.74555801774 3.09369299306 24308.3921251 119 0.39989336177
3.04739170008 2.3569123559 2.55381757298 2.72581010878 23259.7206566 106 0.394632991318
3.05019191891 2.35806034549 2.55389542472 2.73044968962 23214.0216172 106 0.389509218385
3.29802893546 2.4977266555 2.68569843774 2.9769366062 24027.7372051 115 0.384516790567
4.44407749696 3.12142714408 3.26258181149 4.12410547203 26826.7157845 156 0.379650721336
3.03417123535 2.34723977469 2.53989643689 2.72167110698 22939.5507718 105 0.374906273432
3.06981711328 2.36622927689 2.55474098167 2.76561371435 22905.0920452 106 0.370278943471
3.30064243236 2.49915209892 2.68614423638 2.97944115191 24004.7749392 115 0.365764447696
3.16521528379 2.4221512821 2.61301995566 2.84768267705 23515.7246433 110 0.361358708745
3.00481444497 2.33066112619 2.52484100486 2.69038147435 22879.7165523 104 0.357057843371
3.18854222891 2.43641302629 2.62801487185 2.86786310536 23664.9433031 111 0.352858151023
2.80930251496 2.21802668472 2.41767499418 2.49170621835 22191.3317319 97 0.348756103232
3.12958613745 2.40323814762 2.59703193651 2.81129905466 23512.2047528 109 0.344748333716
2.92066670777 2.28560926119 2.46619084463 2.66780677084 21966.7380527 100 0.340831629175
3.42136728525 2.56464090765 2.74327359901 3.11081053058 24160.3918226 119 0.337002920692
3.29465266912 2.49709090345 2.68654772032 2.97051206703 24092.3053 115 0.333259275717
3.50498231952 2.6113185549 2.78850427101 3.18619473727 24475.501524 122 0.329597890574
5.11076904807 3.45737576667 3.56641653313 4.81793469369 27530.5492561 178 0.32601608346
3.45335513404 2.58157611779 2.7575881396 3.14033635527 24201.3198087 120 0.322511287895
3.26723935452 2.48088694758 2.67075993154 2.94441320749 23976.0984682 114 0.319081046586
3.51839234579 2.6212860527 2.80022854052 3.20077309118 24658.516842 123 0.315723005683
2.74623470861 2.18224287431 2.38373800653 2.42845236905 22095.2106677 95 0.312434909394
2.81213078493 2.22810323112 2.41935353205 2.55030464296 21983.910369 97 0.309214594929
3.23541600823 2.45962814253 2.64253228268 2.93480972387 23433.2808751 112 0.306059987758
3.20938640997 2.44870546261 2.64082772392 2.88905763502 23814.9442908 112 0.302969097152
3.02656720258 2.34730902064 2.52574336128 2.77455117237 22422.4856949 104 0.299940011998
3.2370725945 2.46050111189 2.6440803235 2.92870150702 23462.8339239 112 0.296970896852
3.03092527979 2.34573489998 2.53956864602 2.71582501133 22989.4252577 105 0.294059988238
4.36164619339 3.0696951511 3.2049575279 4.05194393824 26307.177661 152 0.291205591147
3.02372873948 2.34239087248 2.53736858421 2.71031589662 23065.2064887 105 0.288406075755
3.08720316545 2.37781323771 2.56979763898 2.77318677481 23161.3280685 107 0.28565987431
3.417682556 2.56429145668 2.74604291229 3.10169628952 24276.7256365 119 0.282965478212
3.17490269545 2.43102633099 2.62747579233 2.84562920357 23872.8515714 111 0.280321435246
3.25490954528 2.47210941013 2.65791551639 2.94104194159 23685.7967891 113 0.277726346973
3.1708399612 2.42487534181 2.61299442613 2.86158614871 23389.2997298 110 0.275178866263
2.82956750889 2.23360692719 2.41933231561 2.56691139686 21773.427026 97 0.272677694965
3.07662394359 2.37328573093 2.56906131581 2.7549745043 23341.4456575 107 0.270221581697
3.24110646113 2.46602440906 2.65610141754 2.92267161981 23861.2772026 113 0.267809319764
2.89227229077 2.26641287093 2.46362703417 2.57866811489 22500.7361722 100 0.265439745178
3.08927624036 2.37883449982 2.56996568044 2.78039672037 23112.0081976 107 0.263111734783
3.11718751302 2.38986826395 2.55465815711 2.87235852396 22224.2709041 106 0.260824204486
3.17611349524 2.427179663 2.61457146041 2.86481115156 23371.1687402 110 0.258576107568
3.19443792355 2.43891369231 2.62849508047 2.87709345249 23591.9505312 111 0.256366433088
3.48152508891 2.60146277947 2.78487857605 3.14873530986 24724.5009496 122 0.254194204372
2.89666514401 2.26840661243 2.46390411175 2.58661524838 22418.2828961 100 0.252058477567
3.13828309748 2.40674229904 2.5974553652 2.8255127347 23409.9848844 109 0.249958340277
3.10191325056 2.38796067988 2.58342236544 2.7790705075 23457.6241468 108 0.247892910263
3.3569405549 2.53053128257 2.71513979098 3.03674518637 24153.8236787 117 0.245861334208
3.47634720118 2.58989106366 2.74247409449 3.23391715196 23481.54364 119 0.243862786539
3.23087198852 2.45814962864 2.6426890409 2.92848439173 23500.3855777 112 0.241896468312
3.37761474907 2.5382497858 2.69935785214 3.12295107778 23418.0926209 116 0.239961606143
2.970145363 2.30818780563 2.48048052187 2.71883371321 21814.3119374 101 0.238057451198
3.32126522164 2.51133695497 2.69992500166 2.99619836651 24180.2020705 116 0.236183278224
2.96931197979 2.31142506231 2.50886837648 2.65052258866 22909.4483598 103 0.234338384627
3.87846760768 2.81264511093 2.96945065756 3.56191953199 25312.9273161 135 0.232522089599
2.93247326643 2.29142619333 2.49323294347 2.60537806222 22950.1933833 102 0.230733733272
4.38856465758 3.09111056821 3.23373937405 4.07165321508 26646.9365764 154 0.228972675927
3.00999902609 2.33680954076 2.53772219945 2.68220205438 23314.2999405 105 0.227238297228
3.12105897711 2.40432669917 2.58592074083 2.86162783205 23016.4967391 108 0.225529995489
4.95804080882 3.38117028597 3.49777830885 4.65843469457 27406.2703617 173 0.223847186987
4.23635471476 3.00638264503 3.15020135372 3.92649660371 26192.6145642 148 0.222189305288
3.41189364573 2.56125734737 2.74373246864 3.09102398149 24337.2315549 119 0.220555800618
3.28470214381 2.49319461326 2.68608023144 2.95465893305 24226.4196278 115 0.21894613925
2.95725417038 2.30227802201 2.49387107638 2.65260143314 22528.8802252 102 0.217359802927
2.93116452659 2.29121579537 2.49174111842 2.61167606279 22951.6531401 102 0.215796288304
3.18648976461 2.43520766089 2.62734083567 2.86564203246 23696.5465541 111 0.214255106413
2.95748660941 2.31126485431 2.49602828624 2.70278617465 22394.8905737 102 0.212735782159
3.16107409854 2.42082441388 2.61385466649 2.83681998335 23577.8582663 110 0.211237853823
3.27256295393 2.48394785707 2.67316989017 2.94904352916 23946.915579 114 0.209760872605
4.5387400113 3.16061145754 3.28859476872 4.23732143262 26568.0305354 158 0.208304402166
2.92643680165 2.28515802295 2.47951879581 2.61613289574 22506.1891928 101 0.206868018204
4.10225750982 2.91540057587 3.03774997371 3.86512853844 24897.5650327 140 0.20545130804
2.84002180999 2.23576712797 2.42965218917 2.53789613993 22203.6075156 98 0.204053870222
2.95376679845 2.30937970051 2.49637090569 2.69470442327 22446.4886056 102 0.202675314147
3.25208243354 2.47093210074 2.65789675782 2.93533217283 23740.7086595 113 0.201315259697
3.28030399227 2.48676767849 2.67183870973 2.96847468332 23791.5982566 114 0.199973336888
3.91643304089 2.83771595772 2.99830270161 3.59546070131 25653.0202943 137 0.198649185538
3.27819334429 2.48569512166 2.67245946812 2.9574232888 23852.4585104 114 0.19734245494
3.78372119494 2.76441626627 2.92815311663 3.47227926205 25168.3792659 132 0.196052803555
2.81111149769 2.22210755607 2.4043494266 2.55903930491 21517.8362349 96 0.194779898714
2.86168105087 2.24836144876 2.44460194562 2.55060861375 22417.90955 99 0.193523416333
3.45032241436 2.58175910802 2.76048020345 3.14739507861 24234.4477019 120 0.192283040636
3.00144032199 2.32927443294 2.52448403088 2.68545638307 22923.5889169 104 0.19105846389
2.9441697634 2.30104424897 2.48402152988 2.69058533554 22102.353725 101 0.189849386154
3.05387351131 2.35989404464 2.55494760937 2.7375544125 23150.5792698 106 0.18865551503
3.02598728979 2.34301052561 2.53706654952 2.71150054124 23058.2233382 105 0.187476565429
4.01566404893 2.88787484188 3.03950809452 3.7082258124 25652.09886 140 0.186312259347
2.99596623568 2.3271892188 2.52207308386 2.68772165079 22949.4608047 104 0.185162325639
2.9773529637 2.31491405249 2.50968124814 2.66336472513 22776.9703364 103 0.184026499816
3.0618272013 2.36230322771 2.55286928189 2.75357912013 23037.8596694 106 0.182904523839
2.97050677544 2.31605581622 2.49829684436 2.71681835904 22244.7201044 102 0.181796145922
3.02787628524 2.34789363558 2.52570922097 2.77774825113 22397.9898438 104 0.180701120347
2.95521748689 2.30848535219 2.4944150474 2.68836260135 22489.5547892 102 0.179619207281
3.08673846898 2.37755505909 2.56777236481 2.78167751614 23138.825831 107 0.178550172598
3.20094695333 2.44093333577 2.62798696247 2.8880457133 23487.4986951 111 0.177493787717
3.54060468226 2.62950620973 2.8008843006 3.23165903895 24400.2373824 123 0.176449829432
3.20824681236 2.44892400956 2.64239400684 2.88230249944 23871.6422183 112 0.175418079757
2.68133504451 2.14178127078 2.3333830395 2.38403463238 21422.6873863 92 0.174398325776
4.66917270536 3.22449433973 3.34251611915 4.3778016986 26620.2608096 162 0.173390359496
4.15805390089 2.97511717494 3.12135178443 3.89056672154 26053.0014314 146 0.172393977704
3.06442705995 2.36475962493 2.55659360997 2.75577084147 22964.2548307 106 0.171408981831
3.29982634018 2.49886733371 2.68613055068 2.9784632745 24008.141005 115 0.170435177821
2.99482935062 2.32639969113 2.5240064563 2.6741087922 23045.3173976 104 0.169472376003
3.38405596381 2.54625112963 2.73123644154 3.07168626973 24205.5841251 118 0.168520390967
3.38359866989 2.54549124462 2.72903269871 3.06260584024 24243.9231626 118 0.167579041448
3.33270367658 2.51649517281 2.70099678561 3.01504410237 24021.2213573 116 0.166648150206
3.31387164762 2.50449690461 2.68614020533 3.01090227103 23766.6095332 115 0.165727543918
3.08879855488 2.3784786695 2.57008373035 2.77468629572 23160.5908509 107 0.164817053071
3.18315099322 2.43435479218 2.62794031718 2.85890559357 23752.7326549 111 0.163916511857
3.0532722088 2.35659101729 2.5251265824 2.8121606391 22092.9386149 104 0.16302575807
2.90118768024 2.27033233798 2.46424750697 2.59304255804 22362.9608119 100 0.162144633013
3.63720518312 2.68456413422 2.85514221384 3.31813268748 24862.4992473 127 0.1612729814
3.78842288855 2.77138321146 2.94240174648 3.46755933049 25522.4606301 133 0.160410651267
3.16215042365 2.42090809455 2.61263829012 2.84362105095 23560.2089685 110 0.159557493884
3.05604388928 2.35981766532 2.55226373495 2.74378323561 23120.4703682 106 0.158713363665
3.46684887836 2.5925141434 2.77447170617 3.15444558648 24461.3793043 121 0.157878118093
2.97331918698 2.31336475832 2.50947597826 2.65894763903 22820.1914091 103 0.157051617632
3.01619015348 2.33554430107 2.52572907279 2.70932920735 22706.9529377 104 0.156233725654
3.30592332611 2.50125722254 2.68647729133 2.98838328239 23928.6044629 115 0.155424308362
3.08516393214 2.37695733034 2.56957877666 2.77008748132 23184.5064709 107 0.154623234718
3.66151392498 2.69953010491 2.87269940832 3.34294314635 25045.7496471 128 0.153830376372
3.82430375657 2.78940324271 2.9557223031 3.50103147951 25531.5904942 134 0.153045607591
2.93050850524 2.29545426977 2.48240727163 2.67180001817 22305.5627547 101 0.152268805197
3.10426467806 2.38907506051 2.58384057475 2.78333739524 23425.2120533 108 0.1514998485
2.9995594016 2.32835710162 2.52506434412 2.67882574992 22949.6103005 104 0.150738619234
4.68414624611 3.22869436092 3.3435890353 4.39921893792 26568.1892934 162 0.1499850015
2.92292403245 2.28380380278 2.47946408661 2.61183509372 22548.9457842 101 0.149238881703
3.21180998077 2.44970617326 2.64148107043 2.88930163096 23806.4276184 112 0.1485001485
3.24839663168 2.46895327249 2.65690800742 2.93105115691 23774.1153521 113 0.14776869274
3.07894662283 2.37420684766 2.56979544796 2.75563932288 23288.4316094 107 0.147044407411
3.24210900695 2.4670914739 2.65783565065 2.92624955745 23854.477587 113 0.146327187591
3.2152894494 2.45128538195 2.6430621297 2.88948674235 23790.115797 112 0.145616930395
3.48141573505 2.5911248432 2.74284775877 3.23650298047 23456.383132 119 0.144913534924
3.00074659061 2.32917716716 2.52511108395 2.68495122947 22938.9759548 104 0.144216902221
3.38162490791 2.54475275712 2.72904354172 3.05934858566 24273.0285054 118 0.143526935222
2.94433265212 2.29758446383 2.49442425624 2.63230751638 22731.8632922 102 0.142843538711
3.82012548199 2.78178922577 2.94205499547 3.50301560066 25204.9791915 133 0.142166619278
3.30681830888 2.50172717089 2.68678341765 2.98999649474 23915.2342253 115 0.141496085275
3.14391205053 2.40498401441 2.5692470798 2.89789157745 22339.7857198 107 0.140831846775
2.92146618869 2.28283839859 2.47578348256 2.6178892708 22531.5043708 101 0.140173815531
2.94589617214 2.30167799242 2.48365134637 2.69489670621 22096.2952491 101 0.139521904939
3.33102930421 2.51579119905 2.70081560507 3.01159541544 24052.2764363 116 0.138876029997
3.27427537199 2.4838226727 2.67147526988 2.95572008611 23886.2148977 114 0.138236107271
3.24032050034 2.46649365016 2.65769854738 2.91751057173 23905.8192036 113 0.137602054857
3.04713848786 2.35335444479 2.5241694616 2.7962474039 22198.0093217 104 0.136973792348
3.53031725893 2.62548702557 2.80048692253 3.21453078493 24540.1283824 123 0.136351240796
3.79092880773 2.76640314212 2.92828764061 3.48524891754 25106.2872103 132 0.135734322686
3.02411527081 2.33918494323 2.52429557951 2.73723514859 22505.2615689 104 0.135122961895
3.74479685329 2.74550770023 2.91443114778 3.42475879782 25270.6593014 131 0.13451708367
3.26164588426 2.47924388159 2.67138098658 2.93377651371 24072.3955731 114 0.133916614588
2.81477889337 2.22072251815 2.41431053004 2.5133573031 22074.0898591 97 0.133321482535
3.10247971028 2.38816839317 2.58434299835 2.77605669601 23457.3190453 108 0.132731616671
3.0892548956 2.38691192513 2.57102501396 2.82705592874 23011.6990969 107 0.132146947406
2.79625037848 2.21797908925 2.40628551954 2.54291934615 21703.1551335 96 0.131567406368
3.18885760694 2.43611028586 2.62673316018 2.8733585061 23646.11074 111 0.130992926382
3.55535446059 2.64049675189 2.81620556339 3.2384631431 24672.2402379 124 0.13042344144
2.7807024585 2.21026503431 2.40309983856 2.51626729232 21936.2045893 96 0.129858886676
3.1830475808 2.43427768265 2.62794822415 2.85836238835 23760.5518431 111 0.129299198345
2.95255426367 2.29950659354 2.49152425519 2.64572766142 22620.6649296 102 0.128744313793
2.7845651716 2.21276560968 2.40553142903 2.52283578983 21887.4675134 96 0.128194171438
3.71186907367 2.72256577057 2.88633498673 3.39674099558 24874.562163 129 0.127648710748
3.22284442967 2.45460551751 2.64338891455 2.90214530193 23676.9237352 112 0.127107872214
2.97487907602 2.32258140095 2.51187075184 2.71113151022 22647.6446129 103 0.126571597334
2.82507575762 2.22891889782 2.42928637225 2.50842768953 22464.214746 98 0.126039828586
5.38103918758 3.6004387221 3.70591383511 5.08309320819 28061.4887961 188 0.125512509413
3.04734886189 2.35269613105 2.54023889504 2.74642636405 22739.0120583 105 0.124989584201
3.19474164695 2.43926191591 2.62908921467 2.87786721946 23591.3059473 111 0.124470998257
3.11301439274 2.39203305099 2.58258539948 2.80208593203 23281.7225391 108 0.123956697794
2.73902167692 2.17525400264 2.36628541453 2.44197738164 21621.3980267 94 0.123446629907
2.73550303971 2.17362158426 2.36544848748 2.43702149649 21662.9139674 94 0.122940742562
2.94557394849 2.29735383806 2.49438110532 2.62976925423 22743.0808216 102 0.122438984573
3.08787295767 2.37809239164 2.57000620603 2.77369698482 23159.4292524 107 0.121941305585
3.31170200977 2.50370525096 2.68684654624 2.99951098862 23831.6678307 115 0.12144765606
3.20113710729 2.44165435707 2.62885171559 2.88861122456 23484.6506925 111 0.120957987259
2.83934710587 2.23464445305 2.42894310284 2.53250342364 22239.7927995 98 0.120472251225
2.84940136028 2.23988856279 2.43290763107 2.54661786986 22086.0804439 98 0.119990400768
3.25579280171 2.47628612452 2.66952559893 2.93017311384 24135.4522451 114 0.119512389451
3.381442812 2.54583619654 2.73176687021 3.06171046086 24279.5886246 118 0.119038171574
3.69568917516 2.71172043917 2.87275439401 3.39970732785 24629.5631991 128 0.118567702158
3.04543975545 2.35186790166 2.54002995663 2.7432019562 22765.1772845 105 0.118100936934
3.07759920563 2.37383244648 2.56818548133 2.76198605531 23295.8613837 107 0.117637832327
2.99883785375 2.32800664479 2.52479502941 2.67802377203 22951.8704686 104 0.117178345442
2.99669552966 2.32659771527 2.52254757735 2.6790690507 22994.6990386 104 0.116722434052
2.90946002261 2.28292058139 2.46813606767 2.6573845458 22094.4096946 100 0.116270056585
2.81901718334 2.22333502032 2.41851956616 2.51463297597 22028.0864162 97 0.11582117211
4.02459676723 2.89694021144 3.05336757332 3.705886474 25923.2565906 141 0.115375740328
4.98399707794 3.39511783337 3.50940383202 4.68453640529 27358.9956431 174 0.114933721554
3.19144237335 2.43774412632 2.6275252789 2.87711231914 23596.113197 111 0.114495076712
4.18905770367 2.96810499726 3.09399945602 3.94377583026 25340.533188 144 0.114059767318
3.39678799112 2.5507040552 2.72986051132 3.08486934111 24067.1729895 118 0.113627755473
3.13062480029 2.4036537849 2.5986881143 2.80456535504 23538.1507217 109 0.113199003849
3.11824905198 2.39493746602 2.58496990039 2.80597299645 23217.1381898 108 0.112773475679
3.02635160044 2.3440074309 2.53956042795 2.70890600753 23071.2346453 105 0.112351134746
2.97937505459 2.31583238899 2.5098766442 2.66705554876 22742.8236209 103 0.111931945377
2.88055705061 2.26523841886 2.45167870313 2.6220770696 22031.5231877 99 0.111515872426
3.00853802324 2.33236437279 2.52503377373 2.69761927556 22814.9261374 104 0.111102881268
3.10096105136 2.38759800499 2.58329560236 2.77816482201 23463.5598987 108 0.110692937791
3.42020502715 2.56375849183 2.74319801878 3.10511528113 24200.9513789 119 0.110286008382
3.05855514071 2.361604224 2.5547868094 2.74340093427 23091.1251817 106 0.109882059922
2.96553362788 2.30914292764 2.50565293338 2.64972975294 22914.7557605 103 0.109481059777
4.33183343054 3.04976846835 3.17626051118 4.07749728991 25846.831127 150 0.109082975784
2.99431207816 2.32573130411 2.52190610823 2.67920673991 23002.0731152 104 0.108687776248
3.18398582509 2.43466301161 2.62804639423 2.85960303574 23750.9687093 111 0.108295429933
2.80488726939 2.22043341159 2.40398797841 2.55531391571 21566.9488074 96 0.10790590605
3.0643628553 2.36408007428 2.55497804619 2.75388779754 22995.0233635 106 0.107519174253
3.28225617275 2.48745144647 2.67221318993 2.96824143987 23772.678008 114 0.107135204628
2.97896605001 2.31557233326 2.50937592982 2.66696372405 22737.9210106 103 0.106753967689
4.17021886992 2.96612047843 3.10690268625 3.86440433632 25792.5243015 145 0.106375434366
3.21312076879 2.4508318734 2.64247443826 2.89067556017 23796.8269264 112 0.105999576002
3.45011536057 2.58564498077 2.77184409963 3.11889789506 24716.6107067 121 0.105626364341
3.33323589179 2.5166815038 2.70104989438 3.0155719156 24017.0837832 116 0.105255771525
3.15187299324 2.41710381565 2.61274104275 2.82509595471 23713.6882059 110 0.104887770086
3.37506539611 2.53902364667 2.70115853944 3.12903074117 23387.1927202 116 0.104522332938
3.26734661556 2.48132611061 2.67124598733 2.94903007388 23964.9593403 114 0.104159433373
4.16026171562 2.96284056388 3.10639533402 3.8416210041 25903.5778754 145 0.103799045049
2.76711671155 2.19183248846 2.38326896647 2.47015996398 21725.3573373 95 0.10344114199
3.12149638198 2.39610311977 2.58434069265 2.81467820694 23145.5043805 108 0.103085698577
3.00517219842 2.33084878952 2.5247086109 2.69182239487 22861.1994417 104 0.102732689542
3.37096513522 2.54083783923 2.72920783182 3.04222315543 24421.0294206 118 0.10238208996
3.25176989567 2.47125228524 2.6578556002 2.94621231767 23701.6753832 113 0.102033875247
2.99693677583 2.32683997916 2.52190339208 2.68438526166 22967.0076788 104 0.101688021151
3.02324594397 2.34214305979 2.53728447395 2.70950720012 23071.8922642 105 0.10134450375
4.19612645143 2.98073774059 3.12119382634 3.88502601398 25921.729535 146 0.101003299441
4.24011149786 3.0076877735 3.1504699461 3.92862208172 26163.920721 148 0.100664384941
3.21250609312 2.44995642029 2.64235330694 2.88550880522 23816.9056188 112 0.100327737275
3.34579442745 2.52573887942 2.71406563078 3.02099695666 24278.7070352 117 0.0999933337777
3.40586081042 2.558799809 2.74303312998 3.08144423725 24392.7623017 119 0.0996611520829
3.03183285885 2.34205952605 2.51052035452 2.78451172065 21947.5321077 103 0.0993311701212
3.10137045435 2.38774439889 2.58368055079 2.77740684628 23478.4240646 108 0.0990033661144
2.87354611735 2.25433571455 2.448727806 2.56566312179 22255.1043861 99 0.0986777185711
2.91149780814 2.27847177331 2.47791174175 2.59144693837 22746.134303 101 0.0983542062816
3.14782726852 2.41129318455 2.59824302948 2.84573021442 23220.618542 109 0.0980328083132
3.24017083386 2.46554479769 2.65645791528 2.91698378101 23899.0931319 113 0.0977135040063
2.92378960527 2.28484469209 2.47997976216 2.61649096287 22521.3235283 101 0.0973962729693
2.87900245617 2.26056992199 2.46098988125 2.56125454567 22692.1661474 100 0.0970810950748
3.19809274441 2.44044415418 2.6286782273 2.88399175571 23523.6980134 111 0.0967679504548
3.01708264152 2.33927450428 2.53607943849 2.69866840691 23160.2529708 105 0.0964568194971
2.95913847817 2.3069510032 2.50778926597 2.63404880257 23054.4547295 103 0.0961476828408
3.01118595549 2.33327248123 2.52411138758 2.7051463725 22751.2150274 104 0.0958405213724
3.16115695895 2.41682088909 2.58379942208 2.90899898032 22561.0465143 108 0.0955353162219
3.31028583096 2.50301656178 2.68666713412 2.99605185591 23857.4871532 115 0.0952320487588
6.14047141834 3.99046739854 4.08057651977 5.8478051611 29031.4732239 215 0.0949307005886
4.46787575401 3.13443870554 3.2755293736 4.14744888907 26898.2862078 157 0.0946312535487
3.11299129989 2.39202443397 2.58264789452 2.80172792379 23284.6823584 108 0.094333689705
3.09111452544 2.37948958852 2.57006359653 2.77981863471 23106.6909033 107 0.0940379913485
3.06481251773 2.36439069151 2.5554874269 2.75401838961 23003.1318898 106 0.0937441409912
2.94603436672 2.29697102435 2.49195945747 2.63465862433 22715.5120469 102 0.0934521213632
2.93241305549 2.29046475315 2.46676299217 2.68784196736 21809.0313122 100 0.093161915409
4.01806233784 2.89511745648 3.05377500493 3.69586766291 25999.6755303 141 0.0928735062844
3.14861592029 2.41246056998 2.60193884225 2.84079300245 23232.6784777 109 0.0925868773532
3.31115662459 2.49155437515 2.64068695475 3.07820595242 22483.4229668 112 0.0923020121839
3.12502470363 2.39839833723 2.5849609051 2.83329733023 23036.724057 108 0.0920188945463
3.06442150124 2.36400008543 2.55313230927 2.76195329063 22978.952481 106 0.0917375084093
3.13404364857 2.40502317466 2.59693490298 2.81967049697 23454.2538011 109 0.0914578379367
4.27578200629 3.03132840906 3.17780186357 3.96215816751 26402.4951341 150 0.0911798674853
3.13954348035 2.40794075009 2.5993201738 2.8232345474 23392.7091779 109 0.0909035816011
2.94102629849 2.2954766421 2.4911680645 2.63253464081 22760.5623231 102 0.0906289650172
3.51361652704 2.61858625604 2.7994954806 3.18335402351 24758.7470855 123 0.0903560026504
4.07411017564 2.91802544191 3.06648385489 3.767400835 25724.3920273 142 0.0900846795988
3.16022429012 2.41631190224 2.60078909327 2.85531589891 23109.1472583 109 0.0898149811389
3.09051893903 2.37945650732 2.57158203754 2.77518774189 23116.2561978 107 0.0895468927228
3.33612528017 2.51771903745 2.70086827051 3.02057573396 23967.253917 116 0.0892803999762
2.93833491129 2.29634497985 2.47954868029 2.67494992809 22240.319104 101 0.089015488695
3.6373692303 2.68612773291 2.85863400085 3.3302031772 24889.7951819 127 0.0887521448435
2.99275069776 2.32554558995 2.52395837398 2.67075807934 23076.0013741 104 0.0884903545514
2.94058276996 2.29723833597 2.47974109021 2.67810651091 22183.802731 101 0.0882301041115
3.13739914119 2.40707431445 2.5992794141 2.81940665322 23438.7459169 109 0.0879713799777
3.43055502371 2.57311252533 2.75802254525 3.10948875329 24503.8825688 120 0.0877141687621
3.00079816305 2.32886993013 2.52506680494 2.68093704646 22929.3770851 104 0.0874584572328
3.05275191611 2.35916799209 2.55412517179 2.7345854382 23178.178863 106 0.0872042323121
3.15880432677 2.41940631825 2.61152309026 2.84174410569 23572.7414531 110 0.0869514810736
4.47524273824 3.12297302037 3.24704042323 4.18804412799 26258.4724808 155 0.0867001907404
2.95154086243 2.30864668731 2.49669508556 2.69071348683 22475.0220648 102 0.0864503486831
3.34175247651 2.52400058399 2.71374182156 3.01332070695 24340.5987843 117 0.0862019424171
3.61650244395 2.67318938407 2.8446481846 3.3034183039 24754.9440503 126 0.0859549596012
3.61642099296 2.67398281338 2.84503753404 3.308593937 24714.1682718 126 0.085709388035
3.70970236545 2.71307366345 2.8549710754 3.46231592923 24099.4185684 127 0.0854652156572
3.67778651487 2.71053881214 2.88621730587 3.35271225296 25212.554462 129 0.0852224305437
3.10705650502 2.38566682638 2.55394671833 2.85433390198 22365.4471853 106 0.0849810209053
3.26468260499 2.47602167553 2.65863851396 2.9566521823 23561.3970476 113 0.0847409750862
2.89027298892 2.26527981397 2.46426180847 2.57057939593 22537.630415 100 0.0845022815616
5.11749589391 3.4734545554 3.59378094582 4.79429159379 27892.2299283 180 0.0842649289366
3.15651152791 2.41917010357 2.6131594118 2.83374321524 23642.0039564 110 0.0840289059436
2.99182903065 2.3251332165 2.52374333427 2.66969693428 23081.7031346 104 0.0837942014413
3.03335945175 2.34694860509 2.54016459276 2.71984788373 22959.3805549 105 0.083560804412
3.17599847007 2.42702172873 2.61288742472 2.87375280408 23305.1351538 110 0.0833287039609
2.95141205768 2.29966056912 2.49411339905 2.63894400854 22646.5211084 102 0.0830978893136
3.01241151841 2.33392528694 2.52505694722 2.70418871646 22754.8919753 104 0.0828683498149
3.02809831316 2.34458583066 2.53935086216 2.71130488967 23038.8869567 105 0.082640074927
3.34453815301 2.5145504631 2.66933652545 3.09958021357 22983.012978 114 0.0824130542278
3.80765479802 2.7776532083 2.94197104329 3.49818594611 25259.9896706 133 0.0821872774095
2.93250359705 2.29160602694 2.49262416171 2.60899485097 22944.4457289 102 0.0819627342768
2.97230316817 2.31299602886 2.50967840992 2.65696214313 22841.72049 103 0.0817394147458
3.24348040694 2.46714577129 2.6571105071 2.92308180833 23860.6349396 113 0.0815173088419
2.80012134801 2.21311655452 2.41139495326 2.48499841698 22304.0545915 97 0.0812964066988
3.19309239464 2.43771753848 2.62736444436 2.87591355691 23591.6493985 111 0.0810766985568
2.88286411651 2.26518880036 2.44982533295 2.62278252892 22005.2110005 99 0.0808581747615
3.04431573686 2.35556525352 2.55363587663 2.7201116485 23311.5242312 106 0.0806408257621
3.2198618384 2.45306042096 2.64212533283 2.90252544709 23690.3331266 112 0.0804246421103
4.73868687803 3.26438987631 3.38575661499 4.44055182691 26901.0844485 165 0.0802096144591
4.41885577642 3.09965113152 3.23314486949 4.10936699651 26434.5171427 154 0.0799957335609
3.4157457388 2.56315775785 2.74485173864 3.09814961909 24292.4397217 119 0.0797829902665
2.80181825419 2.22392434241 2.41936461663 2.53306405921 22144.2979708 97 0.0795713755238
3.04924890542 2.35737931201 2.55415810036 2.72493011436 23219.372196 106 0.0793608803767
3.22538624143 2.45578986328 2.64393395297 2.90633495157 23642.8738017 112 0.0791514959633
3.09910645796 2.38680961146 2.58392710488 2.77161259918 23503.2446822 108 0.0789432135151
2.77279231367 2.19818173296 2.39796533741 2.45929717877 22192.1239145 96 0.0787360243557
3.11836919419 2.39477764085 2.58551547935 2.80175422488 23234.0067002 108 0.0785299198995
3.13711760327 2.40715100939 2.59945227444 2.82703247082 23371.7587266 109 0.0783248916506
3.96724276484 2.86026565882 3.01105918681 3.6597051206 25435.7044742 138 0.0781209312015
3.12999372976 2.40328892374 2.59660643739 2.81261172803 23495.1994312 109 0.0779180302322
3.07737490585 2.37301521148 2.56700275541 2.76151865849 23283.7464228 107 0.0777161805088
2.7399722482 2.18409995935 2.37398514669 2.47999415781 21537.5813065 94 0.0775153738825
3.25928197927 2.47376281675 2.65788519989 2.94867354902 23616.3593009 113 0.0773156022885
4.09558312766 2.92442063886 3.06600779567 3.79487232383 25544.4175215 142 0.0771168577451
2.85794940318 2.24750887696 2.4459700644 2.5448275295 22482.7651357 99 0.0769191323522
3.00195357785 2.3263826394 2.49586665071 2.75822112452 21854.3023163 102 0.0767224182906
3.22840551595 2.45697710412 2.6432151273 2.91542155584 23575.4719484 112 0.076526707821
3.13346759997 2.40476304334 2.59692840742 2.81831419886 23463.850831 109 0.0763319932828
3.10709993044 2.38954013145 2.58202739054 2.79199207265 23350.9180649 108 0.076138267093
3.43978244468 2.57656886288 2.75761694802 3.11889457132 24397.2708186 120 0.0759455217457
4.28589606022 3.04069803069 3.19246946559 3.9619948946 26680.8189392 151 0.0757537498106
3.26387231997 2.48013876155 2.6715181394 2.93780748387 24041.3377105 114 0.0755629439323
3.47881026211 2.59694430651 2.77398869912 3.1654091074 24362.8464467 121 0.0753730968293
2.79935447769 2.21376494303 2.41409849715 2.4838919539 22334.9789416 97 0.0751842012932
3.05045644683 2.35810485139 2.55390964277 2.7304968862 23208.452562 106 0.0749962501875
3.11047425605 2.39163910837 2.5842903553 2.79340921835 23319.5115823 108 0.0748092364471
3.01836621982 2.33901218183 2.51207122428 2.77581337414 22087.4436664 103 0.074623153077
3.21222004716 2.45056751631 2.64269592064 2.88882303565 23821.3419634 112 0.0744379931517
3.35424662995 2.52904056908 2.7147201579 3.03328888746 24188.379835 117 0.0742537498144
3.01073857918 2.33324393332 2.52495132948 2.7016158466 22775.4096837 104 0.0740704162757
3.52237482619 2.61834527183 2.7722702763 3.28269118966 23742.8444601 121 0.0738879858135
2.80898239146 2.21790777738 2.41632390254 2.49464732049 22200.8823555 97 0.0737064517714
3.08254195125 2.37576612911 2.56938764951 2.76525885316 23232.4552223 107 0.0735258075585
4.01324231767 2.88649137229 3.0392792087 3.70691240548 25658.637239 140 0.0733460466481
3.28507912769 2.48859049969 2.67237478754 2.97298153936 23735.9074714 114 0.0731671625774
3.10721412729 2.39028465912 2.58307101287 2.79252531334 23358.2534118 108 0.0729891489465
4.30980487702 3.04793898818 3.19250219433 3.98999174619 26484.1301425 151 0.0728119994175
3.08844334264 2.37822542092 2.5695885747 2.77533851288 23137.811108 107 0.0726357077139
3.05403004504 2.3597180509 2.55317823209 2.7410356049 23117.5701373 106 0.0724602676199
4.04238704277 2.90211561608 3.05274789179 3.72971613679 25719.4367627 141 0.0722856729796
3.14797112424 2.4155104184 2.61244012735 2.81931302079 23769.5149521 110 0.0721119176963
2.87095538718 2.25327452877 2.44600140743 2.57059762658 22262.0886426 99 0.0719389957316
3.07858385593 2.37759163316 2.55731917054 2.82187259806 22688.8821173 106 0.0717669011052
3.05772228166 2.36127823134 2.55566595003 2.73855579564 23107.3787893 106 0.0715956278937
3.10945393149 2.39058511441 2.582125216 2.79713227493 23319.7663807 108 0.07142517023
2.81314207043 2.22011892256 2.41733653908 2.50276979052 22121.5161549 97 0.071255522303
2.88834232875 2.26464924992 2.46337152414 2.57185504959 22564.0904435 100 0.0710866783565
3.26377002841 2.47959874182 2.6703776431 2.94272715261 24005.8814428 114 0.0709186326888
2.87610645239 2.25848752358 2.43659595552 2.63074965585 21579.3069114 98 0.0707513796519
3.2577191479 2.47322090394 2.65813711992 2.9450403547 23655.7682486 113 0.0705849136511
4.29964687885 3.03766684515 3.17699232336 3.98900630984 26196.8372134 150 0.0704192291442
3.16700929652 2.4234595656 2.614011179 2.8496493611 23501.9986674 110 0.0702543206407
3.17027206352 2.42475822639 2.61390622237 2.85614840683 23433.4080425 110 0.0700901827017
2.89212609727 2.26622889989 2.46326677916 2.57772612028 22503.0897814 100 0.0699268099389
3.0153058667 2.34391396595 2.52746443903 2.75904106754 22571.4922036 104 0.0697641970141
3.15585392797 2.41816872483 2.61145793216 2.83611146314 23626.5299635 110 0.0696023386386
3.6206616201 2.67490150152 2.84505646001 3.31030741468 24698.3943103 126 0.0694412295727
2.89232118234 2.26649324405 2.46388985076 2.57867422435 22500.8490678 100 0.0692808646252
3.93397584412 2.84378371312 2.99832603932 3.63169070065 25431.1702206 137 0.0691212386526
2.6793023443 2.14171767519 2.33814902643 2.37532208193 21482.304065 92 0.0689623465588
3.56574355142 2.64438749581 2.81667104033 3.25667424858 24543.6885054 124 0.0688041832943
2.94602341012 2.30617110913 2.49635550618 2.68017945855 22563.0024124 102 0.0686467438561
2.76537691762 2.19461514137 2.37496219058 2.52020917438 21136.073575 94 0.0684900232866
4.07376489562 2.92478334443 3.08132592008 3.74637769903 26140.0698313 143 0.0683340166735
3.15441754593 2.41776642264 2.61236389727 2.8308129298 23671.7434641 110 0.0681787191491
3.7938802012 2.76743121184 2.92841766603 3.49042188071 25076.9124543 132 0.06802412589
2.89289132985 2.27531813916 2.46618599948 2.62838882149 22331.5729231 100 0.0678702321162
3.39712781866 2.55563379564 2.74311704604 3.06907917526 24502.6062254 119 0.0677170330911
3.15744982119 2.41882967895 2.61158808719 2.83865677008 23605.1338568 110 0.0675645241205
3.25596055925 2.47252074483 2.65805395881 2.94246177904 23676.7609046 113 0.0674127005528
5.05396565346 3.4281074831 3.53837163018 4.76202499637 27436.3966881 176 0.0672615577777
3.67628821281 2.7057507296 2.87276532778 3.37052743243 24818.4106772 128 0.0671110912263
2.86349795349 2.24894540896 2.44412056343 2.55315227811 22405.2606187 99 0.0669612963707
3.00621142728 2.33127153025 2.52252184077 2.70268446897 22819.0047834 104 0.066812168723
3.61313706509 2.67118110483 2.84402812947 3.29588832726 24810.3187401 126 0.0666637038354
3.12351757266 2.39772670597 2.58683905604 2.81620268123 23125.359561 108 0.0665158972995
3.19250186409 2.4381906737 2.62768126564 2.87865536812 23589.8488426 111 0.0663687447458
2.95956946964 2.30706626692 2.50755647803 2.63490972908 23054.1452823 103 0.0662222418436
2.75175281182 2.18483228293 2.38224852439 2.44261356403 21965.3704064 95 0.0660763843003
4.02439297298 2.8965003581 3.05370042771 3.70537662249 25941.0516781 141 0.0659311678608
3.38691607533 2.54673796466 2.72937662379 3.06758243629 24206.5593088 118 0.0657865883075
4.39832614059 3.09343987874 3.23286879502 4.08146274252 26555.8455017 154 0.0656426414599
4.05089173132 2.89839573724 3.03791774596 3.75681075287 25316.1167372 140 0.0654993231737
3.25449149472 2.47186866741 2.65843128237 2.93615041272 23709.3658527 113 0.0653566293408
DEBUT ITERATION : 1
3.05226867391 2.34622472549 2.50003743315 2.83850650127 21330.0264032 102 0.49983338887
2.53776962149 2.05529941708 2.2279951912 2.19094658321 20999.002608 87 0.491642084562
2.25429644215 1.88256114041 2.00288289296 1.90623226698 19756.9117514 77 0.483714930668
2.19713693387 1.8463013358 1.94974512529 1.84842017914 19541.167321 75 0.476039352586
2.20256986513 1.8498436632 1.95427173558 1.85793031159 19420.5510409 75 0.468603561387
2.25618040702 1.88388349131 2.00608513744 1.91003005712 19723.2573862 77 0.461396493387
2.37091384364 1.95450273123 2.08976538832 2.0256755799 20245.6543148 81 0.454407755226
2.37791356215 1.95863704406 2.09651318 2.03731737901 20094.6032408 81 0.447627573859
2.37571198039 1.9575058466 2.0935387313 2.03421320912 20165.795819 81 0.441046750956
2.16144628725 1.82427114916 1.92358160844 1.80919429114 19485.9491306 74 0.434656621269
2.22433809607 1.86361280312 1.97474567796 1.87528038707 19698.6624601 76 0.428449014567
2.34554952151 1.93880651509 2.07153680179 2.00215291659 20082.5389305 80 0.422416220783
2.37309103072 1.95561221779 2.09055661353 2.02830632755 20198.7396912 81 0.416550958067
3.16934456816 2.42070732154 2.6060787689 2.83808758968 22975.0226531 109 0.410846343468
6.88298509675 4.1023975204 4.10993556462 6.88298509675 29054.5219143 217 0.405295865982
6.88168990717 4.10216902232 4.10979488419 6.88168990717 29025.4522002 217 0.39989336177
7.09594252288 4.22615984313 4.23483086512 7.09548548075 29315.8093469 226 0.394632991318
2.53699026168 2.05570055173 2.23008048519 2.18989158353 20970.2554228 87 0.389509218385
2.30869079306 1.91669894366 2.03794330345 1.95952488683 20037.1252129 79 0.384516790567
2.22420309696 1.8635434502 1.97457889652 1.87485059756 19682.8406669 76 0.379650721336
2.37180368046 1.95500976832 2.08963726515 2.02729151261 20222.7173579 81 0.374906273432
2.4842874783 2.02294257825 2.17949193013 2.13906835 20736.4853763 85 0.370278943471
7.30967476354 4.33703430457 4.34594091384 7.30873628874 29528.1555165 234 0.365764447696
2.37497714656 1.95681329104 2.0910869036 2.03177012593 20164.5393828 81 0.361358708745
2.27456926615 1.89653290183 2.0153769383 1.92401060055 19962.237023 78 0.357057843371
2.22344710803 1.86313076475 1.97402742677 1.87378106108 19698.4964834 76 0.352858151023
2.25915030556 1.88573722411 2.00648280161 1.91518593117 19666.4801617 77 0.348756103232
2.28494574145 1.90196553397 2.02573186442 1.93945326766 19828.7604915 78 0.344748333716
2.26662336416 1.89131890574 2.00789639199 1.9097050774 20127.8825828 78 0.340831629175
2.46009595879 2.00899998411 2.1664323717 2.11850328236 20493.8192188 84 0.337002920692
2.23188686077 1.86862366412 1.97841204776 1.868317894 20180.4155994 77 0.333259275717
7.3414083717 4.33821648334 4.3459992048 7.3414083717 29567.1397308 234 0.329597890574
2.36577628302 1.95239906788 2.09212993574 2.01841646149 20254.0455726 81 0.32601608346
2.25236240165 1.88133445437 2.00049551993 1.90347641771 19820.9317664 77 0.322511287895
2.25755131619 1.88460399795 2.00576089043 1.91218148439 19693.493592 77 0.319081046586
2.25753214929 1.88472063697 2.0062077861 1.91238972831 19692.0329787 77 0.315723005683
2.40025385427 1.97256505876 2.11670897576 2.05620935863 20340.3020685 82 0.312434909394
7.03965165998 4.17226083365 4.17931774364 7.03965165998 29215.6542895 222 0.309214594929
2.25890659299 1.88561259326 2.00649666236 1.9148394477 19668.1172974 77 0.306059987758
2.25713646415 1.88441909244 2.00661632455 1.91129569294 19706.7929381 77 0.302969097152
7.47501239579 4.40762779018 4.41542966493 7.47501239579 29713.6091664 239 0.299940011998
7.3948268831 4.35305984334 4.35978478945 7.3948268831 29618.0096395 235 0.296970896852
2.32319473447 1.92564945173 2.05218196004 1.96409642748 20448.5793001 80 0.294059988238
2.48465916512 2.0241827823 2.1815794356 2.1414863536 20686.0416314 85 0.291205591147
7.3225177949 4.24723942535 4.24878211167 7.3225177949 29562.199701 227 0.288406075755
2.32216694385 1.92478773732 2.05066444835 1.96144896909 20468.6122881 80 0.28565987431
2.45651329924 2.00687461577 2.16156704695 2.11183937013 20565.0922749 84 0.282965478212
2.34242455458 1.93652679272 2.06793112302 1.99531739325 20120.3318645 80 0.280321435246
2.20061136721 1.84861015892 1.95103314737 1.85454481091 19459.7262011 75 0.277726346973
2.56832188722 2.07363019364 2.25027029276 2.22361639429 21062.9882121 88 0.275178866263
2.27923930979 1.89836809605 2.01755520574 1.92973181507 19963.6028614 78 0.272677694965
2.39930828767 1.97201222569 2.11587999752 2.05439170522 20360.3653445 82 0.270221581697
2.77221372252 2.19608205127 2.4076428506 2.41501996697 22245.6301146 96 0.267809319764
2.399287624 1.97171172321 2.11526686177 2.05313511247 20347.4696705 82 0.265439745178
2.25504239148 1.88303321095 2.00418019275 1.90758986963 19744.6042993 77 0.263111734783
2.28561267559 1.90241059624 2.02641340034 1.94065155646 19818.3125768 78 0.260824204486
2.25611580222 1.88378209223 2.00581783231 1.90985173882 19724.047177 77 0.258576107568
2.16132172784 1.8241697608 1.92344553639 1.80889274267 19488.877192 74 0.256366433088
2.39726480311 1.97055241557 2.11350239978 2.04967302044 20380.9975674 82 0.254194204372
6.79367283439 4.06023581994 4.06808249741 6.79367283439 28928.8347019 214 0.252058477567
2.47989895907 2.02119795284 2.17543422656 2.13219703732 20778.0238006 85 0.249958340277
6.83454587461 4.08756111053 4.09595554155 6.83454587461 28984.4507124 216 0.247892910263
2.22544711144 1.86411898657 1.97533928677 1.8763196692 19669.9120536 76 0.245861334208
2.37341792405 1.95574984469 2.09040677108 2.02872736919 20194.315929 81 0.243862786539
2.45387190985 2.00522846851 2.15744245521 2.10712648578 20602.5326206 84 0.241896468312
6.7343803385 4.04501786516 4.05430549809 6.73390523987 28861.7245882 213 0.239961606143
6.96415226488 4.1439859356 4.15153305612 6.96415226488 29145.8831842 220 0.238057451198
6.88961968713 4.11506164415 4.12373146551 6.88961968713 29039.2429901 218 0.236183278224
2.28523804794 1.90212097434 2.02593595906 1.93992257661 19823.174325 78 0.234338384627
2.34758588693 1.93991403129 2.07366678117 2.00495296944 20022.7250683 80 0.232522089599
6.98842909915 4.14480095097 4.15154280456 6.98842909915 29167.3714756 220 0.230733733272
2.40177424348 1.97334116447 2.11790101561 2.05766931007 20307.8444112 82 0.228972675927
2.53967317471 2.05680665555 2.22819931009 2.19644475749 20981.5994696 87 0.227238297228
2.31860196568 1.92174860246 2.05306076354 1.97476829485 19925.5179607 79 0.225529995489
2.61952958018 2.10522211616 2.29083774256 2.2717606554 21329.9820993 90 0.223847186987
7.15565826045 4.24128766843 4.24878483322 7.15565826045 29376.4236278 227 0.222189305288
2.46988934539 2.01644503558 2.17672439439 2.11710086792 20887.2227261 85 0.220555800618
6.81365710281 4.0737073185 4.08214489244 6.81365710281 28953.87056 215 0.21894613925
2.57561465584 2.07876146892 2.25964665085 2.24244830195 20944.3050479 88 0.217359802927
2.37105900871 1.95434124362 2.09010663799 2.02467309162 20232.5460346 81 0.215796288304
2.57029614579 2.07506684356 2.25294915675 2.22904331852 21038.5441794 88 0.214255106413
2.40040652523 1.97245177779 2.11646926027 2.05521027377 20328.6634802 82 0.212735782159
7.49753595841 4.33076414994 4.33205934487 7.49753595841 29734.5809434 233 0.211237853823
2.25479414273 1.88285505619 2.00366134737 1.90704800553 19751.7196429 77 0.209760872605
7.06860696946 4.19917508926 4.2070851129 7.06860696946 29262.8311847 224 0.208304402166
2.19604248848 1.84554945682 1.94936076201 1.8464889225 19558.6614429 75 0.206868018204
2.21167032663 1.85613926367 1.96159663351 1.85466318925 19870.4746038 76 0.20545130804
2.39875062145 1.97140144844 2.11479410164 2.05222505011 20354.9371913 82 0.204053870222
2.39708759017 1.97060384882 2.11364389368 2.05042500808 20394.5457006 82 0.202675314147
2.39991195977 1.9721550149 2.11600378725 2.05437075589 20334.4539686 82 0.201315259697
2.48525068646 2.02433242493 2.18145232857 2.14142174806 20662.5738496 85 0.199973336888
2.37526167162 1.95696379674 2.0917714612 2.03242353447 20151.3657051 81 0.198649185538
2.71018071099 2.15771901239 2.36733069319 2.36733069319 21564.2709435 93 0.19734245494
2.81833510974 2.22116172632 2.42426828432 2.47915622402 22043.7417518 97 0.196052803555
7.17384497248 4.26766555632 4.27651181533 7.17301924834 29394.9058539 229 0.194779898714
2.25756588495 1.88462756003 2.00648134081 1.91193289042 19700.5536505 77 0.193523416333
2.25196252517 1.88102010846 1.99905916835 1.90213210211 19816.0426706 77 0.192283040636
2.27648687206 1.89669645732 2.01492406534 1.92487560605 20000.7511274 78 0.19105846389
2.46468468611 2.01196390078 2.16718969109 2.1062171691 21069.1674194 85 0.189849386154
2.25748418955 1.88473900939 2.00639492562 1.91236508987 19698.2919869 77 0.18865551503
7.18546087866 4.25525631666 4.26269575265 7.18546087866 29404.2740395 228 0.187476565429
7.15076572771 4.25397898034 4.26269456133 7.15036265187 29375.7736197 228 0.186312259347
2.57423406703 2.07681606134 2.25566872959 2.2336078714 20952.1824239 88 0.185162325639
2.39683786501 1.97043573613 2.11337680946 2.04991165494 20401.4612502 82 0.184026499816
3.22933476229 2.45875455702 2.64963327112 2.88532284344 23481.3203772 112 0.182904523839
6.90266408156 4.11575756328 4.12373417725 6.90266408156 29060.9125189 218 0.181796145922
6.98467995178 4.17023492745 4.17931700224 6.98467995178 29163.337525 222 0.180701120347
2.34797905144 1.94016180627 2.07409683633 2.00544053345 19993.8416134 80 0.179619207281
2.3995785803 1.97195811215 2.11569910624 2.05378151037 20342.4859965 82 0.178550172598
2.5686564628 2.07381889857 2.25057863608 2.22409283979 21035.7304593 88 0.177493787717
2.37238825396 1.9554031072 2.08992081846 2.02833259963 20216.8334383 81 0.176449829432
7.17162800051 4.16411568703 4.16534400875 7.17162800051 29378.2557267 221 0.175418079757
2.37180636151 1.95507866443 2.09020112517 2.02716736586 20234.9785881 81 0.174398325776
2.33927950098 1.93591894448 2.06776432316 1.99293941792 20098.9250915 80 0.173390359496
2.45619276884 2.00668996955 2.1610697436 2.11132326475 20567.6385085 84 0.172393977704
2.27902337661 1.89828869393 2.01723007863 1.92927399904 19956.0425572 78 0.171408981831
2.1349547382 1.80720793062 1.89848429269 1.78379547624 19329.1369588 73 0.170435177821
2.48735596628 2.02558102101 2.18511730384 2.14516132039 20599.7085102 85 0.169472376003
2.20310379771 1.85016996854 1.95513401433 1.85883006824 19411.3983701 75 0.168520390967
6.94406266166 4.13044478749 4.13763987792 6.94406266166 29129.0792061 219 0.167579041448
2.40352500958 1.97438458748 2.11949553722 2.06092755645 20275.4194696 82 0.166648150206
2.26035658265 1.88651911942 2.00659348274 1.91744770565 19632.2498011 77 0.165727543918
2.51171999629 2.04034855374 2.20552257853 2.16664207516 20808.0390483 86 0.164817053071
2.25360236693 1.88216812269 2.00223219187 1.9054181883 19786.5839008 77 0.163916511857
2.36038347156 1.94919856244 2.08795505719 2.00926621491 20360.4705238 81 0.16302575807
2.19627710518 1.8455993844 1.94965158039 1.846448791 19558.0573405 75 0.162144633013
2.37076005441 1.95423762794 2.09024936643 2.02431020203 20235.0145234 81 0.1612729814
2.34798763237 1.94016435112 2.07408682828 2.00543304849 19993.4050573 80 0.160410651267
7.01829770229 4.17169791814 4.17936661939 7.01829770229 29208.9949019 222 0.159557493884
6.69651289615 4.01785885975 4.02653797402 6.69651289615 28811.2261421 211 0.158713363665
2.27803516499 1.89762100074 2.01623274806 1.92747037283 19976.0545956 78 0.157878118093
7.22128576362 4.28215131841 4.29041240259 7.22128576362 29440.325062 230 0.157051617632
2.25299189104 1.88172229264 2.000820179 1.90401547127 19776.5910903 77 0.156233725654
2.5174990547 2.04296304853 2.20938858842 2.1763885808 20735.6355528 86 0.155424308362
6.76436235364 4.04612608716 4.05423564995 6.76436235364 28884.3878703 213 0.154623234718
2.30486602917 1.91443196036 2.03531139087 1.95362771725 20130.3403002 79 0.153830376372
2.27694418766 1.89689526015 2.01525844542 1.92562850823 20009.6720342 78 0.153045607591
2.28001340281 1.89896194296 2.01871175242 1.93104949393 19939.3940989 78 0.152268805197
2.31257560527 1.91922989677 2.04484795385 1.96669771913 19972.5266423 79 0.1514998485
2.23038511704 1.86761516116 1.98045624874 1.88590960786 19552.6577342 76 0.150738619234
6.73741063636 4.04517530736 4.05433357783 6.7372795475 28868.2918386 213 0.1499850015
7.11773886594 4.23984487846 4.24881009738 7.11688682068 29337.6185733 227 0.149238881703
2.40135553541 1.97303837082 2.11739697839 2.05683834702 20316.9535732 82 0.1485001485
2.18322262836 1.83806111775 1.94178949135 1.82617934714 19749.5058221 75 0.14776869274
2.33687686985 1.9343363875 2.06540457574 1.98818003947 20150.9463203 80 0.147044407411
2.34286828458 1.93704684128 2.06882762731 1.99732126719 20124.4054554 80 0.146327187591
2.3046631635 1.91423716265 2.03524954467 1.9528221525 20122.5291899 79 0.145616930395
2.18328164659 1.83801957949 1.94147603737 1.82594102202 19753.6224393 75 0.144913534924
7.07949841346 4.1995773337 4.20708438249 7.07949841346 29279.7097761 224 0.144216902221
7.00690855457 4.17100714876 4.17927968467 7.00690855457 29182.4159671 222 0.143526935222
2.64711917938 2.12270971293 2.31967029326 2.30229140558 21367.6868997 91 0.142843538711
2.45264647067 2.00460691446 2.15649002034 2.1057885837 20640.2830966 84 0.142166619278
2.45903997636 2.00830464151 2.16524381362 2.11610618068 20495.3005235 84 0.141496085275
6.92623599162 4.12941111924 4.13767267374 6.92623599162 29086.8640035 219 0.140831846775
6.80841072163 4.06060069597 4.06820259075 6.80841072163 28935.5773352 214 0.140173815531
2.37274754067 1.95562785056 2.0900209036 2.02895787167 20210.2145442 81 0.139521904939
2.20259509043 1.8498489444 1.95427186255 1.85793340821 19423.0787123 75 0.138876029997
2.51138125225 2.0393985572 2.20346284838 2.16571003769 20863.9410009 86 0.138236107271
2.42393915685 1.98707647232 2.13616831966 2.07636438032 20535.6748668 83 0.137602054857
7.07006284727 4.199348909 4.20713161107 7.07006284727 29280.3868646 224 0.136973792348
2.65703424813 2.12613549612 2.31619187974 2.31619187974 21294.9137191 91 0.136351240796
6.91258854822 4.11601889048 4.12375314246 6.91258854822 29075.339945 218 0.135734322686
7.09979808195 4.13609226221 4.13771638311 7.09979808195 29317.1138533 219 0.135122961895
2.37085956864 1.95429263702 2.09033222197 2.02441348067 20236.9718527 81 0.13451708367
2.28078975708 1.89939745366 2.01986520134 1.93225772075 19903.4506695 78 0.133916614588
2.2294262245 1.86692470906 1.97942369535 1.88400285396 19575.6404137 76 0.133321482535
2.23272140102 1.86903371502 1.98241535988 1.88985388695 19500.2796319 76 0.132731616671
2.39719877897 1.97058383797 2.11354581576 2.05036670466 20398.3514244 82 0.132146947406
2.32165535901 1.92376971013 2.05836360545 1.98034388841 19837.1835719 79 0.131567406368
2.48436161887 2.02371224541 2.17964970806 2.13953257313 20680.5595539 85 0.130992926382
2.18623006272 1.84012209729 1.94673314184 1.83152304797 19672.7845466 75 0.13042344144
6.81707448753 4.08661513885 4.09573500583 6.81659865156 28950.6216178 216 0.129858886676
2.3986855533 1.97155731587 2.11510507817 2.05331664352 20366.7323007 82 0.129299198345
2.37646672301 1.95887284995 2.09313655936 2.01564713662 20761.5358285 82 0.128744313793
2.47867175157 2.02043155229 2.17557698858 2.12983639984 20788.1442818 85 0.128194171438
2.15700796239 1.82116087233 1.91932160731 1.80100237342 19578.2143976 74 0.127648710748
2.39685660227 1.97028861758 2.11307689366 2.04891225703 20387.7120128 82 0.127107872214
2.37454372145 1.95678462223 2.09148099906 2.03210425619 20188.0376592 81 0.126571597334
6.9293682817 4.12957298949 4.1376769725 6.9293682817 29102.9658172 219 0.126039828586
2.37175424694 1.95481588952 2.09038626615 2.02597618515 20219.0372217 81 0.125512509413
2.42329646087 1.9867070799 2.13504257882 2.07522056 20547.5694828 83 0.124989584201
2.34594228048 1.93882403733 2.07146554118 2.00160487434 20066.0449422 80 0.124470998257
7.01414841886 4.18435585918 4.19316542548 7.01398699156 29204.2180536 223 0.123956697794
2.59527226719 2.08962816626 2.2701144822 2.24964033839 21195.5358987 89 0.123446629907
2.3195438612 1.92240432113 2.0547475926 1.97656073261 19909.2269448 79 0.122940742562
6.98975899954 4.17060618063 4.1792775336 6.98975899954 29178.8895161 222 0.122438984573
2.40400922779 1.97492410126 2.12044451982 2.06299295386 20278.0209457 82 0.121941305585
2.2513424926 1.88065752759 1.99881980706 1.90167666304 19836.0163761 77 0.12144765606
6.89202682805 4.11540998608 4.12374370634 6.89202682805 29055.1785799 218 0.120957987259
2.4520359735 2.00428219733 2.15601365025 2.10463378499 20652.8937132 84 0.120472251225
2.2537834734 1.88224235669 2.00204475571 1.90535081873 19767.2892881 77 0.119990400768
2.40259888347 1.97378107713 2.11851767422 2.05911881637 20293.4690543 82 0.119512389451
2.32145842242 1.92434215117 2.04952053374 1.96024937934 20513.306951 80 0.119038171574
7.18713675424 4.17776872285 4.1792628082 7.18713675424 29408.3165896 222 0.118567702158
2.45505911177 2.00588876446 2.15865428694 2.10879899729 20597.0308101 84 0.118100936934
7.07358965438 4.19927346906 4.20706642953 7.07358965438 29264.0800883 224 0.117637832327
7.02225954748 4.17190073252 4.17927232277 7.02225954748 29210.2804929 222 0.117178345442
2.25018445445 1.88007903734 1.9968330565 1.89971377065 19845.7489627 77 0.116722434052
2.45499737038 2.00613330962 2.15994948412 2.11006675499 20604.96244 84 0.116270056585
2.37034313226 1.95393047024 2.09008919616 2.02360520706 20262.0784627 81 0.11582117211
7.26857257725 4.21942301298 4.22094255671 7.26857257725 29500.0715031 225 0.115375740328
2.26053734476 1.88663060135 2.00669220485 1.91770853811 19637.4178228 77 0.114933721554
2.51385313437 2.04158234716 2.20753592927 2.17053118136 20773.2761014 86 0.114495076712
2.22170397701 1.86198966671 1.97238699626 1.87072242934 19730.2073839 76 0.114059767318
2.31653859164 1.92074573917 2.05081054269 1.97233753819 19969.0435408 79 0.113627755473
2.27802822583 1.8976949999 2.01639082181 1.92755126709 19974.62898 78 0.113199003849
2.53584759374 2.05513129531 2.22931770148 2.18901097415 20987.5504739 87 0.112773475679
2.22930521638 1.866816022 1.97924405211 1.8837130052 19574.2730614 76 0.112351134746
2.40274146443 1.97394461625 2.11883795909 2.05944322257 20257.6422224 82 0.111931945377
2.34354647264 1.93859102859 2.07183425085 2.000591072 20021.6015419 80 0.111515872426
6.75783238846 4.03302878652 4.04037990929 6.75783238846 28877.2303548 212 0.111102881268
7.28396288383 4.31051019995 4.31824302226 7.28396288383 29517.6233418 232 0.110692937791
2.36922239736 1.95340099469 2.08944630676 2.02245286824 20276.276283 81 0.110286008382
2.37475052998 1.95693417973 2.09194914967 2.03258023218 20181.2843961 81 0.109882059922
2.15819053462 1.82206589059 1.92058935907 1.80366161273 19570.0018245 74 0.109481059777
6.93407722809 4.12977321431 4.13758679135 6.93407722809 29095.0144668 219 0.109082975784
2.31138558472 1.91853060577 2.04300265018 1.96479118912 19985.6864059 79 0.108687776248
2.39838771049 1.97126795679 2.11464452217 2.05168861335 20364.7492109 82 0.108295429933
2.25182836826 1.88120946051 1.99953162532 1.90264799104 19801.436724 77 0.10790590605
6.9134076121 4.11603976776 4.123780787 6.9134076121 29070.8235719 218 0.107519174253
2.56956712099 2.07417865405 2.25113154579 2.22545072813 21019.3964833 88 0.107135204628
2.38605296499 1.96514429543 2.10290154104 2.03328395969 20519.8406319 82 0.106753967689
6.670756128 4.00379430102 4.01267952684 6.670756128 28756.2736241 210 0.106375434366
6.99847678633 4.15795013247 4.16533144153 6.99847678633 29168.4512145 221 0.105999576002
2.34419946246 1.9379323467 2.07019698959 1.99976187133 20104.4959951 80 0.105626364341
2.32041550524 1.9229745566 2.05615181256 1.97805648756 19894.9963018 79 0.105255771525
2.28799372562 1.90386787168 2.02853403356 1.94482573739 19765.6385956 78 0.104887770086
2.25093601517 1.88066098315 1.99812764422 1.90116442056 19833.021608 77 0.104522332938
2.3740389432 1.9564586102 2.09078158712 2.03134256784 20187.5464422 81 0.104159433373
2.27996447639 1.89883632674 2.01868876757 1.93094378359 19953.3536908 78 0.103799045049
2.32146816578 1.92364278659 2.05801351966 1.97999729482 19876.7170477 79 0.10344114199
6.7704569328 4.04652288844 4.05432904063 6.7704569328 28907.9423614 213 0.103085698577
6.71784468252 4.0313302126 4.04040296443 6.71784468252 28813.838012 212 0.102732689542
2.67726621494 2.13952980541 2.33855363648 2.33209513583 21529.1777145 92 0.10238208996
2.54334551796 2.05834890482 2.22880166078 2.20045644181 20875.1290115 87 0.102033875247
7.1809250772 4.25505185151 4.26269624273 7.1809250772 29393.9516641 228 0.101688021151
2.50191560573 2.03578329844 2.19874116683 2.15206714047 20922.6578644 86 0.10134450375
2.54288939695 2.05860427969 2.22978667809 2.20077724221 20900.4122409 87 0.101003299441
7.10475792111 4.21370752656 4.22097185665 7.10475792111 29317.3464383 225 0.100664384941
2.25361256166 1.88224734704 2.00233654847 1.90557082788 19766.1300018 77 0.100327737275
2.37359536011 1.95594903287 2.09081351048 2.02917800667 20192.7906232 81 0.0999933337777
6.9504215363 4.14328620322 4.15157840388 6.9504215363 29131.1401851 220 0.0996611520829
2.32031474382 1.92293904987 2.05604649919 1.97795883462 19895.8451517 79 0.0993311701212
2.27674102366 1.89677933785 2.01509613031 1.92529616609 20012.1418185 78 0.0990033661144
6.95455146979 4.14376851608 4.15152353149 6.95455146979 29146.5552713 220 0.0986777185711
2.37353432552 1.95608760562 2.09023218162 2.03016402283 20205.2630627 81 0.0983542062816
2.37115112818 1.95464952377 2.09014011093 2.02584031697 20247.3180671 81 0.0980328083132
2.64770694864 2.12121609446 2.31358967575 2.30012198118 21473.6259609 91 0.0977135040063
2.39781413681 1.97086590573 2.11397881965 2.05064919711 20372.0800717 82 0.0973962729693
2.36841538932 1.95405600711 2.09270568784 2.02317959474 20201.959342 81 0.0970810950748
7.02357832863 4.17205758789 4.17935862957 7.02357832863 29223.9795631 222 0.0967679504548
2.28351104513 1.90106609502 2.02430024781 1.93689383997 19857.8686597 78 0.0964568194971
6.99625387751 4.15780469231 4.16544188047 6.99625387751 29177.9291939 221 0.0961476828408
2.33512685424 1.93325667374 2.06377132129 1.98513048035 20194.8270921 80 0.0958405213724
2.53816336545 2.05631587056 2.2317725425 2.1919748171 20946.8379247 87 0.0955353162219
2.4243301459 1.98726324293 2.13674790895 2.07693449022 20533.4706245 83 0.0952320487588
2.1882417645 1.84138450461 1.94966039064 1.83473958459 19639.9674063 75 0.0949307005886
2.30578998412 1.91496104414 2.03537297333 1.95511240458 20113.821319 79 0.0946312535487
2.19550401207 1.84532842342 1.94963499313 1.84578363908 19572.2661426 75 0.094333689705
2.26673704023 1.89127455912 2.00782568305 1.90941956523 20132.0826066 78 0.0940379913485
2.33710705727 1.93451568819 2.06560694542 1.98872089868 20154.1049357 80 0.0937441409912
2.24954474132 1.87969428252 1.99582182056 1.89865252457 19856.2507846 77 0.0934521213632
2.48566788264 2.02445912169 2.18190850196 2.14183056302 20659.6294993 85 0.093161915409
6.95585023553 4.14329698883 4.1514807221 6.95585023553 29108.6061595 220 0.0928735062844
2.32055109202 1.92303965154 2.05653285485 1.97840977433 19885.0600368 79 0.0925868773532
2.67609852437 2.13825056806 2.33578114586 2.33035856367 21600.1726978 92 0.0923020121839
2.25444271944 1.88264895425 2.00310112581 1.90646511976 19756.9638074 77 0.0920188945463
2.34487332797 1.93834578779 2.070808172 2.00098850416 20088.5391611 80 0.0917375084093
2.43173741283 1.99164277973 2.14641061045 2.08945476057 20388.0658031 83 0.0914578379367
2.39508367928 1.96923738551 2.11154146386 2.04607731809 20431.9379611 82 0.0911798674853
2.36988968558 1.95386286524 2.08976081912 2.02369562886 20264.0397481 81 0.0909035816011
7.05178808983 4.19850062722 4.20706683726 7.05178808983 29249.2413823 224 0.0906289650172
7.09030719624 4.21308701097 4.22090183027 7.09030719624 29282.5656234 225 0.0903560026504
6.94590020623 4.14286539782 4.15152194823 6.94590020623 29098.5615899 220 0.0900846795988
7.01749443927 4.09436555263 4.09598833152 7.01749443927 29217.1343862 216 0.0898149811389
3.68230491857 2.70738421003 2.8727952106 3.34211846479 24823.831869 128 0.0895468927228
2.3449779904 1.9382153692 2.07053874497 1.99999863968 20076.8641822 80 0.0892803999762
2.37133012888 1.95449070958 2.09007116144 2.0251491016 20227.1511355 81 0.089015488695
2.40403689745 1.97498558296 2.12058456892 2.06304984434 20281.0055601 82 0.0887521448435
2.13484824851 1.80714748254 1.89850396909 1.78374458143 19325.6227436 73 0.0884903545514
2.39965237187 1.97220447927 2.11615326809 2.05511700445 20349.0993506 82 0.0882301041115
2.54389451894 2.05987944391 2.23257487802 2.20343718206 20839.9033258 87 0.0879713799777
2.27880500389 1.89815927377 2.01704944542 1.92885901228 19962.971289 78 0.0877141687621
6.925022011 4.12946136593 4.13768633475 6.925022011 29105.1449348 219 0.0874584572328
3.24544953304 2.46526733058 2.64969586832 2.91182018689 23302.560456 112 0.0872042323121
2.25560100105 1.88353080153 2.00557742222 1.90903430929 19733.6888244 77 0.0869514810736
2.37483404198 1.95672770393 2.09095208332 2.03151258608 20166.8774524 81 0.0867001907404
2.48125404161 2.02116566933 2.17453647907 2.13398103467 20779.0094996 85 0.0864503486831
2.22923411546 1.86678382585 1.9792064368 1.88362995733 19574.7796916 76 0.0862019424171
6.84542672938 4.08779208803 4.09599550392 6.84542672938 28995.6325184 216 0.0859549596012
6.73114925032 4.03234005166 4.04048917708 6.73114925032 28859.6946217 212 0.085709388035
2.45181399748 2.00418257105 2.15587940719 2.10445920723 20650.1374902 84 0.0854652156572
2.28351526753 1.90094602826 2.02369263451 1.93634559967 19867.7769025 78 0.0852224305437
6.94483016282 4.14298828979 4.15153918368 6.94483016282 29119.0056821 220 0.0849810209053
2.31600725596 1.92021266038 2.04852254513 1.97012418882 19975.5936719 79 0.0847409750862
2.40332842419 1.97423786826 2.11925173053 2.06047674866 20282.1959809 82 0.0845022815616
7.21974092815 4.19181831392 4.19316477959 7.21974092815 29445.2601381 223 0.0842649289366
2.19920067658 1.84765905851 1.95021655081 1.85201093408 19487.5709677 75 0.0840289059436
2.37489341545 1.95668084677 2.0908362077 2.03132192177 20174.5389626 81 0.0837942014413
2.31626574247 1.92027504429 2.04893465316 1.97049470482 19967.4656532 79 0.083560804412
3.25565356079 2.47265843581 2.66235525062 2.90652491938 23674.6455885 113 0.0833287039609
6.81019290431 4.07364545087 4.08216313537 6.81019290431 28966.8647166 215 0.0830978893136
2.27991165786 1.89867287815 2.01847944359 1.93063469553 19958.1793463 78 0.0828683498149
2.51440434636 2.04087775923 2.20581714281 2.17064128727 20792.2532202 86 0.082640074927
2.59697102975 2.0907295182 2.27308805657 2.25267239716 21146.7951698 89 0.0824130542278
7.01276178027 4.18418963824 4.1930469396 7.01250081739 29192.6656591 223 0.0821872774095
2.19098796057 1.84341065634 1.95121970623 1.84033083473 19578.1143026 75 0.0819627342768
2.25631279191 1.88395305121 2.00605027034 1.91023321573 19718.5863982 77 0.0817394147458
2.54639651954 2.06008649006 2.22926424948 2.20596358197 20827.5146116 87 0.0815173088419
2.39976567166 1.97200231192 2.11570837079 2.05407596715 20338.3298735 82 0.0812964066988
2.45586212445 2.00631627682 2.15983474677 2.10999761815 20586.7328906 84 0.0810766985568
2.4925940472 2.02896457759 2.18512588526 2.13408743687 21184.1947089 86 0.0808581747615
2.32056863176 1.92336190959 2.05774169935 1.97962386894 19901.2149732 79 0.0806408257621
2.51861597121 2.04332312898 2.20987939677 2.17801558702 20711.9909624 86 0.0804246421103
2.8252808712 2.22587396992 2.42399135675 2.50026214661 21914.6529773 97 0.0802096144591
2.27955396614 1.89853567293 2.017979098 1.93016860206 19962.2822345 78 0.0799957335609
2.2540670616 1.88240241521 2.00246367215 1.90578415905 19762.7321149 77 0.0797829902665
2.42547310738 1.98800642005 2.13873460861 2.07901809136 20513.6277591 83 0.0795713755238
2.37149293234 1.9546546252 2.0903468436 2.0254986289 20224.3952229 81 0.0793608803767
2.3753979449 1.95711227684 2.09182279128 2.03253766801 20125.1269158 81 0.0791514959633
7.15061230517 4.24086065943 4.24873806176 7.15061230517 29350.8877344 227 0.0789432135151
2.11041914623 1.79149578141 1.88455280553 1.76223498428 19125.1425325 72 0.0787360243557
7.07652608298 4.19967490197 4.20715383581 7.07652608298 29285.1801009 224 0.0785299198995
2.48340280178 2.02339220078 2.17938084385 2.13921394873 20701.9523094 85 0.0783248916506
2.30990591469 1.91756752973 2.04047920146 1.96212360322 20013.3125933 79 0.0781209312015
2.28375392003 1.90120797568 2.02460413441 1.93730700444 19856.5332123 78 0.0779180302322
7.26480458129 4.30985860226 4.31825535542 7.26456934817 29507.991939 232 0.0777161805088
2.51795629291 2.04303444866 2.20942641749 2.1768623557 20726.3788718 86 0.0775153738825
2.32251324216 1.92499618213 2.05116975872 1.9620446698 20464.0215048 80 0.0773156022885
2.36304946176 1.95082590146 2.09178135573 2.01383786826 20318.9032139 81 0.0771168577451
6.99994217184 4.15810760745 4.16542399172 6.99994217184 29179.4182386 221 0.0769191323522
2.2548427189 1.88290807879 2.00384210505 1.90723625254 19747.2433632 77 0.0767224182906
2.27768443552 1.8974143602 2.01594395231 1.92685014272 19983.753955 78 0.076526707821
6.97149580037 4.14394145088 4.15150092942 6.97149580037 29139.895003 220 0.0763319932828
2.37480639395 1.95698498273 2.09213752631 2.03276784868 20173.7577713 81 0.076138267093
2.34768570293 1.94014804148 2.07493637274 2.00614304506 20038.3668544 80 0.0759455217457
2.40219855583 1.97351859918 2.11809858903 2.05846633082 20298.2781692 82 0.0757537498106
2.37553072742 1.95713990319 2.09201082912 2.03271853402 20156.5449993 81 0.0755629439323
7.07442065652 4.19954810542 4.20714027732 7.07442065652 29275.8957671 224 0.0753730968293
2.34538130442 1.93855089939 2.07110138854 2.00084573878 20070.4201345 80 0.0751842012932
2.2875787963 1.9036099362 2.02816224133 1.94406052229 19784.2818943 78 0.0749962501875
7.20498972469 4.19132381077 4.19314150297 7.20498972469 29423.5358656 223 0.0748092364471
2.2242887259 1.8636228025 1.97470857132 1.87506237897 19680.7518222 76 0.074623153077
2.40052063421 1.97251711272 2.11655782698 2.055470248 20324.9492669 82 0.0744379931517
6.87081914618 4.10144169896 4.10977660077 6.87081914618 29007.694098 217 0.0742537498144
2.39368848751 1.96965126182 2.1128916476 2.04645189867 20372.7037137 82 0.0740704162757
7.60960302187 4.38638759673 4.38764253729 7.60960302187 29851.9928396 237 0.0738879858135
6.66754943334 3.99111895417 3.99875838636 6.66754943334 28762.4017072 209 0.0737064517714
2.25759776091 1.88477092022 2.00619612565 1.91269489951 19711.3102977 77 0.0735258075585
2.65109280136 2.1230267795 2.31411965567 2.30601083044 21415.565079 91 0.0733460466481
7.01257999362 4.18435820684 4.19317521377 7.0121462126 29212.1549951 223 0.0731671625774
6.97766163142 4.15724166199 4.16545726277 6.97766163142 29179.8877006 221 0.0729891489465
6.89749020785 4.11545704979 4.12377864714 6.89749020785 29055.1042686 218 0.0728119994175
2.56520325413 2.07209918552 2.24772616202 2.21894005614 21126.0413831 88 0.0726357077139
2.16364080512 1.82582860799 1.92578443295 1.81320928204 19445.5757422 74 0.0724602676199
2.34412840703 1.93789196619 2.07013713673 1.99965487329 20102.7823333 80 0.0722856729796
6.89135215883 4.11554978622 4.12373131282 6.89135215883 29061.1662358 218 0.0721119176963
2.16426424596 1.82629204853 1.9264034166 1.81449269243 19429.7691201 74 0.0719389957316
2.1884463373 1.84161100353 1.95053054349 1.83557966584 19627.7801365 75 0.0717669011052
2.37576450564 1.95847502727 2.09255272958 2.01448776754 20770.5935885 82 0.0715956278937
2.37424612478 1.95635770652 2.09088421567 2.03040918438 20179.7016842 81 0.07142517023
2.37277905333 1.95565256908 2.08997193414 2.02907514746 20207.2979641 81 0.071255522303
2.37303175251 1.95556416661 2.09054645185 2.02815319906 20199.1045798 81 0.0710866783565
2.30652782153 1.91535098039 2.03590617359 1.95578020758 20087.4604877 79 0.0709186326888
2.59598138572 2.09012339504 2.27125352174 2.2508086377 21162.6714131 89 0.0707513796519
2.320738283 1.92321704562 2.05689850743 1.97882682835 19883.2559933 79 0.0705849136511
6.91040684594 4.14180556734 4.15159724796 6.90828301764 29086.5696168 220 0.0704192291442
2.39971400156 1.97224933581 2.11623453955 2.05522763676 20351.8717929 82 0.0702543206407
2.22382982199 1.86316508113 1.97403216848 1.87371932491 19692.9784624 76 0.0700901827017
6.52524308068 3.92118431497 3.92920113605 6.52524308068 28545.8959947 204 0.0699268099389
2.23078749008 1.86776147591 1.98057480736 1.88641029725 19534.4074618 76 0.0697641970141
2.5651758388 2.07282224995 2.24960027685 2.21953963932 21085.5446204 88 0.0696023386386
2.34080930374 1.93578493245 2.06696537267 1.99352123545 20163.1487937 80 0.0694412295727
2.33858858502 1.93548661972 2.06720379951 1.99190743274 20131.5019119 80 0.0692808646252
2.37192265727 1.95486046254 2.09019551298 2.0262109847 20215.6569496 81 0.0691212386526
2.45134415334 2.00383701634 2.15528563063 2.1034058863 20660.9762898 84 0.0689623465588
2.37284700628 1.95552686763 2.0907468551 2.02794977128 20203.0048062 81 0.0688041832943
2.39726865484 1.97072806008 2.11382943881 2.0508353708 20387.0695029 82 0.0686467438561
2.36627019308 1.95273491491 2.09232072088 2.01933831674 20244.293777 81 0.0684900232866
7.48652152417 4.31731333435 4.3182118137 7.48652152417 29721.6389912 232 0.0683340166735
2.50094185101 2.03537933955 2.19819983516 2.15076517101 20938.7860438 86 0.0681787191491
2.22497184388 1.86393391307 1.97516016542 1.87570975868 19658.3503207 76 0.06802412589
2.39407863134 1.969869574 2.11320910209 2.04699926665 20370.7437641 82 0.0678702321162
6.82112107939 4.06116401507 4.06819164771 6.82112107939 28948.8439149 214 0.0677170330911
2.37109949105 1.95461218408 2.08980801033 2.0259732571 20240.8289743 81 0.0675645241205
7.28939051579 4.3107556863 4.3182613592 7.28939051579 29531.3908985 232 0.0674127005528
2.23013868033 1.86739889603 1.98018469848 1.88549152076 19577.2821637 76 0.0672615577777
2.16537495399 1.82708540684 1.92747063822 1.81664176284 19406.4756173 74 0.0671110912263
2.25452359609 1.88281113627 2.00381076844 1.90712304676 19749.4074295 77 0.0669612963707
2.25461523618 1.88286103092 2.00399314376 1.90729994724 19746.1700672 77 0.066812168723
7.10840097142 4.21365034757 4.22097248865 7.10840097142 29293.145098 225 0.0666637038354
2.20194153455 1.84944246132 1.9532254406 1.85683440212 19432.5233252 75 0.0665158972995
2.61752521319 2.10414858857 2.28900935286 2.26891609737 21369.9056835 90 0.0663687447458
2.39736982645 1.97073892765 2.11382735601 2.05079528282 20393.4289304 82 0.0662222418436
2.25714574912 1.8845252144 2.0063580642 1.91175710214 19703.4579542 77 0.0660763843003
2.37542503458 1.95710153554 2.09188881644 2.03259928307 20155.9925417 81 0.0659311678608
6.91863780263 4.12915832492 4.13769464815 6.91863780263 29093.5487213 219 0.0657865883075
2.37300924566 1.95559475961 2.09048589638 2.02831971359 20192.4612596 81 0.0656426414599
2.39624293307 1.9701080621 2.11289101178 2.0489183395 20409.0935877 82 0.0654993231737
2.39889485112 1.97175779945 2.11549199935 2.05358738424 20369.7007046 82 0.0653566293408
