DEBUT ITERATION : 0
3.81887122615 2.7707801071 2.91429494737 3.51729733601 24579.3724457 131 0.49983338887
4.17516631867 2.94995796642 3.06568623342 3.95344053512 24875.1911961 142 0.491642084562
1.95615493801 1.69180545349 1.76309404088 1.62543283002 18008.5112978 66 0.483714930668
2.131845075 1.8067315807 1.90986514407 1.82719806457 18898.8439582 72 0.476039352586
1.95574545455 1.69404914004 1.76830139183 1.63320552858 17993.7889117 66 0.468603561387
1.98188830211 1.71088929327 1.78803389465 1.66583778937 18315.4064668 67 0.461396493387
1.94560122014 1.68549779689 1.75443605513 1.61037380283 18210.2522369 66 0.454407755226
2.1284254134 1.81634625761 1.92419235075 1.83694474602 20069.6506175 74 0.447627573859
1.94712266685 1.68876534989 1.75893424348 1.61951885177 18136.7752812 66 0.441046750956
2.16436690053 1.83884906554 1.95393051008 1.88376732489 20055.0713627 75 0.434656621269
2.16402694469 1.8399845817 1.96521453288 1.91661108526 19319.0620355 74 0.428449014567
2.14733706381 1.81854757168 1.92603096975 1.8462708014 19254.4709688 73 0.422416220783
2.15331169326 1.82355076612 1.93425771433 1.8640356217 19064.2716438 73 0.416550958067
2.15313284302 1.82344311021 1.93416750698 1.86379599999 19066.4586632 73 0.410846343468
2.15305027608 1.82351130244 1.93447531373 1.86392989213 19064.5639052 73 0.405295865982
2.14812544525 1.81893227732 1.92654594699 1.84682007964 19228.0056442 73 0.39989336177
2.15322763788 1.82352591214 1.93417987644 1.8640948398 19062.6892065 73 0.394632991318
2.15089167356 1.82151064661 1.93391864764 1.85700287587 19126.5212137 73 0.389509218385
2.15189206916 1.82288752046 1.93455526056 1.86192638615 19082.7192015 73 0.384516790567
2.14986051772 1.82091140859 1.93389634587 1.85505782559 19147.9437047 73 0.379650721336
2.15304331371 1.82265517097 1.93451275492 1.85992223138 19103.0214778 73 0.374906273432
2.15260886816 1.82319866396 1.93440496879 1.86290733706 19076.5293304 73 0.370278943471
2.15177440554 1.82273102858 1.9342496577 1.86159985981 19098.4261008 73 0.365764447696
2.1476687102 1.81881757229 1.92651614161 1.84677259399 19227.1644897 73 0.361358708745
2.15163408122 1.82192712254 1.9341569423 1.85803088658 19116.9746301 73 0.357057843371
2.15005148566 1.82015767972 1.93016986733 1.85055614221 19183.9701591 73 0.352858151023
2.15274751173 1.82319226853 1.93421827724 1.86285329953 19077.0608469 73 0.348756103232
2.1514598708 1.82240422982 1.93408827262 1.86037000711 19106.4830876 73 0.344748333716
2.14989771878 1.82094652891 1.93393128799 1.85516931664 19166.7325195 73 0.340831629175
2.1519207169 1.82283057992 1.93422861622 1.8619721671 19093.0539999 73 0.337002920692
2.15153819551 1.82241853548 1.93403727034 1.8604404194 19106.8952376 73 0.333259275717
2.14805972365 1.81899084865 1.92717040841 1.84744265047 19221.0981734 73 0.329597890574
2.14859457995 1.81925812075 1.92754747037 1.84785008547 19216.3275777 73 0.32601608346
2.1499864462 1.82099924417 1.93388699519 1.85537529223 19150.1494832 73 0.322511287895
2.15082220249 1.82141367259 1.93388040273 1.85671155866 19137.6419995 73 0.319081046586
2.1523725962 1.82295571886 1.93415448698 1.86213352652 19085.4526488 73 0.315723005683
2.15014656849 1.82024055876 1.93055105422 1.85094204053 19179.361599 73 0.312434909394
2.14661414891 1.81802204794 1.92410107807 1.84429881854 19277.1412998 73 0.309214594929
2.15076969242 1.82144564978 1.93395951627 1.85674359935 19128.7506789 73 0.306059987758
2.15133506576 1.82176751716 1.93409721501 1.85760982401 19120.7246032 73 0.302969097152
2.15102960268 1.82215532123 1.9338951804 1.85981458978 19114.1494962 73 0.299940011998
2.15274960153 1.82256236319 1.93456508067 1.85960370308 19095.388735 73 0.296970896852
2.14665416438 1.81805481799 1.92439777041 1.84459718665 19273.8831242 73 0.294059988238
2.14959249722 1.82076991727 1.93378477536 1.85479369965 19171.2102055 73 0.291205591147
2.15318921777 1.82369416019 1.93465166975 1.8645397836 19054.4544138 73 0.288406075755
2.15231856752 1.82232639972 1.93427707152 1.85918944028 19104.3124651 73 0.28565987431
2.14814791432 1.81897784541 1.92681863847 1.84709333782 19225.2699262 73 0.282965478212
2.14728529313 1.8185613274 1.92614364858 1.84638276955 19252.0757817 73 0.280321435246
2.15242464298 1.82320651106 1.93463846196 1.86288120891 19072.6531858 73 0.277726346973
2.14649529107 1.81788105829 1.92343713779 1.84362853247 19283.1503406 73 0.275178866263
2.1465132031 1.81801947084 1.92444100255 1.8446331496 19271.5086652 73 0.272677694965
2.15061414684 1.8212252996 1.93416540664 1.85565647988 19149.553474 73 0.270221581697
2.14991317463 1.82092820686 1.93386665524 1.85513391025 19154.0695727 73 0.267809319764
2.15239873966 1.82294223436 1.9341891269 1.86199841173 19090.3833598 73 0.265439745178
2.15369791869 1.82353506052 1.93465427268 1.86352055555 19054.6829151 73 0.263111734783
2.15135818435 1.82177955168 1.93409201892 1.85764715677 19118.954126 73 0.260824204486
2.1513055897 1.82176539092 1.93403720331 1.85770402663 19119.2211096 73 0.258576107568
2.15049409022 1.82189572193 1.93386224832 1.8590827227 19115.5351069 73 0.256366433088
2.14676760188 1.81826857167 1.92501738919 1.84522091114 19243.3357633 73 0.254194204372
2.14725001185 1.81855949865 1.92582507486 1.8460560112 19233.8189503 73 0.252058477567
2.15164670985 1.82263050091 1.93421515096 1.86127667409 19102.8369663 73 0.249958340277
2.15398667311 1.8232314135 1.93453555411 1.8618336 19071.7507123 73 0.247892910263
2.15067275151 1.82197913747 1.93381656501 1.85938318825 19113.5818517 73 0.245861334208
2.15399148951 1.82323600449 1.93455485703 1.86182731638 19071.5537321 73 0.243862786539
2.15103397028 1.82159054774 1.93403942084 1.85710013178 19125.8138739 73 0.241896468312
2.15086182662 1.82139528096 1.93393945805 1.85650872256 19146.8852703 73 0.239961606143
2.15071974272 1.82141764312 1.93398643801 1.85661400309 19130.4005424 73 0.238057451198
2.15297579014 1.82346087626 1.9344149631 1.86383265175 19066.0830102 73 0.236183278224
2.15153090665 1.8218896168 1.9341170848 1.85800084243 19116.2053947 73 0.234338384627
2.15204321373 1.82273106036 1.93418860494 1.86129873764 19098.567192 73 0.232522089599
2.14633072877 1.81788177693 1.92386348598 1.84404773137 19277.9167058 73 0.230733733272
2.15148084658 1.82244666008 1.93404878703 1.86061078712 19100.8655665 73 0.228972675927
2.14641417558 1.81807100455 1.92455822502 1.84475323402 19267.8590787 73 0.227238297228
2.14942516399 1.81976483635 1.92904330843 1.84939284066 19200.8147638 73 0.225529995489
2.14876130818 1.81937531012 1.92800774491 1.84831878295 19212.3915085 73 0.223847186987
2.1509353648 1.82153873007 1.93406691517 1.85689967233 19128.0098508 73 0.222189305288
2.152976065 1.82328628186 1.93431463884 1.86297512089 19075.5314271 73 0.220555800618
2.1539427336 1.82314819098 1.93463471527 1.86134416606 19084.9690241 73 0.21894613925
2.15051920375 1.82129328218 1.933949262 1.85624429591 19135.2516007 73 0.217359802927
2.14507353674 1.81701889328 1.92106798612 1.84117794734 19313.4700772 73 0.215796288304
2.15249553881 1.82298617897 1.93427629169 1.86200651123 19090.35798 73 0.214255106413
2.15124145915 1.82170821713 1.93405000715 1.85746990524 19122.2290074 73 0.212735782159
2.15071265406 1.8219652478 1.93386040682 1.85922853002 19118.6746956 73 0.211237853823
2.15341271994 1.82362610958 1.9342209706 1.86435293797 19059.1189118 73 0.209760872605
2.15024786372 1.82114611057 1.93389733251 1.85584334308 19138.6600401 73 0.208304402166
2.15277971112 1.82346571186 1.93450424518 1.86400102535 19059.8878646 73 0.206868018204
2.15275213865 1.82247821665 1.93435101025 1.85954755215 19107.0787699 73 0.20545130804
2.14712276081 1.81850009082 1.92569323633 1.8459173953 19234.0105848 73 0.204053870222
2.15004296279 1.82099724857 1.93398801479 1.85518410749 19153.5966779 73 0.202675314147
2.1510996226 1.82161477986 1.93409219124 1.8570853352 19126.9139656 73 0.201315259697
2.15359816309 1.82295381491 1.93456298031 1.86080119923 19089.7122899 73 0.199973336888
2.15406052917 1.82324566147 1.93455384605 1.86181859231 19073.0015935 73 0.198649185538
2.15291939057 1.82258769179 1.93447087987 1.85976789197 19097.5777073 73 0.19734245494
2.15207509896 1.82215896137 1.93439662369 1.85848482589 19112.0524642 73 0.196052803555
2.15211695838 1.82281338162 1.93404604386 1.86182253814 19087.9975042 73 0.194779898714
2.15382096842 1.82311392523 1.93448519838 1.86148770355 19076.8598751 73 0.193523416333
2.15309889628 1.82270988314 1.93438755827 1.86030332909 19091.3997525 73 0.192283040636
2.15421249224 1.82404216959 1.93448803563 1.86529228616 19051.9057399 73 0.19105846389
2.15048140332 1.82125605657 1.93407092766 1.8559356813 19145.2662256 73 0.189849386154
2.15353654158 1.82291498381 1.93449787793 1.86076290431 19090.4044568 73 0.18865551503
2.15100751361 1.82213068592 1.9339333859 1.85965844593 19114.0826571 73 0.187476565429
2.15135166005 1.82175378359 1.93417499742 1.8574205576 19123.0713215 73 0.186312259347
2.15294874136 1.82261248296 1.934460195 1.85987393623 19097.3989295 73 0.185162325639
2.15219741242 1.82291379439 1.93443640701 1.86185351973 19088.7873695 73 0.184026499816
2.14975990115 1.81995225543 1.92949641636 1.8498659832 19193.3005489 73 0.182904523839
2.15299769565 1.82332120796 1.9342702124 1.86318688263 19073.4558356 73 0.181796145922
2.15020114453 1.82106209335 1.93399293222 1.85535339605 19153.6222763 73 0.180701120347
2.15348550591 1.82361090779 1.93432561401 1.86407521162 19064.4133642 73 0.179619207281
2.15079825065 1.82226607349 1.93431322466 1.86022583105 19112.5898282 73 0.178550172598
2.15271280469 1.82253662372 1.93454211364 1.85954936343 19095.5867935 73 0.177493787717
2.14974054692 1.82000177876 1.92986633228 1.850234255 19189.797765 73 0.176449829432
2.14737787204 1.8184331441 1.92503863422 1.84526807966 19245.0352767 73 0.175418079757
2.15395630403 1.82390263618 1.93436251241 1.86501888356 19053.8525078 73 0.174398325776
2.15222292278 1.82291155526 1.93407554052 1.86215703188 19083.5181761 73 0.173390359496
2.15220729463 1.82225590051 1.93423078398 1.85900674108 19106.148035 73 0.172393977704
2.15397650668 1.8239292107 1.93433924364 1.86516012427 19052.5047451 73 0.171408981831
2.15135444669 1.8216760626 1.93402562243 1.85730923593 19131.9006845 73 0.170435177821
2.15117030737 1.82224550873 1.93402047001 1.85995678175 19111.9275556 73 0.169472376003
2.14717695283 1.81847541973 1.9258710752 1.84610274921 19254.8466897 73 0.168520390967
2.1516266309 1.82191857696 1.93418308718 1.8579588203 19116.5477042 73 0.167579041448
2.152086289 1.82289129492 1.93427339698 1.86206013056 19092.2267248 73 0.166648150206
2.14623631146 1.81775256178 1.92311666396 1.84329493241 19286.2608425 73 0.165727543918
2.15234598652 1.82289962192 1.93419336653 1.86183562925 19093.1551509 73 0.164817053071
2.1473626596 1.81857488991 1.92606815901 1.8463111069 19253.1088527 73 0.163916511857
2.15216740721 1.8229382834 1.93431105601 1.86216805971 19092.2173953 73 0.16302575807
2.15389863636 1.82390456146 1.93430770508 1.86515758595 19052.9566685 73 0.162144633013
2.15243902718 1.82301551438 1.93415394148 1.86236313646 19081.716245 73 0.1612729814
2.15110459078 1.82156134928 1.93392950063 1.8571087882 19139.7490175 73 0.160410651267
2.15344681834 1.82297759879 1.93446964349 1.86106321967 19084.7220573 73 0.159557493884
2.15321560326 1.82354199181 1.93407303076 1.86432479858 19059.3790317 73 0.158713363665
2.1522904437 1.82303165329 1.93430692264 1.86251370005 19088.5537776 73 0.157878118093
2.15301339206 1.8235080577 1.93436927964 1.86409221217 19062.8938997 73 0.157051617632
2.14851239039 1.81916973435 1.92722308216 1.84751909098 19220.6414674 73 0.156233725654
2.15300461917 1.82335218448 1.93420473924 1.86341852233 19070.2419886 73 0.155424308362
2.15064994886 1.82130375993 1.93378595266 1.85646046232 19140.9268474 73 0.154623234718
2.14958159011 1.81984489191 1.92919713741 1.84955610569 19196.1770989 73 0.153830376372
2.1508643529 1.82145259233 1.93410867197 1.85649278748 19140.494995 73 0.153045607591
2.15276797645 1.82320278994 1.93416177988 1.86296718939 19075.9140881 73 0.152268805197
2.14772755516 1.81877998458 1.92661695697 1.84686845133 19226.8064 73 0.1514998485
2.1467862874 1.81821984284 1.9250173382 1.84522795924 19265.1177785 73 0.150738619234
2.15287845947 1.82263257123 1.9345204257 1.85989378501 19093.0998524 73 0.1499850015
2.14737410455 1.81847833262 1.92529032209 1.84552065125 19241.1946421 73 0.149238881703
2.14520476414 1.81708188044 1.92117511971 1.84129277149 19311.9758476 73 0.1485001485
2.15152846214 1.8218929627 1.93410113783 1.85803425445 19115.4612789 73 0.14776869274
2.15116288751 1.82224344862 1.93396233749 1.86003437995 19109.987616 73 0.147044407411
2.15084167165 1.82203139149 1.93400386217 1.85923354955 19118.9611383 73 0.146327187591
2.15340208177 1.82283286363 1.93451546561 1.86045847877 19093.9704486 73 0.145616930395
2.15194760286 1.82281887926 1.93425005062 1.86186916403 19094.8773764 73 0.144913534924
2.15202642317 1.82284198085 1.93435807577 1.86176047522 19096.8319814 73 0.144216902221
2.15433610995 1.82371336147 1.93449589192 1.86378481872 19053.9005944 73 0.143526935222
2.15174933187 1.82202153972 1.93416785141 1.85837194688 19112.5107519 73 0.142843538711
2.15193445505 1.82267467156 1.93404329206 1.86131835737 19098.1106646 73 0.142166619278
2.15086197855 1.82204040475 1.93403020256 1.85922505412 19118.7320346 73 0.141496085275
2.15380641197 1.82312569661 1.93452732985 1.86149704402 19075.5913155 73 0.140831846775
2.14722581085 1.81848500885 1.92582968823 1.84606396119 19256.8138095 73 0.140173815531
2.15128216756 1.8215926712 1.93428865576 1.8566711273 19140.6988112 73 0.139521904939
2.15189702323 1.82263200243 1.93409538692 1.86107380099 19100.4890078 73 0.138876029997
2.14727676333 1.818560717 1.92613397502 1.84637276923 19251.6090834 73 0.138236107271
2.15349542041 1.82288129749 1.93461708425 1.86047123403 19093.3063632 73 0.137602054857
2.15248098923 1.82308057668 1.93404927922 1.8627854158 19076.8803574 73 0.136973792348
2.14940142583 1.81968654043 1.92856312858 1.84891187659 19203.6925936 73 0.136351240796
2.15077756817 1.82143711889 1.93399815859 1.85663624656 19130.2658323 73 0.135734322686
2.15407481904 1.82324774557 1.93455907044 1.86180443721 19074.3379959 73 0.135122961895
2.15207374951 1.82277133847 1.93411911782 1.86155511654 19091.2903821 73 0.13451708367
2.14770152503 1.81880962874 1.92684461816 1.84710719285 19244.0160683 73 0.133916614588
2.15197973337 1.82211871498 1.93427827241 1.85848938685 19113.1316446 73 0.133321482535
2.15087275034 1.82147876802 1.93400419557 1.85675072424 19130.5365152 73 0.132731616671
2.15017094619 1.82109933236 1.93393448566 1.85564165623 19141.892086 73 0.132146947406
2.1511850578 1.82160098155 1.93392621636 1.85722679664 19138.4382603 73 0.131567406368
2.15284645655 1.82324495077 1.934206648 1.86303359245 19074.5628387 73 0.130992926382
2.14942644913 1.81972573431 1.92875105156 1.84910148047 19200.673048 73 0.13042344144
2.15044999924 1.821230409 1.93406552277 1.855845472 19147.0382537 73 0.129858886676
2.15354878082 1.82364866411 1.93431322417 1.86421339314 19062.1469225 73 0.129299198345
2.14632069075 1.81774602724 1.92295009617 1.84313196664 19292.0556309 73 0.128744313793
2.15265384801 1.82253155869 1.93449220165 1.85963930297 19098.6224218 73 0.128194171438
2.15303378003 1.82347016865 1.93447794838 1.86373852249 19062.5814782 73 0.127648710748
2.15314371186 1.82334646666 1.93439440046 1.86301252744 19081.5478726 73 0.127107872214
2.15246754222 1.8231423217 1.93437019769 1.86280775647 19077.8117784 73 0.126571597334
2.1470774204 1.81833352574 1.92506123002 1.84528576197 19264.4080251 73 0.126039828586
2.15218732887 1.82279794433 1.93422162835 1.86144653865 19097.1370005 73 0.125512509413
2.15268898608 1.82322725126 1.93449333594 1.86285629202 19072.8815076 73 0.124989584201
2.14734712092 1.81860712681 1.92592981205 1.84616648025 19235.0549574 73 0.124470998257
2.15283710568 1.82335539676 1.93444907218 1.86339733819 19070.7515508 73 0.123956697794
2.1533164081 1.82350133015 1.93429919053 1.86373174793 19068.1090576 73 0.123446629907
2.14796773321 1.81887536516 1.92648109597 1.84674754648 19229.0501539 73 0.122940742562
2.14521908456 1.81704598718 1.9209393891 1.84105729994 19314.9504996 73 0.122438984573
2.15182662343 1.82196839664 1.93420050412 1.85810749217 19115.0639176 73 0.121941305585
2.14966722037 1.82078342589 1.93384477612 1.85470570419 19178.5468907 73 0.12144765606
2.15078172892 1.82142648633 1.93405326258 1.85651596227 19132.7160721 73 0.120957987259
2.15319480853 1.82373598761 1.934695455 1.86467821044 19052.7772046 73 0.120472251225
2.15239583746 1.8231319184 1.93433673559 1.86285938747 19082.7974888 73 0.119990400768
2.15373574751 1.82376698926 1.93436651065 1.86455071499 19058.3699129 73 0.119512389451
2.15210295229 1.82208958401 1.93437664907 1.85822135741 19122.3835841 73 0.119038171574
2.15285070275 1.82259862369 1.93454240567 1.85972621507 19095.3273573 73 0.118567702158
2.14908009027 1.81955290023 1.92838759805 1.84871769729 19206.5726417 73 0.118100936934
2.1537392415 1.82381248398 1.93424935745 1.8649284934 19054.2333617 73 0.117637832327
2.15253476232 1.82243793301 1.93428986288 1.85951563602 19101.4353937 73 0.117178345442
2.14768669299 1.81877348472 1.92669268961 1.84694055026 19225.6482667 73 0.116722434052
2.15298515922 1.82259123045 1.93437528254 1.8598522281 19103.7696821 73 0.116270056585
2.15145710825 1.82183564594 1.93416844983 1.85772919569 19119.7636639 73 0.11582117211
2.15125591729 1.82172963336 1.9340709868 1.85752929888 19120.2188657 73 0.115375740328
2.15175050072 1.82256930615 1.93407071401 1.86093641374 19101.1530622 73 0.114933721554
2.15110490432 1.82165116335 1.93406932486 1.85728624438 19122.2643576 73 0.114495076712
2.14740578996 1.81860154127 1.92615333096 1.84639883617 19253.1410563 73 0.114059767318
2.15106630084 1.8221839185 1.93401456224 1.85975717656 19113.1277553 73 0.113627755473
2.15189297011 1.82272076756 1.93398014712 1.86166038925 19088.3073681 73 0.113199003849
2.15290207556 1.82322876684 1.93452072128 1.86253736662 19079.639869 73 0.112773475679
2.14766843828 1.81867374421 1.92588030446 1.8461286603 19236.2232225 73 0.112351134746
2.15182707327 1.82269015101 1.93431277818 1.8612693886 19103.4176101 73 0.111931945377
2.15073843132 1.82135357661 1.93381648145 1.85657865653 19138.742466 73 0.111515872426
2.15172290202 1.82263350783 1.93434740952 1.86103765618 19104.8040018 73 0.111102881268
2.15284846145 1.82324170903 1.93417166535 1.86306736323 19074.7405033 73 0.110692937791
2.15102865769 1.82214636579 1.93390642238 1.859758416 19114.6875429 73 0.110286008382
2.15250467375 1.82301631498 1.93418531362 1.86227210021 19084.1729892 73 0.109882059922
2.15025709698 1.82107683763 1.93383149978 1.85564715436 19154.5464556 73 0.109481059777
2.15299367872 1.82342406235 1.93442214938 1.86362967425 19068.9645336 73 0.109082975784
2.14985469374 1.8200589801 1.92993157109 1.85030790665 19186.7329991 73 0.108687776248
2.15280849925 1.82325011052 1.93408592547 1.86326431544 19073.3059519 73 0.108295429933
2.15302548697 1.82271486876 1.93464175424 1.85999275738 19092.1813442 73 0.10790590605
2.14720961769 1.81848267373 1.92591246304 1.84614450822 19255.7121624 73 0.107519174253
2.15192165498 1.8226634429 1.93414706455 1.86113033396 19099.851819 73 0.107135204628
2.14951299777 1.81982447759 1.92926228655 1.84961548751 19198.3760718 73 0.106753967689
2.15384468291 1.8230939302 1.93465210703 1.86114348726 19087.2249904 73 0.106375434366
2.15176634957 1.82254678232 1.93405449477 1.86083304368 19102.9073927 73 0.105999576002
2.15122285997 1.8222508944 1.9339788958 1.85999570276 19112.3221172 73 0.105626364341
2.15265723902 1.82336447447 1.93467138141 1.86338905796 19066.7940711 73 0.105255771525
2.14677337305 1.81820783993 1.92495923997 1.84516956229 19264.9403368 73 0.104887770086
2.14810383019 1.81905248753 1.92745529969 1.84773007819 19214.7254656 73 0.104522332938
2.15200641361 1.82213194532 1.93426913128 1.85853486247 19110.9102999 73 0.104159433373
2.14742092088 1.81851267341 1.92543700446 1.8456695904 19240.9886706 73 0.103799045049
2.14780262974 1.81889194415 1.92677649579 1.84703898484 19224.6850864 73 0.10344114199
2.15325025014 1.82276653724 1.93442290945 1.86040160071 19097.7236604 73 0.103085698577
2.15361211272 1.82297095297 1.93448400522 1.86098027809 19086.4688182 73 0.102732689542
2.14988037023 1.82096023934 1.93384401335 1.85536812491 19162.9247901 73 0.10238208996
2.15321446204 1.82282582359 1.93457829034 1.86045024177 19087.7212201 73 0.102033875247
2.15254227333 1.82244118237 1.93451239377 1.85927940096 19099.3334776 73 0.101688021151
2.15388897375 1.82316211013 1.93452444677 1.86160639123 19075.1656432 73 0.10134450375
2.14933913845 1.81972146108 1.92887410491 1.84922012254 19201.5977774 73 0.101003299441
2.15030399769 1.82117262418 1.93397643998 1.85581766703 19139.5536929 73 0.100664384941
2.15358094382 1.82296308181 1.93454206037 1.86089096554 19081.8361157 73 0.100327737275
2.15277201682 1.82259283632 1.93447924449 1.85984494662 19092.2708871 73 0.0999933337777
2.15434956412 1.82345947444 1.93459372581 1.86253467194 19064.6345717 73 0.0996611520829
2.15113337976 1.82223099465 1.93398562384 1.85996723489 19111.7770786 73 0.0993311701212
2.15096675045 1.82214858635 1.93398699986 1.85971077304 19109.1473891 73 0.0990033661144
2.1521669521 1.82279666838 1.93417540299 1.8615243081 19096.0359756 73 0.0986777185711
2.15235474261 1.82291306158 1.93416763913 1.86192646858 19091.6408146 73 0.0983542062816
2.15383040523 1.82383076101 1.93436069908 1.86478029914 19056.6229852 73 0.0980328083132
2.15292326812 1.82262577542 1.93456178926 1.85976150816 19094.6169211 73 0.0977135040063
2.15432148466 1.82369524985 1.93441813686 1.86381379833 19052.9866529 73 0.0973962729693
2.14878006871 1.81943919834 1.92844472549 1.84875872035 19207.0313473 73 0.0970810950748
2.15085691799 1.82151385384 1.93406993008 1.85684104263 19127.6502838 73 0.0967679504548
2.1518545517 1.82205442529 1.93422288381 1.85836116508 19112.5871257 73 0.0964568194971
2.15149182342 1.8218494529 1.93412591741 1.85782437682 19118.0696022 73 0.0961476828408
2.15036820609 1.82123382387 1.93387165434 1.85619991932 19134.3297385 73 0.0958405213724
2.15239866958 1.82314789591 1.9342653287 1.86303653102 19081.749529 73 0.0955353162219
2.14872849765 1.81933091823 1.92781391885 1.84812215431 19214.2189147 73 0.0952320487588
2.15268480797 1.82326057287 1.93440323947 1.86313866986 19073.6053038 73 0.0949307005886
2.14668817488 1.81819805476 1.92481330021 1.84501054696 19246.6663231 73 0.0946312535487
2.14782807103 1.81889734885 1.92709288795 1.84736352542 19241.0634209 73 0.094333689705
2.15251531559 1.82320927676 1.93426518365 1.86323113746 19079.4338317 73 0.0940379913485
2.15278556822 1.82339402887 1.93435950994 1.86375639415 19064.7234893 73 0.0937441409912
2.15118804792 1.82168286799 1.93409617124 1.8573276192 19123.136944 73 0.0934521213632
2.14940547717 1.82064344992 1.93379185988 1.85433046972 19182.2404467 73 0.093161915409
2.15283411726 1.82324611537 1.93429843757 1.86292978837 19075.5263252 73 0.0928735062844
2.1508360318 1.82231639401 1.93427587122 1.86049019936 19109.0091759 73 0.0925868773532
2.14724841739 1.81854679481 1.92618047519 1.84641629176 19251.1114694 73 0.0923020121839
2.15343594411 1.82353152674 1.93429762883 1.86377592915 19073.1819199 73 0.0920188945463
2.15095436067 1.82151391186 1.93409110717 1.85673044332 19136.7322652 73 0.0917375084093
2.15273842555 1.82329337661 1.93443371981 1.86321309367 19073.5841627 73 0.0914578379367
2.15303659917 1.82263073898 1.93437289983 1.85999721127 19101.4548417 73 0.0911798674853
2.15071396641 1.82139482384 1.9340302319 1.85645290758 19133.9632206 73 0.0909035816011
2.15220444467 1.82286117973 1.93412665931 1.86186656195 19086.9459088 73 0.0906289650172
2.14794262244 1.81895903838 1.92720153486 1.84746767659 19219.3088738 73 0.0903560026504
2.15354706371 1.82365661633 1.93428174252 1.86430504158 19062.7378953 73 0.0900846795988
2.15254950029 1.82244773234 1.93426561709 1.85958237907 19100.9952955 73 0.0898149811389
2.15189707207 1.82265982872 1.93406563121 1.86125090956 19097.8254756 73 0.0895468927228
2.15349686265 1.82297819518 1.93443517145 1.86117816288 19080.5606789 73 0.0892803999762
2.15260111338 1.8232223963 1.93438982327 1.86304168981 19074.2825692 73 0.089015488695
2.15320300534 1.8227810071 1.93448821208 1.86041437085 19090.06564 73 0.0887521448435
2.15294906546 1.82330761815 1.93418379211 1.86327702897 19071.2770314 73 0.0884903545514
2.15323779811 1.82351461393 1.9342542345 1.86392594179 19063.3000644 73 0.0882301041115
2.15359486113 1.82300921879 1.93445715043 1.86121341415 19081.3346355 73 0.0879713799777
2.15292266446 1.82332969944 1.93412316918 1.86349711422 19069.4300929 73 0.0877141687621
2.15301318044 1.82341143242 1.93449093211 1.86346534958 19068.8742423 73 0.0874584572328
2.14579025455 1.8174734572 1.92239015024 1.84254100969 19294.8622671 73 0.0872042323121
2.15366451988 1.82299545049 1.9345701251 1.86093717775 19087.6630405 73 0.0869514810736
2.14823476196 1.81901297224 1.92675340465 1.8470350366 19225.0248739 73 0.0867001907404
2.1532189316 1.82273656416 1.93449910138 1.86017923237 19100.1853146 73 0.0864503486831
2.14821459728 1.81901274827 1.92697676451 1.84725343808 19223.8896576 73 0.0862019424171
2.15114721611 1.82166241205 1.93409804282 1.85726647039 19123.4887928 73 0.0859549596012
2.1538505327 1.82313043445 1.93455447255 1.86144546633 19077.4936703 73 0.085709388035
2.15214488915 1.82283033717 1.93410640001 1.86179662498 19089.1913556 73 0.0854652156572
2.15296967355 1.82327809373 1.93433349457 1.86291774756 19081.1258181 73 0.0852224305437
2.15189769647 1.8219672176 1.93429390077 1.85791767776 19125.5877295 73 0.0849810209053
2.15389104838 1.82381127912 1.93465188404 1.86428602839 19058.1474326 73 0.0847409750862
2.14980789862 1.82004018042 1.92988881681 1.85026278923 19190.558296 73 0.0845022815616
2.15109945634 1.82164053946 1.93404461434 1.85727280443 19123.7996109 73 0.0842649289366
2.15127357847 1.82172405414 1.93415522246 1.85737926454 19124.0722035 73 0.0840289059436
2.15415553189 1.82326819224 1.9346672683 1.86169071623 19081.1809045 73 0.0837942014413
2.15252108084 1.82298177355 1.93425995737 1.86198559072 19091.5462119 73 0.083560804412
2.14686389677 1.81833387995 1.9252719579 1.84548014206 19240.6260786 73 0.0833287039609
2.147188559 1.81837798291 1.92507259711 1.84529212786 19244.3298477 73 0.0830978893136
2.15175709559 1.8228530448 1.93443881344 1.86203819647 19092.3056489 73 0.0828683498149
2.14921525318 1.81959478169 1.92842674456 1.84876306611 19208.3670409 73 0.082640074927
2.14751095194 1.81864347749 1.9261118783 1.84636526364 19253.1309648 73 0.0824130542278
2.1500990817 1.82104380956 1.9339063 1.85547633967 19143.6270474 73 0.0821872774095
2.15103187652 1.82154776348 1.93388316599 1.85716338656 19131.6188902 73 0.0819627342768
2.15365606607 1.82375991785 1.93433638768 1.86462634003 19056.7394318 73 0.0817394147458
2.14994135667 1.82095571371 1.93387009596 1.85523525499 19146.4228069 73 0.0815173088419
2.15055092924 1.82131797718 1.93400031581 1.856265107 19135.0195321 73 0.0812964066988
2.15030232917 1.8211998672 1.93389189371 1.85606663104 19136.9268457 73 0.0810766985568
2.15147989559 1.82176221265 1.93398497065 1.85767061264 19126.9410724 73 0.0808581747615
2.15260304211 1.82240111733 1.93439817996 1.85924045759 19109.3371488 73 0.0806408257621
2.1496997948 1.82081245649 1.93388524113 1.85476445023 19178.2754431 73 0.0804246421103
2.14950205719 1.8198096174 1.92913729719 1.84949154361 19195.1841705 73 0.0802096144591
2.148788699 1.81935493989 1.92786890864 1.84817960268 19214.2914136 73 0.0799957335609
2.15328323259 1.82285417628 1.93463958696 1.86043481235 19086.8370374 73 0.0797829902665
2.15368897364 1.82300014342 1.93460930349 1.86088483193 19090.1143369 73 0.0795713755238
2.15251423434 1.82300614696 1.93428546803 1.86207635615 19090.4146995 73 0.0793608803767
2.14839398781 1.81904975525 1.92671429761 1.84700336314 19226.7635651 73 0.0791514959633
2.15319713248 1.82337874305 1.93458029554 1.86291329129 19075.6231848 73 0.0789432135151
2.15379765753 1.82312428527 1.93452929093 1.8614929971 19075.2979241 73 0.0787360243557
2.14691636865 1.81835824365 1.92531427656 1.84552491516 19240.2556984 73 0.0785299198995
2.15121122362 1.82167646687 1.93417171513 1.85717324935 19125.2527642 73 0.0783248916506
2.15391686747 1.82383154293 1.93455304348 1.86450092997 19056.0888199 73 0.0781209312015
2.15365586848 1.82300253292 1.93455014946 1.86100605852 19081.1157236 73 0.0779180302322
2.14837863396 1.81926175292 1.92785094703 1.84814753892 19212.3882931 73 0.0777161805088
2.1488640897 1.81943657052 1.92812868854 1.84844656126 19210.8876561 73 0.0775153738825
2.15234833667 1.8222344395 1.93437613111 1.85869612885 19116.4220955 73 0.0773156022885
2.15107984051 1.82154015502 1.93393463345 1.85701690938 19140.7496518 73 0.0771168577451
2.15226684902 1.82288529214 1.93412075367 1.86193194207 19086.9669227 73 0.0769191323522
2.14767810772 1.81863549033 1.92559887835 1.84584769236 19238.8619063 73 0.0767224182906
2.15259102298 1.82311796407 1.93423935624 1.8626083823 19078.1355443 73 0.076526707821
2.15246218703 1.82228483341 1.93440439262 1.85880236315 19116.2420383 73 0.0763319932828
2.15265193638 1.82315650564 1.93419578977 1.8627987274 19076.677602 73 0.076138267093
2.15203180091 1.82299115696 1.93448131009 1.86240481902 19077.6591848 73 0.0759455217457
2.1467940985 1.81825411412 1.92491141594 1.84511543212 19245.6572452 73 0.0757537498106
2.15269511076 1.82315853662 1.93413790358 1.86285095545 19077.2751525 73 0.0755629439323
2.14795780126 1.81882346535 1.92618247154 1.84644763541 19232.6215544 73 0.0753730968293
2.15174600262 1.82258986689 1.9340872262 1.86101697041 19096.881482 73 0.0751842012932
2.14955430048 1.82072471911 1.93383445371 1.85453620013 19180.7668594 73 0.0749962501875
2.15044167857 1.82123081704 1.93407709257 1.85583948746 19147.4489564 73 0.0748092364471
2.15290579499 1.8226228398 1.93456572797 1.85976414991 19095.7381478 73 0.074623153077
2.14768386324 1.81881235191 1.92656072752 1.84681530137 19227.1705827 73 0.0744379931517
2.1511886343 1.82222290016 1.93399685503 1.8598630943 19112.5336856 73 0.0742537498144
2.15361312593 1.82298758441 1.93447143998 1.86107583772 19084.7172035 73 0.0740704162757
2.15102962962 1.82158152546 1.93414849126 1.85692162851 19129.3893493 73 0.0738879858135
2.1471924063 1.81849981192 1.92556037538 1.84578863352 19237.8280796 73 0.0737064517714
2.15297259444 1.82265998611 1.93457912006 1.85985931301 19093.5234425 73 0.0735258075585
2.15235490179 1.82294663483 1.93420392421 1.86204013345 19085.8396913 73 0.0733460466481
2.15308914753 1.82339885108 1.93420925197 1.86355780057 19068.4463566 73 0.0731671625774
2.15293353038 1.82268388894 1.93454596525 1.86005365404 19090.127855 73 0.0729891489465
2.15236752693 1.82291198337 1.93424620604 1.86180731926 19093.7374325 73 0.0728119994175
2.1509569502 1.82154444519 1.93405027787 1.85693254651 19128.1519661 73 0.0726357077139
2.15299242702 1.82270256882 1.93457402499 1.8600490805 19090.7860492 73 0.0724602676199
2.15191932392 1.8227436757 1.93401775961 1.86169794316 19087.8468401 73 0.0722856729796
2.15120989907 1.82228216374 1.9339567532 1.86018302349 19105.16167 73 0.0721119176963
2.15345723034 1.82298221071 1.9345931725 1.86096847378 19081.8482284 73 0.0719389957316
2.14755468144 1.8186778173 1.92637125723 1.8466237711 19249.5722251 73 0.0717669011052
2.1495125547 1.82071753483 1.93379798989 1.85458752764 19172.6033702 73 0.0715956278937
2.15231393458 1.82220440766 1.93441733689 1.858524616 19118.3557241 73 0.07142517023
2.1528506304 1.82251884035 1.93447235366 1.85948992981 19107.7713838 73 0.071255522303
2.15348887932 1.82362303797 1.9343096755 1.86415247847 19063.11373 73 0.0710866783565
2.14836325953 1.81908724482 1.92699925514 1.84728739744 19223.5329584 73 0.0709186326888
2.15248403051 1.82300186234 1.93426180697 1.86211716539 19089.8592591 73 0.0707513796519
2.15206763224 1.82281454333 1.934008667 1.86191968932 19085.5289099 73 0.0705849136511
2.15214520827 1.8222267112 1.93445155907 1.85867623393 19109.3320393 73 0.0704192291442
2.14950759855 1.82068618362 1.93384772515 1.85437481739 19183.1504092 73 0.0702543206407
2.14643116007 1.81805693429 1.9244399817 1.84463559797 19270.2950205 73 0.0700901827017
2.15010277603 1.82105637048 1.93396451015 1.85545548799 19144.9128221 73 0.0699268099389
2.1542336981 1.82334929677 1.93459576659 1.86210323996 19070.1191086 73 0.0697641970141
2.15451725511 1.82349218339 1.93468602545 1.86241962149 19066.7560209 73 0.0696023386386
2.14722548509 1.81850223232 1.92592609693 1.84616075684 19254.9502992 73 0.0694412295727
2.15348076531 1.82359431855 1.93442227005 1.86386971538 19066.5569013 73 0.0692808646252
2.15297934743 1.82357956359 1.93465110751 1.86417559867 19058.0964863 73 0.0691212386526
2.14980500896 1.82088013374 1.93386195781 1.85502447514 19168.7148901 73 0.0689623465588
2.15219981653 1.82227074513 1.93418479026 1.85914661535 19103.3228853 73 0.0688041832943
2.14658637862 1.81797334693 1.92384480637 1.84404109321 19278.9152356 73 0.0686467438561
2.15064770301 1.82139048818 1.93391807643 1.85664035279 19130.1238751 73 0.0684900232866
2.15239680967 1.82308952332 1.93442074739 1.86255165466 19081.264953 73 0.0683340166735
2.15040534129 1.82123338741 1.93395656535 1.85604392203 19137.6710877 73 0.0681787191491
2.14678918659 1.81818393225 1.92485994375 1.8450690157 19267.2392331 73 0.06802412589
2.15007109308 1.82102437703 1.93398877359 1.85528590597 19151.6171634 73 0.0678702321162
2.14684348011 1.81825402151 1.9251716058 1.84538430115 19262.1597356 73 0.0677170330911
2.15082394482 1.82146992692 1.93406382649 1.85667171121 19130.4152931 73 0.0675645241205
2.14735999089 1.81859474827 1.9261977492 1.84644087796 19251.2446869 73 0.0674127005528
2.15083402198 1.82150034811 1.93398442289 1.85691867317 19126.2456882 73 0.0672615577777
2.14653212868 1.81809350111 1.92453023196 1.84471686318 19248.6344755 73 0.0671110912263
2.14836477833 1.81909793513 1.92709157337 1.84737924337 19221.7152305 73 0.0669612963707
2.14663611625 1.81821097378 1.9249270475 1.84512306193 19242.7186471 73 0.066812168723
2.1532684896 1.82277484476 1.93445535149 1.86038314055 19098.2415785 73 0.0666637038354
2.15283450976 1.82347223131 1.93460050815 1.86385168559 19061.8626059 73 0.0665158972995
2.15257876416 1.82311769973 1.93415971257 1.86272437391 19076.8795156 73 0.0663687447458
2.15333919396 1.8228081028 1.93450806712 1.86041157377 19098.5370067 73 0.0662222418436
2.14794214778 1.81870802163 1.92561763848 1.84587822599 19241.3128143 73 0.0660763843003
2.15161727894 1.82247678199 1.93409125415 1.86058468833 19106.0184192 73 0.0659311678608
2.15290524738 1.82329391631 1.93413561124 1.86332043424 19072.5694891 73 0.0657865883075
2.15063882248 1.82138811393 1.93396679874 1.85657321887 19130.2856583 73 0.0656426414599
2.15154270308 1.82249987242 1.93391770386 1.86099144475 19096.6713544 73 0.0654993231737
2.15283611111 1.8225172511 1.93442001487 1.85956623597 19105.4532291 73 0.0653566293408
DEBUT ITERATION : 1
4.01036390269 2.67926974704 2.73472463605 4.01036390269 19170.85846 120 0.49983338887
1.98670978509 1.72084662539 1.80138119174 1.67488877284 18788.4527231 68 0.491642084562
3.37167144265 2.53052641731 2.69247418052 3.07856931978 23362.6077579 116 0.483714930668
2.12490177454 1.8012477551 1.89368500991 1.78747056175 19714.7855401 73 0.476039352586
1.97988058008 1.71592575197 1.79510878816 1.66762627503 18944.0145632 68 0.468603561387
1.96873434516 1.70132522894 1.77825904783 1.63097430168 18410.0297244 67 0.461396493387
2.12368923738 1.80805948618 1.91343051483 1.81937526925 19643.4233293 73 0.454407755226
2.04930619776 1.74961276333 1.83135537659 1.71773045852 18440.0217611 69 0.447627573859
1.92462857737 1.66907707568 1.72979304896 1.58535461509 17774.5700096 65 0.441046750956
1.92576038213 1.66988852218 1.7315882454 1.58727526266 17748.5550727 65 0.434656621269
1.92389560339 1.66864129397 1.72900581289 1.58438580813 17793.9592404 65 0.428449014567
1.9293215732 1.67356855503 1.74074220524 1.59663116161 17715.264445 65 0.422416220783
1.92871005864 1.6730470157 1.73952548292 1.59535557078 17726.799067 65 0.416550958067
1.92246421789 1.66864645326 1.73094956088 1.5855095871 17906.3102515 65 0.410846343468
1.92776344984 1.67247293887 1.73838145471 1.594024926 17747.6235106 65 0.405295865982
1.92976629064 1.67396023025 1.74163303492 1.59757294263 17704.6011817 65 0.39989336177
1.93065763509 1.67461314026 1.74313096127 1.59915736033 17677.036795 65 0.394632991318
1.91887517163 1.66584525535 1.72680904981 1.57861312173 17943.7149555 65 0.389509218385
1.92890430701 1.6733427429 1.74024075075 1.59609062875 17720.1492292 65 0.384516790567
1.91908619404 1.66600607862 1.7268442864 1.57898872231 17938.1404833 65 0.379650721336
1.92283079958 1.66893283421 1.73165863896 1.58623719607 17884.2925515 65 0.374906273432
1.92933344345 1.67365183686 1.74093089914 1.59682820068 17710.3531154 65 0.370278943471
1.93047509947 1.67449218024 1.7428762534 1.59887799776 17679.3753751 65 0.365764447696
1.91885065995 1.66584119885 1.72679927341 1.57861346196 17937.5591262 65 0.361358708745
1.95177550842 1.68856215207 1.75795323431 1.61517353147 17973.6102595 66 0.357057843371
1.95534897333 1.69115952891 1.76114581807 1.62142353335 17896.4628788 66 0.352858151023
1.95467828986 1.69070060522 1.76060171275 1.62031808866 17904.1825719 66 0.348756103232
1.9298937534 1.67405490184 1.7418558645 1.59780629916 17701.9373498 65 0.344748333716
1.91886511678 1.66583262821 1.72681917312 1.578577672 17945.3418955 65 0.340831629175
1.93019424861 1.6742601463 1.74229658955 1.59828499149 17698.3127504 65 0.337002920692
1.92940119778 1.67369267443 1.74102254286 1.5969255515 17711.0610183 65 0.333259275717
1.92335032197 1.66927743637 1.73235619711 1.58701321237 17883.3393897 65 0.329597890574
1.9180700716 1.66523269693 1.72675394061 1.57715753435 17965.499202 65 0.32601608346
1.94274707125 1.68178284139 1.74969763418 1.59921013665 18176.6191644 66 0.322511287895
1.9223880197 1.66859427131 1.73084412682 1.58539275198 17904.3229091 65 0.319081046586
1.94641821928 1.68474572421 1.75322331872 1.60658306235 18122.2315241 66 0.315723005683
1.95521375128 1.69107139453 1.76104190363 1.62121784193 17898.447625 66 0.312434909394
1.92948465586 1.67376021783 1.74118062738 1.59709194819 17709.2322122 65 0.309214594929
1.91958411333 1.6663781973 1.72688408085 1.57986914037 17926.1328062 65 0.306059987758
1.94544215191 1.68399358602 1.75232818892 1.60476927142 18141.1632816 66 0.302969097152
1.91965494503 1.66643305259 1.72689288732 1.57999805441 17924.6202433 65 0.299940011998
1.94238370696 1.68151457333 1.7493808259 1.59856831562 18182.0964276 66 0.296970896852
1.92256707308 1.66873980953 1.73119750578 1.58575808593 17891.6886146 65 0.294059988238
1.93050514086 1.67448452419 1.74279999576 1.59882307807 17685.7912297 65 0.291205591147
1.9195700339 1.66637291063 1.7268788407 1.57986098796 17925.8698446 65 0.288406075755
1.95404450119 1.69024783122 1.76006306584 1.61920662091 17919.0494896 66 0.28565987431
1.92997733979 1.67411161259 1.74196699961 1.59793264573 17700.7498146 65 0.282965478212
1.92933268663 1.67362793914 1.74103673767 1.59682856656 17702.9821956 65 0.280321435246
1.91880031618 1.66577873743 1.72683944689 1.57843998735 17948.5349651 65 0.277726346973
1.95521418868 1.69106250807 1.76103054167 1.62118320603 17900.1496524 66 0.275178866263
1.94138899377 1.68077246998 1.74850688618 1.59678701097 18205.6031725 66 0.272677694965
1.94267226167 1.68172856566 1.74963347372 1.59908225123 18178.6911783 66 0.270221581697
1.94625972541 1.68462801563 1.75308057607 1.60629879453 18125.1697534 66 0.267809319764
1.93017779806 1.67426630213 1.74234525409 1.59832164411 17689.1280353 65 0.265439745178
1.92996035277 1.67410606343 1.741974711 1.59793079798 17692.5176838 65 0.263111734783
1.92963190316 1.67385911308 1.74138819733 1.59731989399 17706.6807332 65 0.260824204486
1.95296534784 1.68941705046 1.75891712487 1.61758473151 17980.6062245 66 0.258576107568
1.92831961437 1.67288078292 1.73930598329 1.59500624485 17732.9663899 65 0.256366433088
1.92223633468 1.66849124203 1.73061483334 1.58514853067 17906.2709246 65 0.254194204372
1.92198617465 1.66830290279 1.73017946733 1.58468853623 17912.1968887 65 0.252058477567
1.95273703131 1.6892456976 1.75877141577 1.61682998212 17952.1371288 66 0.249958340277
1.94179178212 1.6810717887 1.74885976868 1.59750286585 18195.9686527 66 0.247892910263
1.91942085054 1.66625859836 1.72686849989 1.57958734502 17929.0645785 65 0.245861334208
1.94477400481 1.68345455994 1.75168676566 1.60345696491 18155.2011396 66 0.243862786539
1.94332180892 1.68221682135 1.75020933485 1.6002556373 18161.1297186 66 0.241896468312
1.9428523498 1.68187329203 1.74980615044 1.59943459092 18170.9924964 66 0.239961606143
1.9197946695 1.66652910052 1.72689943182 1.58022371639 17929.1780572 65 0.238057451198
1.95511056291 1.6909930989 1.76094733044 1.62101957095 17900.38976 66 0.236183278224
1.92857380176 1.67310558516 1.73970600626 1.59552151822 17725.4620516 65 0.234338384627
1.93061112368 1.67457734346 1.74304327871 1.59906723243 17680.6081292 65 0.232522089599
1.9186787449 1.6656887515 1.72681957304 1.5782295191 17950.4250985 65 0.230733733272
1.94849880166 1.68609203601 1.75494012994 1.6093242372 18065.1751699 66 0.228972675927
1.94600016401 1.68440678532 1.75281778452 1.60574865002 18130.4728939 66 0.227238297228
1.91808195056 1.6652350968 1.72676582824 1.57715688336 17965.9433684 65 0.225529995489
1.91917716263 1.66606464138 1.7268506405 1.57912366454 17939.1272744 65 0.223847186987
1.91843810995 1.66550033945 1.72680968802 1.57777631709 17956.3229075 65 0.222189305288
1.94595351264 1.68438557265 1.75279549716 1.60570594594 18130.5415182 66 0.220555800618
1.94144956093 1.68081129659 1.74854889618 1.59687941524 18204.1680243 66 0.21894613925
1.94271047446 1.68176025814 1.74967393468 1.59915399069 18176.1951598 66 0.217359802927
1.94687832689 1.68508223281 1.75362588748 1.6074161763 18108.7398772 66 0.215796288304
1.91887058163 1.66583079854 1.7268257837 1.5785678266 17946.6826284 65 0.214255106413
1.91880038829 1.66577916471 1.72682422263 1.57844578919 17948.7057612 65 0.212735782159
1.91847089826 1.66552144669 1.72680840171 1.57782699467 17959.4359666 65 0.211237853823
1.94618214422 1.68459247211 1.75304049608 1.60623602259 18123.4546811 66 0.209760872605
1.91984137489 1.66658372662 1.72691461323 1.58035707944 17916.7564184 65 0.208304402166
1.93080515473 1.67471713056 1.74336547018 1.59940759213 17674.9568441 65 0.206868018204
1.95508860012 1.69098577548 1.76094056919 1.62101012732 17899.2355998 66 0.20545130804
1.9296001747 1.67384542509 1.74138208055 1.59730179895 17705.4773424 65 0.204053870222
1.92298679189 1.66902647198 1.73182424315 1.58643333325 17890.7456122 65 0.202675314147
1.91937980533 1.66624342016 1.7268495266 1.57956474926 17927.0474856 65 0.201315259697
1.94296868512 1.68195259743 1.74989896713 1.59961942198 18170.7538628 66 0.199973336888
1.91824050786 1.66535786527 1.72678804021 1.57744521975 17961.4583227 65 0.198649185538
1.94355451211 1.68239758408 1.75042041021 1.6007006709 18153.407767 66 0.19734245494
1.91811888389 1.66526042603 1.72678336562 1.57721007276 17964.562441 65 0.196052803555
1.92240211946 1.6686233354 1.73094553926 1.58548541272 17891.6296169 65 0.194779898714
1.94204344495 1.68126465724 1.74908971856 1.59796557375 18190.6134161 66 0.193523416333
1.92200155869 1.66831262768 1.73020439951 1.58471414374 17911.9225162 65 0.192283040636
1.91792904866 1.66511961598 1.72673109305 1.57689073112 17967.6817239 65 0.19105846389
1.93062985423 1.67458446707 1.74305279768 1.599080246 17680.9454839 65 0.189849386154
1.91967770733 1.66644552706 1.72691094625 1.58001964033 17925.2882378 65 0.18865551503
1.93072386925 1.67465482093 1.74319822397 1.59924162291 17677.6295006 65 0.187476565429
1.91887570173 1.66583403919 1.72684180963 1.57856985013 17946.2628345 65 0.186312259347
1.92803810243 1.67268069752 1.73886006556 1.59452944944 17736.4319889 65 0.185162325639
1.93003800026 1.6741543948 1.74207272471 1.59804058194 17700.2702095 65 0.184026499816
1.95613003157 1.69171553436 1.76181147618 1.62277821539 17881.6975746 66 0.182904523839
1.92910409705 1.67344249489 1.74057642533 1.59635712243 17717.9938947 65 0.181796145922
1.9180481292 1.66521043745 1.72677317263 1.57709453412 17963.9038636 65 0.180701120347
1.92910826831 1.6734918651 1.74058488581 1.59645349003 17716.7687883 65 0.179619207281
1.92953837058 1.67379501936 1.7412674792 1.59717980427 17708.9098038 65 0.178550172598
1.91843619642 1.66550602247 1.72680797252 1.5777944147 17953.5155899 65 0.177493787717
1.92954157591 1.67380576153 1.74129668124 1.59720914585 17705.6037371 65 0.176449829432
1.92986132385 1.67403170555 1.74179936505 1.59774789732 17702.800733 65 0.175418079757
1.94699696904 1.68515255216 1.75370769898 1.60757023546 18112.1439346 66 0.174398325776
1.95545598356 1.69124701956 1.76118934178 1.62195894712 17930.6255585 66 0.173390359496
1.94339693482 1.68227459496 1.75027551968 1.60039824976 18156.8134329 66 0.172393977704
1.93011751617 1.67422742577 1.74226826038 1.59823501262 17688.5185125 65 0.171408981831
1.95932810914 1.69407966369 1.76480096775 1.62881279783 17846.2965356 66 0.170435177821
1.92930118385 1.67363007288 1.74090419573 1.59678945826 17712.5947333 65 0.169472376003
1.93359439722 1.67680997803 1.74844448131 1.60468806387 17651.4172205 65 0.168520390967
1.95667003798 1.69210827547 1.76228022799 1.62375549916 17864.2304574 66 0.167579041448
1.91842649503 1.6655003243 1.72680841268 1.57778165816 17953.1097652 65 0.166648150206
1.94943704216 1.68678487837 1.75575932703 1.61098413836 18044.3148697 66 0.165727543918
1.92936188636 1.67366798739 1.74095401955 1.59685923081 17712.0233838 65 0.164817053071
1.92818332926 1.67279258238 1.73912506292 1.59480650876 17733.0357438 65 0.163916511857
1.93036656573 1.6743915352 1.74259972348 1.59860578177 17685.9260262 65 0.16302575807
1.94549204378 1.68405167054 1.75239919958 1.60492018347 18135.9016358 66 0.162144633013
1.9231741215 1.66916619738 1.73214271812 1.58677072688 17880.4509144 65 0.1612729814
1.94185186289 1.68113110775 1.74893497483 1.59765070916 18191.7567026 66 0.160410651267
1.92387934395 1.66966052743 1.73325873668 1.58792232813 17849.6007432 65 0.159557493884
1.92305715517 1.66908029704 1.73194194877 1.58655962166 17881.8850198 65 0.158713363665
1.95278204181 1.68927621104 1.75880679092 1.61691047679 17953.2564194 66 0.157878118093
1.93090178731 1.67478175273 1.74349389949 1.59955244387 17674.4709713 65 0.157051617632
1.93038171953 1.67442114299 1.74270566308 1.5987009956 17682.7395229 65 0.156233725654
1.94288133389 1.681871257 1.74980359886 1.59940811521 18174.9819085 66 0.155424308362
1.95524667164 1.69110833278 1.76108607765 1.62132827889 17892.5867211 66 0.154623234718
1.94480129784 1.68346206441 1.75169571251 1.60346408502 18157.690106 66 0.153830376372
1.9452440917 1.68382745299 1.75212815804 1.60436134183 18144.8303514 66 0.153045607591
1.95520907788 1.69107117875 1.76104240937 1.62121820716 17896.6388069 66 0.152268805197
1.94274286869 1.68177592094 1.74968652121 1.59919313728 18175.6232764 66 0.1514998485
1.92907619101 1.67344946769 1.74046067296 1.59633317035 17722.115416 65 0.150738619234
1.92898221273 1.67336165847 1.74041479799 1.59617569777 17713.1844213 65 0.1499850015
1.9455803259 1.68407669714 1.75242741337 1.6049496489 18141.1751321 66 0.149238881703
1.92167059814 1.66807807821 1.72967709257 1.584153622 17917.9203878 65 0.1485001485
1.92977292293 1.6739365253 1.74171318499 1.59755858827 17697.5880337 65 0.14776869274
1.93062727839 1.67460002101 1.7431095685 1.59913170661 17677.5179743 65 0.147044407411
1.91768562289 1.66493413254 1.72673955544 1.57644098995 17973.2845517 65 0.146327187591
1.91868405868 1.66569577919 1.72681685838 1.5782482619 17947.209971 65 0.145616930395
1.9428204439 1.68183240913 1.74975593918 1.59932345075 18175.3453245 66 0.144913534924
1.91952557271 1.66633561202 1.72688261258 1.57976787718 17926.4773158 65 0.144216902221
1.91837736038 1.66545450381 1.72680633332 1.57766900838 17960.9806159 65 0.143526935222
1.91882937783 1.66580619353 1.72681119474 1.57851698919 17945.967885 65 0.142843538711
1.92950251619 1.67377500223 1.74121211351 1.59712672378 17707.9878527 65 0.142166619278
1.9288460402 1.67328772918 1.7400886422 1.595941458 17723.6894143 65 0.141496085275
1.92900652131 1.67340902474 1.74037988042 1.59624284086 17719.762694 65 0.140831846775
1.94170888544 1.68101135553 1.74878802508 1.59736113932 18196.3872414 66 0.140173815531
1.91891742221 1.66587227373 1.72684243609 1.5786657566 17945.3280776 65 0.139521904939
1.91851811591 1.66556214832 1.72683107219 1.57791952867 17956.9816138 65 0.138876029997
1.95154096181 1.68839974439 1.75776147018 1.61477743023 17978.3155434 66 0.138236107271
1.92942748409 1.67371769981 1.74110152919 1.59699975684 17711.6812576 65 0.137602054857
1.94726233093 1.68534893952 1.75394496105 1.60804869812 18100.154945 66 0.136973792348
1.95537487004 1.69118401639 1.76117739012 1.62148440993 17894.1977191 66 0.136351240796
1.92127252393 1.66780214148 1.729070724 1.58350233248 17923.5634702 65 0.135734322686
1.92961608515 1.67386318616 1.7414328874 1.59735158703 17704.5729092 65 0.135122961895
1.93017683963 1.67426995225 1.74235581248 1.59833278257 17688.2509304 65 0.13451708367
1.92923687305 1.67356349401 1.74071735409 1.59660688142 17717.6270869 65 0.133916614588
1.92865472383 1.67312585943 1.73986825666 1.59560087947 17726.0113953 65 0.133321482535
1.94256980155 1.68165949196 1.74955281215 1.59891882658 18176.6595861 66 0.132731616671
1.91806997274 1.66523147485 1.72675415157 1.57715399909 17962.9724766 65 0.132146947406
1.93005098702 1.67416012463 1.7420662802 1.59804282353 17699.189526 65 0.131567406368
1.92868229746 1.67318672554 1.73989561802 1.59571989462 17723.6000197 65 0.130992926382
1.93052764111 1.6745062054 1.74285269779 1.59887802487 17684.5749049 65 0.13042344144
1.92835224438 1.67289106749 1.73948967405 1.59509661943 17722.3376473 65 0.129858886676
1.92874632517 1.67322877277 1.73997884701 1.59581387079 17724.0627012 65 0.129299198345
1.92927453276 1.67361307821 1.74085931471 1.59674503787 17712.5350969 65 0.128744313793
1.91870715434 1.66569880973 1.72682309305 1.57824814321 17955.1219105 65 0.128194171438
1.91944593352 1.66626650346 1.72686901668 1.57960160578 17934.7112437 65 0.127648710748
1.93053491214 1.67451606641 1.74289091866 1.59891126499 17683.4385286 65 0.127107872214
1.91772953819 1.66496160828 1.72676438712 1.57649670583 17974.6227271 65 0.126571597334
1.91899995435 1.66593061917 1.72684238296 1.5788035441 17943.894059 65 0.126039828586
1.94461375999 1.68332863477 1.75153674474 1.60315275172 18159.187319 66 0.125512509413
1.9557420795 1.69145646616 1.76144336276 1.62247129554 17925.8030648 66 0.124989584201
1.9548693954 1.69081608109 1.76073717491 1.62057689195 17908.0841637 66 0.124470998257
1.95166526916 1.68848906006 1.75787114942 1.61498311745 17976.256946 66 0.123956697794
1.94582154454 1.68429845879 1.75269145166 1.60550905219 18132.3369228 66 0.123446629907
1.92829908701 1.67290255043 1.73922845079 1.59502215123 17730.6674193 65 0.122940742562
1.93039662676 1.67442112692 1.7426827921 1.59868730345 17685.4776377 65 0.122438984573
1.94917009998 1.68658550497 1.75552273333 1.61050588122 18052.8538657 66 0.121941305585
1.9172745478 1.66462509609 1.72672089881 1.57570542577 17979.4167099 65 0.12144765606
1.93025236189 1.67431662992 1.7424498258 1.5984371391 17687.9225667 65 0.120957987259
1.91699922862 1.6644026353 1.72669741285 1.57517316963 17989.5842292 65 0.120472251225
1.94610753528 1.68452023582 1.75295187172 1.60604761205 18126.5391819 66 0.119990400768
1.94569200515 1.68417339201 1.75254418721 1.60518784962 18138.3290986 66 0.119512389451
1.92841121938 1.67295597827 1.73948823119 1.59519563897 17729.3159714 65 0.119038171574
1.93100179409 1.67485421977 1.74365684038 1.59972625775 17672.7252409 65 0.118567702158
1.91858366709 1.66560888532 1.72683043059 1.57803094984 17956.5841304 65 0.118100936934
1.92224633555 1.66850278609 1.73066897473 1.58519229371 17901.0245603 65 0.117637832327
1.94558625704 1.68408281573 1.7524303787 1.60497295777 18140.4133387 66 0.117178345442
1.91857621395 1.66561262871 1.72681750009 1.57804746564 17949.6531022 65 0.116722434052
1.92276445338 1.6688638886 1.73146243548 1.58604562975 17894.7705437 65 0.116270056585
1.94128312537 1.68069045782 1.74841231056 1.59658478952 18207.2722488 66 0.11582117211
1.93025174542 1.67431296289 1.74243146833 1.59842267762 17688.454818 65 0.115375740328
1.95256260908 1.6891147245 1.75861159399 1.61651195657 17959.4289382 66 0.114933721554
1.92907987591 1.67342718238 1.74054271113 1.59632141601 17719.780731 65 0.114495076712
1.94605047977 1.68448255965 1.75291185122 1.60595488835 18127.5995858 66 0.114059767318
1.9459160401 1.68438816705 1.75279912542 1.6057358547 18127.1071986 66 0.113627755473
1.91893421411 1.66588023009 1.72684680186 1.57867963105 17944.524986 65 0.113199003849
1.91758767657 1.66485706099 1.7267315471 1.5762571948 17974.8287568 65 0.112773475679
1.91895060395 1.66588989278 1.7268308975 1.57870800357 17945.4530582 65 0.112351134746
1.92982224828 1.67397466937 1.74180021451 1.59765093226 17694.889331 65 0.111931945377
1.94852810555 1.68611562502 1.75496664704 1.6093848535 18062.1056197 66 0.111515872426
1.91843636574 1.6655145342 1.72678217841 1.57782693741 17953.1278864 65 0.111102881268
1.92787704505 1.67257239467 1.73863288495 1.59428018678 17739.3863282 65 0.110692937791
1.92069654186 1.66722926724 1.72741594928 1.58189185404 17900.5893576 65 0.110286008382
1.91895890436 1.66590243311 1.72683792692 1.57873792032 17944.402076 65 0.109882059922
1.91738598025 1.66469421458 1.72672208742 1.57586441915 17980.2454421 65 0.109481059777
1.93031878037 1.67436947546 1.74258015441 1.59857111847 17685.2590145 65 0.109082975784
1.93048173682 1.67447830321 1.7428147432 1.59882553159 17684.7247738 65 0.108687776248
1.92220691767 1.66847301176 1.73058526395 1.58511107806 17902.9401654 65 0.108295429933
1.94462012968 1.68332298605 1.75152757135 1.6031343353 18159.3184647 66 0.10790590605
1.91849629931 1.66555385798 1.72679574429 1.57791569626 17954.1450976 65 0.107519174253
1.93011751963 1.67421521124 1.74220523406 1.59818394976 17690.6943757 65 0.107135204628
1.95641741201 1.69192668748 1.76200344178 1.62361299032 17914.1560595 66 0.106753967689
1.92931071548 1.67360241798 1.7409666563 1.59675942215 17706.4662375 65 0.106375434366
1.92320259761 1.66919081173 1.73221734282 1.58684122471 17879.0178975 65 0.105999576002
1.92282004699 1.66891116634 1.73156446769 1.58615625127 17887.0248214 65 0.105626364341
1.9425649469 1.68163694496 1.7495268664 1.59884731202 18181.2299654 66 0.105255771525
1.9189524484 1.66589551251 1.72684308176 1.57871901356 17942.7762786 65 0.104887770086
1.91720528424 1.66455716541 1.72670687922 1.57554129851 17986.8428519 65 0.104522332938
1.95106431021 1.6880288441 1.75732515667 1.61386621858 17994.1476181 66 0.104159433373
1.95480975402 1.6907914156 1.76070797541 1.62054539366 17904.3213362 66 0.103799045049
1.95536718839 1.69118555613 1.76118067418 1.62149654153 17894.0030837 66 0.10344114199
1.91804655929 1.66520987463 1.72675539043 1.57710008788 17966.6052274 65 0.103085698577
1.91928666663 1.66614359718 1.7268756496 1.57930335689 17939.2250321 65 0.102732689542
1.94625646628 1.68460921338 1.75306089419 1.60623778001 18127.2758375 66 0.10238208996
1.9181358585 1.66527627633 1.72677821434 1.5772517865 17965.9256484 65 0.102033875247
1.91885161482 1.66581386041 1.72683711032 1.57852229435 17946.6963627 65 0.101688021151
1.92907248895 1.67346901818 1.74052949464 1.59639650851 17715.8072033 65 0.10134450375
1.9196926694 1.66646554398 1.72689597863 1.58007734867 17922.9608442 65 0.101003299441
1.92179633442 1.66816498013 1.7298718204 1.58435995855 17916.7669887 65 0.100664384941
1.93055521144 1.67453074302 1.7429257068 1.59894767244 17683.7554095 65 0.100327737275
1.92894702329 1.67337434154 1.74031846169 1.59616978451 17717.8809094 65 0.0999933337777
1.91821039899 1.66532277012 1.72679786895 1.57735248976 17963.6784485 65 0.0996611520829
1.92872196446 1.67320472101 1.73991452926 1.59574979302 17724.1846593 65 0.0993311701212
1.91915795299 1.66605159207 1.72684138899 1.57909464704 17938.6402601 65 0.0990033661144
1.94551098604 1.68406806383 1.75241668465 1.60496474704 18136.6553007 66 0.0986777185711
1.95338206485 1.68978777638 1.75951388365 1.61808757758 17938.054882 66 0.0983542062816
1.9422072002 1.68136850429 1.74921220085 1.59819815031 18188.9374905 66 0.0980328083132
1.92719209055 1.67204688647 1.737555616 1.59305102845 17750.5286491 65 0.0977135040063
1.91939448179 1.6662313785 1.72687645491 1.57951692882 17933.2682658 65 0.0973962729693
1.93017412114 1.6742651935 1.74233990872 1.59831789737 17689.6073556 65 0.0970810950748
1.92172920714 1.66812576516 1.72979498114 1.58427392789 17913.8559545 65 0.0967679504548
1.92932937286 1.67359450181 1.74108381388 1.59679111302 17704.2910708 65 0.0964568194971
1.95166263848 1.68849116587 1.75787143485 1.61500996494 17974.1212505 66 0.0961476828408
1.91854599091 1.66557787272 1.72681601786 1.57795993888 17957.7583941 65 0.0958405213724
1.94489321275 1.68355540289 1.75180687155 1.60370476905 18151.9646154 66 0.0955353162219
1.91906726136 1.66599122953 1.7268228741 1.57896065069 17941.3411288 65 0.0952320487588
1.91781456771 1.66501800205 1.72674431621 1.57663601509 17974.1249013 65 0.0949307005886
1.92968221016 1.67389253205 1.74146494449 1.59740071519 17706.9838299 65 0.0946312535487
1.91924838426 1.66613307582 1.72683669441 1.57929929694 17932.7183924 65 0.094333689705
1.92943636099 1.67373602803 1.74114230635 1.59704359082 17707.35268 65 0.0940379913485
1.91844633239 1.66551400955 1.72677099024 1.57782682328 17954.3329781 65 0.0937441409912
1.95386171918 1.69004136602 1.75971900597 1.6187764523 17917.0380171 66 0.0934521213632
1.92721258435 1.67208470757 1.73710176104 1.59287422096 17720.971801 65 0.093161915409
1.94516892686 1.68377460684 1.7520676224 1.6042349028 18145.2460499 66 0.0928735062844
1.93030702719 1.67434505622 1.7425019988 1.59849758715 17689.3347593 65 0.0925868773532
1.91813989619 1.66527670718 1.72678118808 1.57725005573 17963.9231016 65 0.0923020121839
1.929398982 1.67370038638 1.74105751011 1.59695491029 17710.7100332 65 0.0920188945463
1.94088611008 1.68040712396 1.74807555592 1.5959213204 18213.212179 66 0.0917375084093
1.94614803811 1.68455754462 1.75300017579 1.60613749515 18125.4444133 66 0.0914578379367
1.94501898031 1.68365984617 1.75192954508 1.60396300174 18148.8182317 66 0.0911798674853
1.9288018633 1.67323369771 1.74011506104 1.59586247601 17722.3513091 65 0.0909035816011
1.9541555646 1.69032106317 1.76014746674 1.6193881675 17918.894563 66 0.0906289650172
1.91889250386 1.66583985567 1.72684340677 1.578580023 17947.7463812 65 0.0903560026504
1.95196311903 1.6886998236 1.758119088 1.61551125534 17967.6107451 66 0.0900846795988
1.92846804643 1.67299517795 1.73957367433 1.59528774834 17728.2183888 65 0.0898149811389
1.94895023675 1.68641937449 1.75532695979 1.61010282021 18055.4044028 66 0.0895468927228
1.93101778417 1.67486374442 1.74368830361 1.59975510592 17674.476107 65 0.0892803999762
1.92719121796 1.67203585663 1.73752376086 1.59302034016 17753.4868494 65 0.089015488695
1.94724287258 1.68533442451 1.75392490823 1.60802071236 18102.3496147 66 0.0887521448435
1.95158401457 1.68843246749 1.75780256319 1.6148544659 17977.0377512 66 0.0884903545514
1.9189331478 1.66588511198 1.72683778249 1.57869790125 17943.7409626 65 0.0882301041115
1.9188500424 1.66582013554 1.72684263504 1.57853833224 17944.2298854 65 0.0879713799777
1.91827766069 1.66539469817 1.72676722309 1.57754442473 17956.4212844 65 0.0877141687621
1.92274454163 1.66884100435 1.7313696975 1.58596473678 17899.7075822 65 0.0874584572328
1.91823085252 1.66534819974 1.72679448694 1.57741898309 17963.4009483 65 0.0872042323121
1.94228998069 1.68145526242 1.74931406723 1.59843116856 18184.4092616 66 0.0869514810736
1.91861148699 1.66563044946 1.72683610057 1.57808085977 17954.9894616 65 0.0867001907404
1.93114365145 1.67496524456 1.74393688586 1.60001163641 17668.2689461 65 0.0864503486831
1.93041885168 1.67442941181 1.74269438579 1.59870223942 17685.8708879 65 0.0862019424171
1.92267074341 1.66881489438 1.7313648752 1.58593749193 17888.074781 65 0.0859549596012
1.92233961125 1.66856380596 1.73080462619 1.58533698654 17900.2994388 65 0.085709388035
1.92948143628 1.67376617757 1.74120489797 1.59711303321 17706.4852387 65 0.0854652156572
1.92939427251 1.6736943512 1.74101714512 1.5969252641 17712.024317 65 0.0852224305437
1.94205506329 1.68125877813 1.74907923767 1.59794466569 18192.7005588 66 0.0849810209053
1.91867392731 1.66569190392 1.72681933283 1.57824093041 17948.5729005 65 0.0847409750862
1.93013982058 1.67423584783 1.74224776675 1.59823139232 17688.1898229 65 0.0845022815616
1.92990486593 1.67406504074 1.74188183216 1.5978321727 17692.5583552 65 0.0842649289366
1.91893786804 1.66588850338 1.72684280257 1.57870412585 17943.7888367 65 0.0840289059436
1.92943358727 1.67372525517 1.74110628452 1.597010734 17710.4713576 65 0.0837942014413
1.928234502 1.67283745269 1.73923862904 1.59492138657 17729.5696686 65 0.083560804412
1.92209929226 1.66838863037 1.73038923636 1.58490466437 17909.1596271 65 0.0833287039609
1.9431296888 1.68207469918 1.75004207858 1.59991542922 18166.1597649 66 0.0830978893136
1.93017241002 1.67425252734 1.74228672576 1.59827177751 17689.7589969 65 0.0828683498149
1.95562339457 1.6913660249 1.76139432658 1.62193967283 17889.4233057 66 0.082640074927
1.941621638 1.68093412609 1.7487020353 1.59715582413 18201.5277953 66 0.0824130542278
1.93008580775 1.67418586229 1.74214017728 1.59811374399 17699.1788967 65 0.0821872774095
1.95262578182 1.68916278265 1.75866836876 1.61663673098 17957.3773653 66 0.0819627342768
1.91848395438 1.66553758347 1.72679683472 1.5778723435 17957.4693456 65 0.0817394147458
1.95432781648 1.69043578809 1.76028230624 1.61966139466 17917.1890473 66 0.0815173088419
1.92949952932 1.67378271173 1.74125224528 1.59715882936 17706.4038103 65 0.0812964066988
1.91836080456 1.66544560375 1.72680530166 1.57764822996 17959.0197257 65 0.0810766985568
1.92968221309 1.67389495176 1.74147448326 1.59740896593 17706.4845261 65 0.0808581747615
1.9297092944 1.67393730187 1.74162057566 1.59754159592 17695.0229021 65 0.0806408257621
1.91853141815 1.66557482229 1.72680482548 1.57795897401 17952.4431103 65 0.0804246421103
1.93066749639 1.67460708616 1.74309561687 1.599129478 17681.8509162 65 0.0802096144591
1.93005614542 1.67418008566 1.74214557086 1.59811155029 17687.8092712 65 0.0799957335609
1.94172251729 1.68101729909 1.74879332042 1.59737419056 18198.4995132 66 0.0797829902665
1.91883366083 1.66581261651 1.72680827953 1.57853427187 17944.4906556 65 0.0795713755238
1.93015021005 1.67423345024 1.7422481519 1.59822809166 17690.3601493 65 0.0793608803767
1.92694791492 1.67187786936 1.73719052556 1.59265601439 17756.5906689 65 0.0791514959633
1.91816794655 1.66530965289 1.72678666978 1.57733223439 17959.9738523 65 0.0789432135151
1.91852563655 1.66556554229 1.72681914804 1.57793075761 17957.5963063 65 0.0787360243557
1.93090347593 1.67477982697 1.74348850972 1.59954672206 17676.5277757 65 0.0785299198995
1.93015880063 1.67425884672 1.74233801638 1.59831015715 17687.1619853 65 0.0783248916506
1.92168841974 1.66809253245 1.72970588177 1.58418541026 17917.1910852 65 0.0781209312015
1.92312757159 1.66913110506 1.73206978446 1.58668965523 17881.4196969 65 0.0779180302322
1.92083180854 1.6674762995 1.72833708698 1.5827215661 17933.1427657 65 0.0777161805088
1.94916411098 1.68658644625 1.75552612286 1.61051056952 18048.4593704 66 0.0775153738825
1.92313899053 1.66915365913 1.73214495222 1.58675986098 17877.9370782 65 0.0773156022885
1.94274190005 1.68178826598 1.74970428503 1.59923056257 18174.8165988 66 0.0771168577451
1.93094805531 1.67481875136 1.74359206642 1.59965039692 17673.9025455 65 0.0769191323522
1.9281220967 1.67273274975 1.73914101317 1.59472157445 17723.7830643 65 0.0767224182906
1.9490056471 1.68645957617 1.75537510096 1.61019782865 18057.4849757 66 0.076526707821
1.93082515408 1.6747304622 1.74339917865 1.59944159052 17676.7141743 65 0.0763319932828
1.92122696532 1.66775972294 1.72895981486 1.58339073183 17925.9044286 65 0.076138267093
1.92846118971 1.67302582509 1.73951971293 1.59532662605 17728.6794978 65 0.0759455217457
1.94228399136 1.68142494911 1.74927757606 1.59833684735 18188.7875088 66 0.0757537498106
1.92160031905 1.66803616263 1.72960306587 1.5840654195 17916.9819508 65 0.0755629439323
1.91847205009 1.66552292029 1.72683767759 1.57782111127 17958.5289574 65 0.0753730968293
1.93034528844 1.67438659516 1.74259968948 1.59860061528 17682.2540815 65 0.0751842012932
1.91779403355 1.66501035739 1.72676755537 1.57661329136 17973.4478505 65 0.0749962501875
1.92993663901 1.6740787487 1.74189691245 1.59785501878 17701.5858266 65 0.0748092364471
1.92962262301 1.6738308933 1.74148338344 1.59730996674 17699.4428829 65 0.074623153077
1.91875352937 1.66574765981 1.72681299414 1.57837570715 17949.3648136 65 0.0744379931517
1.92149154968 1.66794142817 1.72934077363 1.58380834179 17922.2746979 65 0.0742537498144
1.94129605884 1.68071021732 1.74843376565 1.59664334296 18204.9968022 66 0.0740704162757
1.94131744014 1.68071803341 1.7484397117 1.59666063504 18207.2202207 66 0.0738879858135
1.92378542522 1.66957103967 1.73299780534 1.58766938577 17854.7490787 65 0.0737064517714
1.95258832008 1.68913219689 1.75863228227 1.61655465576 17959.154378 66 0.0735258075585
1.91842709056 1.66552041354 1.72677070768 1.57785045608 17947.6442028 65 0.0733460466481
1.94524315575 1.6838409566 1.75214762484 1.60440056892 18144.408423 66 0.0731671625774
1.92889702985 1.67332589214 1.74018074235 1.59603660475 17724.1497808 65 0.0729891489465
1.92708628137 1.67196418696 1.73736863107 1.59285247958 17754.6742448 65 0.0728119994175
1.93038475577 1.67441437302 1.74267965017 1.5986777563 17684.035871 65 0.0726357077139
1.94837168952 1.68599899353 1.75482884701 1.60910502381 18066.7639247 66 0.0724602676199
1.9294467965 1.67374242834 1.74116213964 1.59706232143 17700.0462754 65 0.0722856729796
1.9517846539 1.68857552222 1.75797448452 1.615197783 17969.5832184 66 0.0721119176963
1.92865710432 1.67313177297 1.73988758044 1.59561908182 17723.7564549 65 0.0719389957316
1.92960738417 1.67383716491 1.74133237918 1.59726331963 17709.8348984 65 0.0717669011052
1.95468892735 1.69069783769 1.76059628231 1.62030069586 17905.9528339 66 0.0715956278937
1.92959059289 1.67385391101 1.74143147364 1.59734081801 17697.6885362 65 0.07142517023
1.93073445338 1.67466049522 1.74321892447 1.59925988221 17678.7807817 65 0.071255522303
1.9295932841 1.67381617286 1.74126612077 1.59720068809 17710.8360789 65 0.0710866783565
1.92411984112 1.66983357897 1.73363721622 1.58833058558 17844.0982298 65 0.0709186326888
1.91874883632 1.66573982723 1.72683733585 1.57834615844 17949.6434957 65 0.0707513796519
1.93049110675 1.67448856805 1.74284607064 1.59885555318 17683.4621839 65 0.0705849136511
1.92938672201 1.67368397122 1.7409946869 1.59690051517 17712.2134349 65 0.0704192291442
1.93001793273 1.6741430225 1.74203332026 1.59800529527 17699.5958869 65 0.0702543206407
1.92867070805 1.67315700114 1.73979306854 1.59562695069 17729.5038797 65 0.0700901827017
1.92230379764 1.66853934584 1.73073714208 1.58527102883 17900.2813586 65 0.0699268099389
1.94212982187 1.68133355878 1.74916902746 1.59813991896 18188.9416547 66 0.0697641970141
1.92800879214 1.67266561854 1.73884032219 1.5945026241 17736.268335 65 0.0696023386386
1.92298304305 1.66903039137 1.73186129185 1.58645979795 17884.7050739 65 0.0694412295727
1.91843443945 1.6654993138 1.72681331051 1.57777418195 17957.800273 65 0.0692808646252
1.91897504054 1.66591509287 1.72684588105 1.57876650184 17944.1766422 65 0.0691212386526
1.91855198847 1.66557717192 1.72682370225 1.57795414989 17959.085153 65 0.0689623465588
1.91983895625 1.66657947198 1.72689092423 1.5803545954 17919.3339432 65 0.0688041832943
1.94256502435 1.68164879785 1.74953947789 1.598887335 18179.161925 66 0.0686467438561
1.93001632345 1.67412879718 1.74198675582 1.59796160343 17701.615908 65 0.0684900232866
1.94203847789 1.68126360394 1.74909065109 1.59796221848 18188.7396164 66 0.0683340166735
1.95222691597 1.68888234281 1.7583344719 1.61595714466 17964.8040835 66 0.0681787191491
1.93010324356 1.67419657617 1.74216181122 1.59813775991 17699.3136295 65 0.06802412589
1.92977641831 1.67393330259 1.74169665452 1.59754481195 17698.7417479 65 0.0678702321162
1.9223614846 1.6685819433 1.73081083219 1.58536035489 17898.9989958 65 0.0677170330911
1.94274877636 1.6818042152 1.74972288838 1.59927859252 18171.9191823 66 0.0675645241205
1.9303738385 1.67439954303 1.74262152315 1.59862705673 17684.1594995 65 0.0674127005528
1.95632575181 1.6918650336 1.76199118178 1.62315778044 17869.715264 66 0.0672615577777
1.9426352042 1.68170525832 1.74960657021 1.59902642605 18176.7903192 66 0.0671110912263
1.94235631994 1.68149710957 1.74936122733 1.59852792835 18182.2900219 66 0.0669612963707
1.91924426643 1.66613102803 1.72685694345 1.57928798287 17935.8199665 65 0.066812168723
1.95679075988 1.69219467055 1.76232461672 1.62426964266 17905.7799091 66 0.0666637038354
1.92942848511 1.67367078577 1.74107602631 1.59689607358 17705.6758835 65 0.0665158972995
1.93062294041 1.67457757985 1.74302924384 1.59905841881 17681.6279707 65 0.0663687447458
1.93055521075 1.67453263999 1.74293566043 1.59895549687 17681.4369519 65 0.0662222418436
1.91951216537 1.66632578392 1.7268816519 1.57974453558 17932.6954372 65 0.0660763843003
1.92921245904 1.67356678068 1.74073946987 1.59662468114 17714.5453781 65 0.0659311678608
1.91812350775 1.66526369911 1.72675963703 1.57722563875 17965.2598272 65 0.0657865883075
1.91963226789 1.66642834847 1.72688173697 1.57999613224 17923.1535115 65 0.0656426414599
1.91837555136 1.66544663119 1.72680785834 1.5776462054 17961.4484306 65 0.0654993231737
1.956845272 1.69225123877 1.76239377542 1.62443623531 17895.2796701 66 0.0653566293408
