2.09833395922 1.76206058394 1.85758393441 2.00268436617 -0.0702188530933 0 0.47417222521
2.39697569762 1.93914132868 2.05264942691 2.27044284 -0.0606689242455 50 0.428809178394
2.40339798992 1.94096924399 2.05146271079 2.27615655982 -0.0578692241265 100 0.387785917645
2.40324897322 1.94010363682 2.05077782631 2.27209997632 -0.0591652543156 150 0.350687264874
2.46121004875 1.97973211686 2.10046675179 2.31554582669 -0.0630809690763 200 0.317137761195
1.86362115676 1.63108227802 1.73275698252 1.71215668795 -0.0778771738095 250 0.286797867073
2.05809761343 1.74891327043 1.89051439092 1.90329822451 -0.0757520477679 300 0.259360525999
2.31173702977 1.89038005727 2.0021334625 2.19624902831 -0.0715281268898 350 0.234548056906
2.16247117388 1.80150249668 1.91271209391 2.04367994228 -0.0657246271782 400 0.21210934388
3.15858612292 2.34496620721 2.42727328443 3.03751960489 -0.0516165309189 450 0.191817294737
2.15528772691 1.80572234538 1.94274759216 2.00737197174 -0.0637791633797 500 0.173466542713
1.88990124013 1.64559025674 1.75733864289 1.75053080075 -0.0591375265459 550 0.156871368049
2.85749014623 2.20025173456 2.30418743399 2.71944022579 -0.0549895767879 600 0.141863818398
2.33747901646 1.90877245599 2.0256398463 2.22813136941 -0.0624453892641 650 0.128292009057
1.93851387393 1.67706030868 1.79450051901 1.79450051901 -0.073672346787 700 0.116018585808
2.1920078902 1.81442781811 1.90699683603 2.15912783961 -0.0684807804496 750 0.104919334819
2.43220049288 1.94632801027 2.03887692333 2.35884283752 -0.0646648403402 800 0.0948819255312
2.50411847913 1.97142190098 2.04681145803 2.4585330514 -0.0655491162058 850 0.0858047738107
3.41136003955 2.45640713943 2.52011419888 3.33607316979 -0.0608606200115 900 0.0775960138613
2.58827913302 1.99967838309 2.06246821891 2.57252626048 -0.0652306435578 950 0.0701725684919
4.23840151764 2.89404234295 2.95710999615 4.21488491737 -0.0541975832109 1000 0.0634593083293
2.31275678006 1.87320604694 1.9557803548 2.26410732579 -0.0702350634125 1050 0.0573882914675
3.97353723029 2.76703604633 2.8315978032 3.89306924355 -0.0535773583989 1100 0.0518980758578
2.594642789 1.98010073286 2.03568178922 2.594642789 -0.0650990187575 1150 0.0469330974815
2.60060953253 1.98814386366 2.0502121436 2.60060953253 -0.0670005133619 1200 0.0424431080113
2.33817163663 1.88188729651 1.9603551408 2.28855667488 -0.0641497200261 1250 0.0383826662701
2.41407321053 1.92579960316 2.00474762202 2.35850761678 -0.0704818275341 1300 0.0347106783417
2.3572089095 1.90177436146 1.98906770059 2.29121664395 -0.0534748409787 1350 0.0313899816773
2.65940754216 2.02428496536 2.07000660656 2.63661895076 -0.0525494710789 1400 0.0283869689897
3.05789103305 2.26448338561 2.35033975892 3.05008688085 -0.0481134670389 1450 0.0256712481297
2.5765746581 2.01256267168 2.08908038919 2.52646804435 -0.0690960461289 1500 0.0232153345
2.48505866234 1.95634015933 2.02799418971 2.44176170954 -0.0641192818188 1550 0.0209943728962
2.48366886356 1.95527935113 2.02635640479 2.44287627785 -0.0639915327694 1600 0.0189858859585
2.54701146351 1.98555871474 2.05276056653 2.50866881146 -0.0652554863738 1650 0.0171695466881
2.55179199007 1.98684939425 2.05293056143 2.52271327399 -0.0637584990789 1700 0.0155269727269
2.49368305331 1.96309770699 2.0354884074 2.4513926918 -0.0705379981939 1750 0.014041540318
2.51782128712 1.97858654254 2.05277911621 2.46856420625 -0.0701656052741 1800 0.0126982160638
2.53102402647 1.98305720752 2.05505669079 2.48969674284 -0.0660959677143 1850 0.0114834047797
2.46504914249 1.9528219304 2.03039601094 2.37122835074 -0.0656675977807 1900 0.0103848119037
2.53189827764 1.98350805648 2.05538003842 2.49281835901 -0.0663224952457 1950 0.00939131906812
2.43699597875 1.93490715613 2.01013358885 2.39847677489 -0.0661294994515 2000 0.00849287157604
2.59608069545 2.01419964348 2.08216725489 2.56355554576 -0.0674281250808 2050 0.00768037664187
2.56091611615 1.99695173367 2.06655734503 2.52623532126 -0.0689791992483 2100 0.00694561136747
2.44083891771 1.9374743847 2.01352876212 2.3938624187 -0.0652047550769 2150 0.00628113952185
2.51137872422 1.96988980242 2.04000359549 2.47587065472 -0.0635296103764 2200 0.00568023628239
2.50798747626 1.96943115474 2.04086032272 2.47049153815 -0.0642782413895 2250 0.00513682017595
2.55608037859 1.99540873522 2.06584827949 2.52001057942 -0.069497433636 2300 0.00464539153096
2.53764266617 1.98309579887 2.05207864063 2.50515405776 -0.0661923970242 2350 0.00420097681771
2.53469036261 1.98392505882 2.05498826681 2.49666781759 -0.0648613709527 2400 0.00379907831349
2.55620617324 1.99555068567 2.06614327061 2.5204863567 -0.0690043949476 2450 0.00343562858314
1.98388324623 1.70046461989 1.8269982092 1.83560958288 -1.0 0 0.47417222521
2.09238076897 1.76600976314 1.88502501072 1.95991191356 -1.0 50 0.428809178394
2.59163290503 2.06675941786 2.20584434196 2.41910245933 -1.0 100 0.387785917645
2.47664558088 1.94801843153 2.01426454071 2.42070026722 -1.0 150 0.350687264874
4.18094591397 2.90535325749 2.97855430043 4.01574443925 -1.0 200 0.317137761195
3.09488624202 2.32052624108 2.41350713721 2.9700249041 -1.0 250 0.286797867073
2.81105103931 2.16845333805 2.27138878885 2.68333068519 -1.0 300 0.259360525999
2.79385583568 2.15696333954 2.25768375726 2.66995639978 -1.0 350 0.234548056906
2.76719802474 2.14403279371 2.24418862826 2.65047574441 -1.0 400 0.21210934388
2.81187377026 2.16883774163 2.27148797343 2.68390688104 -1.0 450 0.191817294737
2.73667794445 2.12623891689 2.22895390327 2.61352563723 -1.0 500 0.173466542713
2.69679403511 2.10685431992 2.21363588269 2.56796906601 -1.0 550 0.156871368049
2.79568267088 2.15713989466 2.25693771803 2.67999675201 -1.0 600 0.141863818398
3.87250908551 2.71243175269 2.77447638187 3.81297471761 -1.0 0 0.47417222521
2.69176980511 2.10669377265 2.2163913103 2.55028442803 -1.0 50 0.428809178394
3.25003030413 2.3766963179 2.45062022344 3.24092594668 -1.0 100 0.387785917645
2.59068735257 2.04122284783 2.13860937262 2.49503034268 -1.0 150 0.350687264874
2.48798925063 1.98023187328 2.07757357478 2.37629802575 -1.0 200 0.317137761195
2.39161585143 1.92731281264 2.02824423948 2.27505967563 -1.0 250 0.286797867073
2.32708201231 1.89321512463 1.99597643865 2.20869154449 -1.0 300 0.259360525999
2.33410023412 1.89499970767 1.99608814999 2.21482936459 -1.0 350 0.234548056906
2.3448708934 1.89861403499 1.9958869149 2.23313969383 -1.0 400 0.21210934388
2.32849796704 1.90284186007 2.01196532783 2.27629631088 -0.0619633920238 0 0.475740758189
2.62785000672 2.074232282 2.19021442085 2.4842606 -0.0559769728083 0 0.484838249469
1.96549106936 1.69344946511 1.81680919067 1.81049274798 -0.0754143590793 50 0.476424226148
3.17019901383 2.37132181617 2.47104011969 3.02640316921 -0.0479405396403 100 0.468156222223
3.38800035099 2.48156390179 2.56809017104 3.25233747752 -0.0486253858489 150 0.460031703632
2.79154838453 2.15647387065 2.25283536142 2.71856674637 -0.0631604310053 200 0.452048180288
3.03920500561 2.26473486473 2.34995629009 3.03559732409 -0.0583083638727 250 0.444203205319
2.65833337477 2.08900388116 2.19465648722 2.5668113136 -0.0653278881383 300 0.436494374316
2.60109249701 2.05733472031 2.16516875574 2.50058828119 -0.0697569225371 350 0.428919324598
2.75324368403 2.13733884113 2.23682210689 2.6862929579 -0.065690362047 400 0.421475734486
2.06091428317 1.74952117352 1.87078300961 1.93421479637 -0.0628915279423 450 0.414161322591
2.66488055073 2.10394423277 2.22930630451 2.52585530769 -0.0605174156686 500 0.406973847117
2.05495334364 1.74302286949 1.8686500925 1.91752527138 -0.0686384851131 0 0.484838249469
2.14329038582 1.79914549152 1.9291636616 2.00120743894 -0.0622518972496 15 0.481947527875
3.61855687602 2.6025833489 2.6794353975 3.51965336318 -0.0462999167951 30 0.479074041455
3.11767133961 2.33577664398 2.42826087493 2.98559782158 -0.053566727267 45 0.476217687449
2.39864115549 1.93533554419 2.0366779714 2.29770822672 -0.0724783509481 60 0.473378363708
4.65229526179 3.15043461717 3.22074601538 4.4858991319 -0.0351749563815 75 0.470555968694
2.30824684403 1.89073704114 2.01166529379 2.17211559321 -0.0647452952984 90 0.467750401474
2.32560273078 1.89727354566 2.00965654257 2.20169635008 -0.0585261322129 105 0.464961561717
2.40537516591 1.94062017469 2.04997777398 2.27480426858 -0.06138096716 120 0.46218934969
2.46992187601 1.97454820128 2.079061196 2.34628778193 -0.0583133985943 135 0.459433666253
2.56348730891 2.0220504969 2.117774311 2.44479154513 -0.0613596175821 150 0.456694412861
2.63000383641 2.05488382371 2.14683777819 2.57882042881 -0.0558112969916 165 0.453971491552
3.10999544832 2.12111534647 2.12962325296 3.10999544832 -0.0564115007359 180 0.451264804951
1.93163679541 1.67385348617 1.79104838862 1.77652454658 -0.0747721584448 195 0.448574256263
2.33485586126 1.91610855656 2.05915599355 2.1728335513 -0.0753125923374 210 0.44589974927
2.40123847857 1.95294713767 2.08998165404 2.24620628561 -0.068011590125 225 0.443241188327
2.35765708315 1.92629986108 2.06008571759 2.21041527227 -0.0663176394937 240 0.44059847836
2.83293413552 2.17728557704 2.2745150169 2.70108010077 -0.0518403944259 255 0.437971524862
3.56521452867 2.57218814521 2.6515892635 3.42462950668 -0.0529111398078 270 0.435360233889
2.84453567497 2.18708982167 2.28838785725 2.70394280927 -0.0584432592206 285 0.432764512057
1.97589388668 1.70229973499 1.83356083458 1.83569590252 -0.0583744726983 300 0.43018426654
2.07162124905 1.7643682563 1.91341653072 1.91341653072 -0.0677129129455 315 0.427619405063
2.18100864343 1.83059980931 1.97776135663 2.03147035738 -0.0603605786423 330 0.425069835904
1.97103385842 1.70289955304 1.82729429675 1.82729429675 -0.0760724930257 345 0.422535467886
2.60251725849 2.06131168198 2.16885985923 2.5218606402 -0.0555589075197 360 0.420016210376
1.98234128044 1.70471080412 1.82542064132 1.82346257251 -0.0775283931128 375 0.417511973282
1.98750361921 1.70735123798 1.83126061252 1.83126061252 -0.0731640544495 390 0.415022667049
2.41255193789 1.95315164093 2.0784005934 2.26867170434 -0.0635307737711 405 0.412548202654
2.32697573685 1.90523476562 2.03437048521 2.18420636798 -0.0634834340349 420 0.410088491608
2.40522146937 1.9466564762 2.0655149757 2.27554124912 -0.0549556577967 435 0.407643445948
2.53769932658 2.02073166169 2.13506778184 2.40188515992 -0.0546186727598 450 0.405212978234
2.44717995824 1.97064316798 2.09108958131 2.30433977974 -0.0630244488157 465 0.402797001551
2.81828825736 2.18521684647 2.30365507366 2.65382441121 -0.0590874588262 480 0.400395429498
2.72665525206 2.11934514192 2.21956353444 2.59910257854 -0.0563447792521 495 0.398008176192
2.78381410848 2.1502992863 2.24777404711 2.65662002374 -0.0557364128086 510 0.395635156261
2.89601594723 2.21083599308 2.30374534591 2.76973354986 -0.0578564351069 525 0.393276284842
2.37627699437 1.93623584456 2.06454621355 2.23410428716 -0.0731372823223 540 0.390931477579
2.31925530782 1.90529192847 2.04135626541 2.16908296889 -0.0693850898847 555 0.388600650618
2.44519416626 1.97289622401 2.09437868257 2.31333768858 -0.065851229451 570 0.386283720604
