2.72644380976 2.16214216241 2.32704070258 2.51673784251 -0.063375625485 0 0.47417222521
2.34642530037 1.90312058996 1.99510504024 2.27361551488 -0.0573455184056 50 0.428809178394
2.54862185194 2.02335374206 2.13179761047 2.41957161269 -0.0570314242381 100 0.387785917645
2.59875252165 2.04381206798 2.14119336739 2.49367423464 -0.0554793035701 150 0.350687264874
2.08124147377 1.76229181617 1.87819297842 1.96605685216 -0.0681431481777 200 0.317137761195
2.29181801205 1.8753308082 1.97978584679 2.17578855829 -0.060380444628 250 0.286797867073
2.35636418317 1.91676743813 2.02141811796 2.26183255831 -0.0646034961821 300 0.259360525999
2.40889763381 1.94716530559 2.05475314031 2.30381989003 -0.0660195909685 350 0.234548056906
3.20874735118 2.38009589559 2.46703094552 3.10997104692 -0.057032403262 400 0.21210934388
3.16167166185 2.34473169568 2.42595883993 3.06276152935 -0.051099623587 450 0.191817294737
3.2411882466 2.34183193842 2.39548337117 3.22610714946 -0.0486480940268 500 0.173466542713
2.71384043712 2.11367627265 2.21379775865 2.62202224432 -0.0598185687514 550 0.156871368049
2.62622763409 2.0663117278 2.17231338387 2.51442764339 -0.0599908842924 600 0.141863818398
2.6044730692 2.06165284471 2.17851848153 2.46324564687 -0.0578319298554 650 0.128292009057
2.59047998384 2.02870260627 2.10832602513 2.53519263341 -0.0581011735021 700 0.116018585808
2.27730035476 1.85860796202 1.94985817702 2.17771218068 -0.0599914746199 750 0.104919334819
2.05377869413 1.74581794727 1.86472156003 1.93543221303 -0.0662778872286 800 0.0948819255312
1.95366543388 1.68482705337 1.80515284924 1.80515284924 -0.0637547333156 850 0.0858047738107
3.32161801412 2.29696187913 2.31321235442 3.32161801412 -0.0493890954824 900 0.0775960138613
1.91982486308 1.66457891727 1.77719598485 1.76716543488 -0.0670330128245 950 0.0701725684919
1.88810640745 1.6453656825 1.74736970032 1.73316407138 -0.0703588284783 1000 0.0634593083293
4.05532978376 2.69384932169 2.71619910563 4.05532978376 -0.0418140955553 1050 0.0573882914675
3.91104438672 2.66875271804 2.70624400386 3.90252884134 -0.0420883369229 1100 0.0518980758578
3.69422132301 2.5730786767 2.62342348949 3.68185191374 -0.0443255719466 1150 0.0469330974815
3.61076871668 2.52326688568 2.58068411844 3.60996140853 -0.0453459290434 1200 0.0424431080113
3.91020714061 2.66131970733 2.70332617978 3.91020714061 -0.0422312632294 1250 0.0383826662701
3.5984478958 2.56979431747 2.63742313721 3.50123634062 -0.0498097111765 1300 0.0347106783417
3.4429069213 2.47848877537 2.56628274974 3.40163433298 -0.050952384582 1350 0.0313899816773
4.03604239725 2.73489485452 2.77398244727 4.02909805808 -0.0399638729628 1400 0.0283869689897
3.336480873 2.44778657594 2.5355573335 3.2660005501 -0.0518329146436 1450 0.0256712481297
2.89740780216 2.23065312375 2.3419729616 2.75119023339 -0.053054373544 1500 0.0232153345
3.28629399838 2.45536677106 2.56778982311 3.13081170859 -0.049080981875 1550 0.0209943728962
5.5573059153 3.65049689753 3.74031632575 5.34895649694 -0.0359373062171 1600 0.0189858859585
3.91813297789 2.56120547383 2.56415361076 3.91813297789 -0.0412469585818 1650 0.0171695466881
3.21062181959 2.4161100476 2.53966386167 3.05990867774 -0.0593920882038 1700 0.0155269727269
3.10577255496 2.36474568227 2.49678198937 2.91728368089 -0.0618036888084 1750 0.014041540318
3.09768437554 2.35645554624 2.4835249265 2.91948312712 -0.0582832397287 1800 0.0126982160638
3.25011381668 2.43946281426 2.56334944619 3.07813845291 -0.0499707482025 1850 0.0114834047797
3.4539149706 2.55251115718 2.67488051278 3.28759794842 -0.0537739289003 1900 0.0103848119037
3.20080197304 2.44124783287 2.58810127458 2.972447818 -0.050690853447 1950 0.00939131906812
3.02570120184 2.32062186473 2.45296205065 2.84736503553 -0.0542300693794 2000 0.00849287157604
3.03355496713 2.32439946557 2.4553552633 2.85164401544 -0.0552553121098 2050 0.00768037664187
2.90189287339 2.25120622631 2.38710252966 2.71888095348 -0.0613826160348 2100 0.00694561136747
2.87056913012 2.2350474228 2.37293044065 2.68807863226 -0.0619953819041 2150 0.00628113952185
2.88316888263 2.23927104724 2.37186284928 2.70792844414 -0.0539210951039 2200 0.00568023628239
2.84377690096 2.22451112869 2.36986660095 2.65375354556 -0.0614082691654 2250 0.00513682017595
2.84960863908 2.22649582076 2.36723749581 2.66749545251 -0.0568950807565 2300 0.00464539153096
2.88845243516 2.25005637693 2.39404910443 2.6954889795 -0.0584859148102 2350 0.00420097681771
2.92998386396 2.26935120217 2.41128017828 2.73423479779 -0.0574385001919 2400 0.00379907831349
